2891
147441
932115
214677
944055
899139
195206
808685
409434
642365
488178
676343
143966
274439
337555
227192
972324
546907
994282
523752
106528
911287
231334
591854
563088
207902
389534
966077
269641
738117
444731
913098
948844
295585
594419
667817
904120
492170
889776
412035
405369
866444
224527
962678
781599
60491
112195
395017
980457
611920
328282
258379
928064
354548
521816
40199
58144
458087
562367
482405
497009
450846
437488
975584
258356
291543
812203
415391
671001
480522
660595
381171
128941
510510
248013
143084
692336
248932
5990
846808
619908
325636
556436
884633
680770
336643
51573
733986
616999
292990
605236
829774
626028
278053
950826
861085
471091
159814
63584
922187
96477
341813
650227
590926
278200
662550
166865
578477
682966
334471
265311
741816
581561
919980
72125
431208
554410
509080
186017
581779
588777
100948
294560
900107
883838
525968
271627
433173
484334
141540
906358
851713
929865
602369
10388
891051
573344
532280
12606
666764
438933
174118
111506
243709
24458
324988
209080
187018
840507
445287
406144
78255
378984
290656
290727
520562
249578
571410
257273
127068
890215
955810
145680
540181
439265
621472
308346
240027
348008
733066
456697
276447
556528
180407
330723
692540
373437
824615
744938
384020
647867
429092
963446
349513
434986
248980
552046
282709
504246
791582
584470
285255
130532
576311
76243
934619
395177
12296
931209
871860
11541
518078
53477
436088
307500
583277
297078
248584
390485
164194
284790
18843
975276
685380
665255
298486
424306
705701
227673
106058
47396
113323
276552
221417
887401
297813
959010
89766
413028
539436
687781
728201
764330
156553
604071
759852
328845
58429
694256
586358
163543
302304
364673
333041
792019
507321
597752
755785
85957
240071
575115
317347
379129
119850
407666
368983
360376
318001
88801
194508
76312
38657
22771
858031
20587
911454
579298
30800
332439
391641
317619
158617
41990
967126
820591
981227
639091
694969
463051
599830
241893
481709
258601
849717
119993
678864
372855
707044
590103
609150
678197
157088
967687
198777
428565
500921
443932
157234
728955
36598
903374
927798
280420
92293
104038
86136
73699
210653
623762
504887
239493
817010
997848
165900
737430
474004
343335
742610
178429
336293
374089
403250
652418
39989
513398
594697
887600
850428
396098
935481
750102
562995
285429
637641
45799
909135
185275
922170
131969
343131
836722
329383
619531
629232
169697
719703
67895
698964
412873
120227
487527
685165
327123
319806
940395
798880
153896
806
61353
272139
547488
912294
76310
221467
706194
518277
862880
107210
275594
17423
828142
301112
940568
337725
189055
561509
866501
284227
729775
121865
583649
323959
882200
931408
115576
205209
676821
740405
393187
922819
91682
750906
580730
544622
274975
754753
238375
29662
832435
501707
542678
941931
519437
337994
951944
526830
351622
544228
266375
267716
899107
578823
722676
583874
266230
635619
672828
65717
187811
767689
625321
828244
468928
956254
278100
746437
500182
791035
200760
250376
507461
393893
756579
268228
376388
361636
227718
570412
59525
955458
549035
269390
745526
581985
145797
740216
549860
975737
268451
228359
149178
926446
421375
275149
610472
438858
447219
312926
168095
657756
546315
396407
188728
983020
791797
964940
682484
11161
226581
110317
806110
697938
53877
664916
143181
170925
672346
984141
475270
709863
911346
628162
848446
157049
528169
706850
571452
248979
67098
197358
655197
513271
306274
764896
108081
671797
563153
918456
206595
163455
925626
911716
810487
699752
143786
882763
987979
18173
763317
345270
142208
805440
672043
290587
201234
896253
745706
465032
949602
496652
370573
193128
571893
538146
603138
106293
404821
131155
6458
873531
69845
872808
528697
878725
561586
482392
98253
22054
313941
432615
393691
27621
321525
764056
371669
907590
871386
917584
745287
665009
693308
719369
630737
403074
771530
993327
588847
3244
989830
611419
460276
18314
783373
223913
247958
482948
103669
734264
6562
30490
564943
682429
524624
590480
305355
63556
575601
157942
80059
374213
53765
707667
398128
93407
269289
113966
803968
403379
533613
645176
588330
176288
288708
537369
617040
970838
24404
85141
1314
206297
945006
740123
280028
601428
244375
428586
676005
393879
117317
121184
165720
727663
43877
718945
924768
99809
414169
974624
137277
443075
388992
576909
317539
117814
610925
325467
753473
187459
223481
55341
143967
841937
735923
77660
737888
613056
58166
548199
997031
395750
796116
403128
120534
944420
188846
11535
407410
903204
968421
30157
856674
47153
821739
326623
893910
261490
467955
989509
805765
252932
269639
884222
393486
229235
539831
34514
596672
521429
330415
675196
586549
291204
88674
453105
492121
284022
126819
990481
681609
283387
422674
157929
549846
805202
852723
556899
826216
550439
612570
174731
473343
783213
223299
92926
260565
25684
898558
262321
74720
654631
908615
208091
16499
467910
681651
363840
359812
133051
636743
728156
37128
247034
466275
745192
251259
383481
97436
127819
336316
388906
572903
728096
175956
381266
9328
552352
104023
548551
356746
493612
995811
840458
350530
470394
308613
471678
952716
91993
29116
881541
456799
885026
455765
192182
407452
866557
572853
395388
768169
101389
102261
330254
469981
473401
858535
398726
293588
699032
457079
174433
723681
202424
473453
283474
398435
258827
856335
436419
625456
677679
284324
681769
818031
201689
657747
236482
522946
154077
311977
233454
88480
658012
892601
106023
141696
568842
127005
418143
109105
611418
549467
806197
109703
344777
361572
143699
958575
756292
10742
405926
52580
139383
6496
962043
533114
467508
18661
130931
955032
650811
794746
800931
338499
19692
990314
352330
889877
247366
718490
877487
842892
433691
316262
796311
602942
51666
507753
16608
393066
224344
457820
674877
189354
15013
735126
208399
218566
93223
40241
271964
734242
389709
213005
368430
247127
252593
926190
742730
50142
819362
171649
833484
645352
823501
922684
453916
622540
238408
576674
827343
349720
995004
612582
956252
515464
258220
627879
984952
39381
480294
946394
880785
833124
988676
245766
650276
243999
76319
583592
334780
381089
960018
896822
318152
847499
34662
259265
426519
10292
297311
257843
913650
322557
372898
902648
18902
843330
937473
364026
320268
103468
674085
931204
281063
312995
356503
510728
587674
796705
585259
579964
323059
530978
291721
995358
448632
415223
638233
534744
600028
733370
739402
657984
555742
815644
771328
683126
282367
911322
970264
413232
201566
894862
297433
564883
245745
436322
996728
947447
351586
222239
878535
19725
5892
905507
283836
315229
64816
731505
427610
224871
553280
325475
657854
397867
243943
688570
693256
844741
267372
961558
241828
829808
565761
356737
88180
818987
56708
970213
4124
481528
52433
165470
183785
7553
576770
711210
767647
935702
185668
448381
863901
315153
465495
4466
918447
959195
876898
621595
978928
569607
552624
651641
46426
830556
783883
45895
364268
765936
19059
906481
979254
620463
120443
388322
438596
598459
227585
752763
128421
822893
313480
281311
221655
154234
898356
946667
106320
768626
246625
344195
29227
943777
619999
238407
142062
414424
224078
838949
223604
283334
302739
921865
184699
846847
490932
324079
202252
926495
592918
987672
752899
365320
785744
226138
340282
281094
358059
786706
585302
499156
839672
336118
132141
70264
591566
840901
447891
863881
307999
808095
344448
661521
689718
189425
815583
394189
911184
975112
221365
352017
408020
351239
768364
80328
360495
849268
10428
379225
470352
823084
477045
174054
23229
324535
764971
71534
985809
393590
420478
91858
547667
99513
265860
19701
99443
446445
701078
918204
921443
444914
645940
656757
540559
724427
651606
331347
816571
902319
449680
459351
952
285756
589216
357323
481923
417227
679511
690601
300282
515294
105442
517592
173820
465014
752309
658006
601627
478914
832787
870833
219136
460721
30139
420975
334172
400936
514994
601549
885447
493647
27690
463460
587063
923910
877964
728488
621342
319286
283111
36299
646175
846338
802548
304383
261103
410779
925765
832600
723653
280755
324106
515023
500989
948681
950784
899363
678607
919203
811511
745625
583526
264218
949822
450213
699808
753871
343085
325665
124129
283963
286350
705146
111188
654244
987944
28138
862975
803116
874410
368607
565442
113284
483889
478715
270124
599613
828790
915509
424378
8063
618775
379740
39533
407762
288320
750716
317767
447322
908406
493081
570913
179744
842816
465624
305132
809547
784434
805949
610754
254829
603671
114319
437864
337529
164474
916888
539299
487315
466449
33097
171187
93568
472839
733242
977073
760700
841189
156622
413184
879659
316636
78645
115699
193447
759281
639179
117499
226360
688901
175581
2251
968609
209152
945804
694154
114071
380634
343627
80884
742861
787653
516739
237326
559722
748282
187605
921220
285404
469407
13183
149280
31238
394962
917720
291497
780373
296085
788917
526934
58608
880470
696622
56429
164814
424601
965627
535805
843041
431812
6839
122036
183344
744903
667655
970142
282946
522662
113620
27579
172278
327268
606259
210363
787120
400525
17894
419480
570606
37921
6908
753488
910072
785816
688083
10494
744246
646486
735614
691348
922587
746221
932993
390391
94719
912905
14393
950071
985867
569020
10265
955498
622606
276711
225359
137380
253228
834753
350085
403092
202229
256711
960131
979134
767380
676160
40497
611920
855454
144300
318202
324324
861962
581065
449101
801169
387328
314369
682173
372206
184970
218291
7240
559973
897383
489116
938869
50991
487358
108642
151318
34481
45296
475709
84077
280243
430470
103170
327979
354809
697033
34893
802772
526720
196721
706251
54590
429398
872821
866978
780791
739670
539329
513277
538374
562303
694086
100279
888714
961841
583083
840419
153984
293443
820001
9334
567712
710083
182356
268434
92902
794827
355261
958895
542446
459836
144084
231656
123256
574490
142691
677024
971148
545220
309558
134415
476791
39438
429679
536493
486515
501053
332022
102265
810404
387614
621965
57062
937023
109635
21761
329955
136197
357531
680508
684677
457645
15213
707576
483284
889696
175345
273870
790703
468574
421259
217836
68060
310142
343013
629541
57328
227282
721575
140899
972375
509289
203414
325367
936577
397230
552070
553297
93162
176493
643517
911563
669123
664566
704742
907359
88386
494746
768750
750393
857475
257490
474303
418152
693721
973823
386135
255342
675190
437325
287044
625078
781362
722096
14590
491301
870971
871696
548257
956873
89882
580289
841413
691566
742174
457835
103548
525263
495015
151881
831015
310250
381904
742861
55157
318572
901242
77088
457977
295436
520498
606982
731495
842420
762110
272096
634220
490457
268041
250443
722407
614635
139944
232038
23239
380904
682760
716210
940290
459148
733239
372626
211950
910179
658635
162033
648128
997374
372210
238082
660832
686660
99992
239331
204709
269024
550575
402523
177138
294552
651742
269954
444972
366206
268040
187840
129367
696319
853111
727853
256588
42904
708901
378328
821273
615657
975719
335267
875829
634722
276854
557067
71198
884185
869852
54790
157585
964350
868024
483781
43813
383974
118445
733401
935685
323331
37805
854578
803144
326837
920669
307842
246575
139321
157286
21887
956410
576127
435672
209352
812327
858330
971642
453279
39688
566545
669234
6037
29504
282002
505165
68803
253018
840518
929004
264052
643973
894592
306572
469024
915120
712399
344048
917011
616510
969650
547565
412205
529894
23531
463122
870722
189866
170092
439410
672673
535090
184942
181199
936242
973829
515169
905956
71097
610403
556350
560207
399095
746689
434936
946393
651439
453281
217552
175523
105734
173582
330504
327024
81283
192881
872431
126409
639095
848531
835739
17617
822838
307120
680437
639589
145731
552692
22318
118703
290954
193173
111696
892040
314758
857804
876335
338567
193731
70193
311230
111211
344574
451122
612861
501600
821352
38127
114512
982257
728713
497717
724652
869131
980673
995222
430954
367082
601962
888162
91326
765091
31642
187012
866881
436108
244677
953530
179498
448907
987519
996146
265499
694266
761630
981246
77591
39860
515582
133684
109010
250751
120926
269605
776225
806550
147367
605112
333457
467985
508877
815394
29139
89075
96462
588163
108628
248912
176728
378592
217643
192857
121351
190969
56620
511046
266764
636615
547546
195038
220585
152404
20345
95142
710040
617142
769216
375396
135884
865961
246765
25166
519567
73928
440819
245716
908490
192360
443407
140999
112291
616977
481336
250532
117825
280090
785077
278657
549803
201376
290760
617811
758862
315811
86280
199258
405789
971325
332108
676393
560467
86143
20483
789
824660
919209
570593
317050
396721
899846
728692
799909
669386
725602
731733
786081
503374
696553
232505
88993
47390
913118
771175
870791
948560
884724
713156
351631
992720
161228
740106
577435
709600
209740
335511
804699
531199
288600
61218
84248
168424
438064
833032
692638
862705
852582
860421
166020
223636
738106
453950
609561
103947
201300
721274
151981
924948
127773
721777
974393
782676
305914
305981
115564
266264
502438
647021
886738
557494
387626
128185
494115
317074
818684
835919
685670
933181
98290
377547
902016
587703
183073
507014
695517
297493
43862
16838
648890
582846
156784
100243
626188
671375
789208
753769
739600
231774
921823
553481
611184
210908
863410
635882
849167
32852
212284
89165
738865
616080
428313
492078
207114
672410
919410
281750
154722
828768
422201
357261
872673
176177
854530
678509
802684
922660
222717
637266
840892
696919
568012
71918
24296
569045
365637
719417
757455
430481
139141
783493
55284
425935
798383
820335
809110
928482
132544
369330
891290
173328
361616
715285
721047
391313
87592
538821
423678
938614
8058
159613
26596
849383
884097
470049
616558
511173
145654
210283
773272
81518
881452
762172
435682
732830
912969
268436
795607
926579
440993
613213
685819
280585
168240
174049
586640
159299
560628
249757
519685
110187
18149
37677
262844
377521
806098
520998
781814
749264
657561
124034
183134
313038
473283
905270
605294
469986
843002
928544
781634
468719
139815
633692
354103
839599
669676
533558
965183
72683
988475
221689
23365
784486
165137
414694
145975
110426
375315
184065
303797
763994
648387
468165
809684
727126
232095
244599
163535
149053
15638
698071
527178
28925
842792
2227
477124
418854
168473
239063
403482
763244
295185
663839
440306
312587
701843
203245
207178
890821
620312
355253
637661
452935
184839
46581
568431
970410
867988
681986
571382
957652
710322
10814
459045
239103
330550
69030
123989
476562
464714
78856
783698
47851
294410
884753
493824
566846
958910
443780
730729
847767
999412
494791
153508
552891
750906
198744
754978
175340
748981
438237
696280
648268
959585
127512
675333
704153
215654
793273
80735
212247
42387
236685
398366
100619
749561
325205
616420
218595
135591
158897
121991
967603
982013
775355
691261
839834
798383
986353
150499
716931
678616
490954
976490
607495
276280
120105
690718
247856
329996
161135
104788
452377
743113
211691
492528
844145
431668
450861
62416
387230
755168
255864
305369
803070
870277
623637
979420
70280
721082
732932
628772
641233
796880
906574
593886
553131
563530
448118
762469
651496
380092
286349
168938
181052
701759
864037
47549
170816
204174
795613
801850
49683
494144
826779
639314
193243
694242
848025
45045
118505
961840
658134
777689
860218
26160
546796
298922
542426
622188
614273
55374
208804
939146
516823
665555
751908
834825
491583
483000
644829
909210
995499
937429
370342
774169
529696
443047
605295
216486
94218
873148
633185
477796
217769
407863
534756
124174
767338
145921
640890
873713
575761
256589
839048
707018
674705
214789
679669
976252
32254
149270
34283
927981
293401
33557
275003
178687
498187
942220
388957
755494
403309
540966
79188
305771
669380
239218
256688
380028
876618
560407
222381
327725
71207
513045
369273
361679
335231
883955
178323
16939
264740
770955
545999
444508
681516
935726
879862
181382
586590
891701
750922
373303
614150
699749
880551
969560
278120
729406
902660
270095
103121
120544
609625
568757
834120
367835
119963
5615
820772
494545
697187
822507
553143
66506
701100
932537
965544
403860
746299
633923
274527
100949
27481
45355
868185
916975
79420
601791
166427
243726
287044
273371
518915
252369
247905
602140
140281
633618
496337
105596
619205
824084
170887
122063
269819
933128
717095
862169
433937
948604
990702
565514
554257
603809
324271
645591
860457
431479
481720
744181
32928
399575
904851
326516
661155
769948
768232
719095
757950
585135
268608
282124
33830
993710
947108
175212
598642
291577
145188
564240
63338
285337
154675
905261
699320
247244
388848
331982
389307
801713
351487
509518
769851
72524
669974
176750
273270
100407
67348
704601
264729
539686
250315
435633
806666
619797
232030
311957
81890
430800
948678
896178
616504
958430
962991
738371
179545
506251
719551
459878
521427
319761
559222
422044
47792
289507
30832
87005
358593
484693
728136
515414
218192
567403
789527
656960
522359
733052
860698
381662
612942
528834
836593
211
21695
361217
874628
714077
940983
70546
685184
183218
441141
63756
311615
874293
413444
652813
179462
857173
641093
314154
38631
849923
758566
360561
174471
180237
821935
461655
970618
42204
460027
771651
587466
895750
481027
664565
488855
438353
315862
788245
619352
99909
758437
454420
786240
105709
609402
651201
703419
132202
887625
508266
351447
737203
450719
134572
662720
447084
495287
416474
292
892770
513772
33798
46581
131425
893000
173871
711692
371187
781114
799559
23723
264949
657830
129887
478427
666903
603159
567217
716660
124399
251728
511818
910971
919803
238080
400594
679525
213233
932563
938425
787194
512261
918629
640640
793237
853047
69393
241825
875528
421205
346920
27484
876764
567828
636797
226528
354997
693127
321821
722578
916884
106234
929885
267836
184503
288430
955979
253461
574299
955760
356166
949801
245410
341336
895402
823205
670799
833115
651875
929729
488301
946766
408291
440266
273424
510392
666798
559819
105715
990418
481554
836119
252672
833693
192181
809974
595759
110368
505991
916778
258822
617085
993430
733148
175422
921007
463999
189224
281094
399906
437442
322690
66656
421679
514095
605443
882858
479795
813053
145812
463223
349195
737210
268853
968028
125677
437980
445099
180551
891558
720501
319684
789129
100524
480837
830472
398836
523935
455401
854078
727135
491617
370866
142423
16902
540110
762641
499324
737102
192986
309614
73583
908135
925254
828567
734432
158603
472063
560597
489935
357411
385235
692059
963480
829128
488144
659864
771872
698214
142267
391147
522522
803837
995626
815158
883127
599937
469759
81996
124392
157922
799809
125892
979921
24358
658904
177583
27531
352497
830501
722534
16150
875111
815996
407420
434394
606952
108287
251538
22616
729018
286424
972170
975602
953413
598354
750676
310355
976695
158676
71460
963900
759879
739388
53892
966188
788631
630676
384133
766699
955571
386484
86865
763956
973239
315828
879068
977277
622221
227275
791801
694244
900178
754889
180425
763064
119706
698221
56014
515680
337546
110500
342237
113580
395364
477151
607026
928118
863136
422479
107357
442548
335797
985792
893787
31454
817783
412047
417920
362614
558618
819721
510991
506808
834324
665890
924460
333664
47073
83919
652136
301651
595872
246016
321148
799595
241243
158653
570449
778722
469476
997084
74428
192986
288474
79261
976967
248838
535307
374370
50666
814457
783859
152334
925081
613257
189091
427384
650615
116255
249277
224844
506280
89822
649244
429374
102596
122670
376528
307564
330279
986020
683974
452240
729637
818384
493319
307230
690459
946594
38487
548480
143712
649913
87677
126188
920091
929674
345507
34334
727086
129961
521043
6711
753808
224503
270177
851698
214521
672105
403560
113407
887030
520240
379756
489342
625372
909322
483231
178073
726361
473957
417535
32382
426470
110379
523548
497912
999193
7535
457463
238889
564694
872178
152326
817702
294309
766865
982741
112047
981664
751503
207366
443337
615235
730299
8377
625914
2470
377790
88582
288289
761286
660419
737447
888303
384767
257155
4787
630406
88406
411820
531781
80556
190386
186605
201595
276011
