2793
882770
389096
385373
35160
56622
95144
827474
882814
696438
996082
629341
406520
188664
387139
985062
217349
391674
864301
877461
680654
647088
984648
150362
738407
389527
711558
367383
911348
614769
410853
669738
126249
486877
887997
604826
51113
85778
949945
559517
75024
162552
767330
947779
43340
454819
273047
27779
866918
831852
102361
961953
686495
908142
291715
313144
142197
640282
373399
886377
249093
666488
182195
24352
727754
452731
284258
190208
494211
260799
692878
601131
810483
369569
991699
154159
490562
367291
993136
451408
338113
575354
102999
282030
154379
143518
192356
488979
782598
89678
340330
58267
576265
892502
47272
756992
414872
945022
666138
139201
510794
287560
412460
76847
190156
776517
235977
940500
861630
913620
902162
133696
799931
950584
906283
553457
677494
152981
532655
239710
356607
424455
821507
536928
124069
81055
140360
147902
724214
439163
20266
226579
62306
660097
987798
283678
377918
458872
661960
320742
223844
794179
56578
102024
149303
546618
330328
231263
517444
683302
190824
44558
847172
961689
200872
257196
385534
42600
893208
382157
118793
230343
814806
355369
18223
729663
319952
669036
214573
417166
344147
936473
969368
951067
910402
496220
72089
447444
936163
832426
978393
121382
55572
633815
399928
575000
470619
542580
956214
818693
440923
313186
885748
792244
912289
413880
894037
715541
688990
664780
760063
428891
189040
274722
528382
470768
252120
146543
147591
408793
774928
831560
944345
352872
811766
369708
482687
231192
6369
512298
6194
651912
427221
352624
686876
858071
357713
289202
106936
457944
625733
857587
87445
734578
746912
441523
2681
733207
379144
697974
927714
922527
266787
642476
386792
848256
301010
30722
331134
3052
916414
431364
27095
393224
48970
71725
863525
769476
914536
288461
556412
661723
490952
466389
619542
299881
305066
233090
977903
967268
480596
637092
674129
772664
764064
270858
937386
947139
140461
61324
481049
241642
216310
163765
628615
866582
212671
961803
812530
645903
123115
487611
206213
463923
405739
254246
102883
944530
710033
279106
288899
987305
872130
610542
521013
250042
507722
183639
332867
82564
47370
421376
168499
871908
283212
732209
257256
736392
766711
226366
83816
338188
8926
782322
860408
779571
922034
165529
91619
465539
405848
999975
512794
368829
340950
933512
295797
603895
555494
104197
23127
909208
225645
188367
431024
135216
11653
399212
382813
586929
878262
510267
163498
489998
731460
284645
38903
134831
658786
12002
199544
790798
462916
701605
898838
223409
859218
520614
314547
537604
652408
606026
265995
84178
138010
890160
847861
586016
20133
789338
90697
217190
100417
464310
331484
96107
562787
258248
79783
343804
965694
753399
345734
930696
143065
804273
542300
59931
989436
974075
220883
908661
654724
312088
156225
853574
693014
623253
177382
986377
75504
212655
174738
598650
936795
246882
884451
717557
225021
112016
759340
992813
297866
859594
153842
58245
971547
405245
864336
114254
11031
577980
930362
21854
798157
663717
206622
775305
948452
705331
84518
487359
666282
349472
184858
917634
129096
991861
786147
415682
524758
350447
622571
768342
3595
849039
861343
452633
312525
942783
983062
830623
869735
966172
487563
675731
35865
360612
26886
829423
196936
309565
183642
708246
211990
718048
393479
509521
507532
566368
650367
604644
862772
549723
478534
854092
175876
327036
578674
375064
65972
997674
423314
327841
331825
663504
708523
220520
253418
501194
358366
148362
888007
84137
236837
37218
454137
19939
651388
714043
15148
425626
863836
8368
524314
806919
475362
844643
727737
716611
313039
520598
769940
425074
521385
919081
863032
398860
539646
885680
69892
616073
821000
552944
259428
269864
183980
411639
417815
751965
907613
655125
327723
659541
845533
52346
975499
796647
274724
408109
786031
972888
923865
820519
373297
623883
881021
230922
294080
128003
783719
635265
483245
212567
401706
740981
576099
155889
811858
803432
202100
663106
906189
458162
98510
169094
478631
392534
260428
653679
551214
981761
890792
88177
941044
238942
897487
423849
909939
859672
210893
991722
189579
260205
69095
499750
785766
412460
45448
680630
771452
118667
726611
510726
612338
842791
798551
550816
809694
264664
953440
44755
394982
85808
545770
449728
184006
50769
252401
273728
825839
12456
164132
369333
549133
129226
56504
239020
913313
818409
569368
436204
103437
416690
241465
661726
750127
800263
279948
594712
207908
683220
859277
164488
522926
317328
476409
20921
308976
48466
457628
563525
4566
300045
956232
965592
1425
947754
989857
709788
215296
958913
910998
105542
857130
896307
505962
443965
200360
450086
771184
490274
438752
231902
490389
207872
40300
347893
337111
440529
124376
713847
17812
182379
52490
63516
911293
378502
795005
855330
751401
251626
303461
557639
377926
982841
505079
815968
567146
957078
444545
563033
275272
613233
197684
834570
70141
381361
363714
183089
609610
879996
899810
867730
736093
694182
286449
140072
124360
249587
995698
47366
137171
634123
725366
234575
371180
312249
516503
697358
658045
535455
836382
845171
785494
151226
41924
117675
182345
972302
309014
843995
917909
400558
345073
251896
67194
297898
552365
391621
275308
509525
496087
990122
793570
774257
107990
4334
385229
742586
308142
881233
441062
637900
952035
822857
322208
630321
651445
687767
364925
826123
824202
924996
534333
453914
615466
588925
588464
438315
222500
25352
356717
493662
741453
3426
707355
863250
13544
390903
971884
247471
190433
366653
76714
520271
767924
390638
565225
862217
200619
33184
578845
849180
240068
959106
785796
882741
601584
90677
363395
37981
793016
742469
900943
800066
306491
724034
187074
840929
118482
933375
122510
867148
338260
518822
866445
720349
917301
574582
78326
374071
993673
406235
359532
631925
362087
692329
265648
228275
598248
411956
423095
124853
463951
711630
866455
984759
286594
936734
201691
828625
973879
308121
32373
628295
691626
674784
589971
391083
741642
507574
96650
579119
981876
682396
39791
417867
14614
198219
331269
439623
741558
150926
787408
884902
868555
239737
729032
999471
925449
384201
727017
327833
867002
194778
930471
285522
429960
970559
449407
413356
518935
38274
618793
593444
2383
330808
589802
192849
360951
417855
858181
242982
988605
147542
956817
175843
915858
914586
879398
950238
57202
330137
678257
959146
551681
503957
677031
175457
278225
549783
740630
873492
839616
453932
381911
728139
440958
812737
12256
185531
224749
990934
927094
174211
767201
361442
943999
982178
553670
830404
774774
114874
399393
715616
588727
868857
79855
217950
975546
859818
419369
157307
549660
287575
773865
549450
174233
627608
361639
124043
838231
971837
703644
930534
734747
107795
586503
744069
423326
298647
808333
383371
266042
248565
562363
486964
5503
224891
181800
978698
868835
430111
853046
467137
372501
706857
153847
679472
645042
50558
60267
183852
210897
539659
333287
301571
855929
481866
932114
395922
223794
987700
195850
84611
326008
697411
844004
582247
565836
478499
969551
583084
235174
183092
778905
828027
949317
151742
647308
673073
772198
362546
986865
399927
586323
343065
863732
644800
729298
52316
187495
881566
619775
549038
442465
943170
273396
349146
453567
507534
339556
2724
450634
414809
731975
761631
295353
292478
767343
312395
397069
764193
957946
671208
640922
727424
505760
349467
200678
273713
625196
793916
159978
862461
834376
346810
511221
931865
528752
195564
840944
637181
401289
660149
266876
914404
157771
378898
351800
30686
229080
61571
549982
286549
749553
58579
802829
642714
985022
690758
122593
447787
706442
330527
633086
789444
373330
297931
487020
892318
898802
862957
4060
71176
54208
780103
694473
632993
261748
860801
434618
27888
456516
848537
802724
96864
155535
652328
385388
290459
426287
209293
835657
385
152881
61368
785096
913029
153249
952661
767657
686372
261886
885074
450791
249219
283596
868943
385493
578917
938889
288098
859428
584902
211575
388867
255297
500950
652120
565147
876187
513045
245112
58788
984450
646791
313508
365436
888619
967829
813240
69004
564304
237632
330902
231503
524532
605506
25459
376962
952388
213507
454411
587559
26009
330996
34357
653557
928538
555276
687185
869279
47231
53277
405405
265471
49520
394066
889639
273055
360075
109383
468061
644772
289733
623173
915456
545880
966056
398489
501431
747410
228538
354191
472064
10244
214142
811024
563009
121313
72980
904085
488893
373801
320827
574023
284066
925906
618935
532917
341886
993556
737358
394289
62866
763602
190572
866056
130687
417504
453478
777563
852381
874997
822747
628638
726187
205998
145847
584877
326112
526396
461841
926598
306400
306220
788276
465575
861834
234258
79419
796805
164654
713873
7381
741670
136796
127560
416361
647196
138007
133852
567827
861214
34537
911902
480587
868932
334096
217753
866535
646495
461974
222459
122551
838002
438910
542109
335758
371857
792858
113521
534304
168469
769978
384071
731015
372537
286271
207484
201824
70869
414285
499199
547410
19380
301726
32321
125230
540436
334004
424889
294450
609913
845031
943825
150504
296750
213148
608240
70188
987993
251414
388773
435402
592058
49574
159341
517893
83328
4414
727073
714869
127560
873060
166847
336968
814451
80962
962771
286889
77986
477721
537217
441853
280272
557398
993458
216074
834829
781885
102937
303218
805651
206402
851809
761822
143367
866359
927029
43894
579085
638430
150251
886988
432456
259488
553805
843864
662829
336023
19974
564574
354883
536326
923558
49772
991865
800232
50386
317375
794339
387237
667915
286149
253651
440289
449561
814590
491216
609711
941075
575100
804342
853924
51342
262217
890217
233797
752736
377143
906146
430864
221746
444746
991420
638108
698274
912902
764705
920165
258989
636101
346905
697467
19337
47980
995833
396609
754447
686122
909140
992445
230651
653773
119057
553918
639184
53632
146712
444586
946264
756069
332710
94755
618057
614283
723009
650582
461124
568268
779269
617376
212918
689158
54236
533724
845217
486132
465356
797005
657333
919976
829930
366821
366552
66087
146604
5296
535493
761377
314076
37408
592208
891275
46569
627637
258632
59867
566616
806857
970549
681823
514647
194933
587264
919483
766642
144547
115826
205565
962527
870066
378453
580318
645427
76671
854966
373784
617463
850519
961548
731294
140054
27893
277811
5629
239597
12153
875665
842317
383365
542440
444633
981971
948765
389082
107950
394295
309727
574916
94879
533660
681973
5602
286865
144801
189429
76801
262458
709108
567736
676582
984009
785614
419400
170847
326820
655695
417015
817124
447689
179958
933901
293736
386454
679612
840345
723778
11940
510862
118824
946355
967053
850854
141396
70291
488526
533765
719795
721565
891016
698575
639025
972499
245857
998978
521016
616655
689927
752916
699339
539112
316565
260009
396082
662141
435150
942062
576912
685473
486213
790101
228944
229859
147231
479853
782590
929016
821745
753948
911218
140167
103555
958972
90406
92305
177974
543824
70697
464252
459073
596258
321453
258811
176727
571770
104762
661467
568613
39357
335237
4459
865399
918303
471324
566857
984378
38982
934840
700997
275676
418557
875573
951733
159376
71249
608221
384853
585581
974924
260448
511000
908918
723531
881312
608783
809332
758142
869929
561589
458112
486524
877822
490261
395293
968129
298254
429080
543361
387013
653574
943471
410164
656569
180608
734937
621522
519392
844824
944785
57003
145864
428063
967128
709193
676069
269417
219546
590545
825416
131393
390271
592770
858241
981949
875473
853147
769614
716396
162949
650585
64830
306923
308520
486046
349350
92439
517287
19373
656255
755164
308283
263634
630107
910444
203567
402591
680194
831564
477007
162960
969517
626440
260143
621392
50398
923015
860821
282901
911386
299321
52740
886758
230468
652013
741926
564092
305560
652862
469909
985030
470848
309485
992006
951431
224918
618123
46098
282459
242039
245069
692834
44695
374976
508482
902903
915085
377576
884768
586900
390959
88122
923002
637448
105099
189101
44686
704219
543348
148897
594938
7509
30465
513401
258575
558565
856303
476239
850814
586549
536034
528344
111919
717000
852552
950486
749745
348812
928990
437556
162187
790786
253133
881985
482417
644550
184108
834636
237075
384701
37289
340376
995279
773723
961985
105532
987718
557903
958188
770074
383243
638411
42199
307769
265400
217971
397449
102594
707547
493281
137639
779028
840334
872979
133075
988420
396516
595698
920238
718964
275903
355903
574910
717198
280959
351772
353707
577374
325077
511541
495524
510218
824693
513289
245471
161838
826346
634009
361213
478680
392835
161579
449291
114333
462059
780027
62821
843222
94294
62015
671477
98234
988632
835478
352217
198873
587600
24012
240099
51443
406081
740044
802041
313459
150721
88931
488285
158283
907466
308460
74567
682669
353261
126046
95790
73763
844647
699374
51175
210315
740172
173090
493668
959603
21280
904884
210525
206157
373957
642335
704011
991823
106702
651593
583825
709353
24945
681740
452214
826724
583643
518178
131213
541780
971102
654125
935990
21241
114246
504481
86909
687160
456841
546639
609503
155825
13148
237390
616109
436541
838626
129224
814602
881861
434623
586334
920590
537346
423819
661817
671949
727564
608419
496623
168498
280609
499609
8909
430916
58741
372875
626631
286155
556400
787409
249849
501068
487625
388624
331929
932079
130557
142315
991548
493442
347051
522010
860225
510998
684943
887955
421534
445639
192409
265636
219269
615001
795305
357602
349682
287230
543018
485115
644308
187445
784072
204072
17877
687884
377551
638719
707208
658886
563809
112101
14062
83351
563028
59809
593573
550988
654054
658187
53934
530567
108637
999971
118297
859432
253312
548030
715791
968648
627563
628186
815612
903519
651475
274323
504023
63109
909847
350511
248847
548822
415358
875155
547412
492590
886739
915417
124606
496403
886618
372793
417374
71666
489966
698980
723104
582658
407672
753007
443225
326597
545806
765484
262835
806317
599014
488149
368818
595099
207093
144546
353250
591042
172520
785146
328671
943658
674622
28357
142337
622161
369344
329312
811874
446188
607518
852138
517517
543755
622440
716347
17348
484378
337765
112437
616430
552387
187347
579250
851739
489009
394876
843805
773557
321520
117682
212701
27206
330160
872999
652843
600672
14761
128555
45892
688877
308504
841474
681530
951763
849319
710753
106342
489155
520426
187141
911352
925599
157830
401329
638063
149126
746476
517698
681443
327741
716099
482352
14079
224955
694628
697379
296589
704657
99711
455087
67114
940020
903898
511470
214936
573032
193146
934969
829554
745931
306970
979843
133178
348412
446360
907729
686095
823782
603567
624666
609274
210669
728607
215927
994727
638387
798057
83974
6512
161607
478390
953889
69333
572139
811416
107446
428680
630912
291752
270403
275813
345424
598733
178609
619071
272056
63262
139401
9366
537136
981279
159255
710436
168312
928424
274522
436566
840289
326756
459044
932440
86134
38196
389077
79689
641157
792179
433838
685710
677517
159445
510996
948802
818885
891496
533540
83467
598151
764349
45805
567624
747671
814304
133326
647398
439444
299458
204397
267346
223226
125496
469777
41481
137362
888476
902749
609099
474103
648529
56106
825197
315461
932069
376959
675022
923167
948943
755888
73314
974557
852567
441040
933738
248273
712469
23444
279556
428660
753041
114629
195614
332018
198794
163809
855686
826383
216914
833039
382557
699060
188630
758718
96427
71322
759228
627865
969420
878034
164773
315176
723399
290350
373265
116358
537791
251600
696674
507
316162
532429
638713
42485
422334
503293
91325
261096
209556
23201
291834
651199
983429
46897
103781
854525
646090
933314
663422
759477
208320
68881
494990
264994
565951
986479
489808
648292
826891
248968
718444
365336
589795
925393
517982
93586
965303
553934
618229
645498
481783
182973
515768
883456
29639
895522
598371
342077
784462
981744
918607
477095
926318
701969
807215
741169
169038
211346
519734
160573
278738
835502
253975
382975
946924
368886
485028
523823
978444
482265
974552
563178
944947
157270
592240
570150
878309
233083
769011
528784
33917
200024
977427
883460
175194
506821
832876
939560
116663
759373
216681
174118
814553
472310
583686
159428
595489
561454
201327
243233
167553
865300
678216
73422
138508
888159
711110
873158
698789
716527
899834
51083
858201
764014
368814
992223
850185
358435
405608
798941
981184
887187
778251
181874
967651
600468
760733
47930
782150
897135
542628
967291
331739
850481
924841
624504
130821
589199
847134
573427
270347
698163
925211
229635
10535
773543
627908
406925
914750
881245
400647
130786
735531
298328
452482
762677
163956
757435
297729
614007
312094
798444
312677
51793
772381
130917
161632
463741
517027
260183
626140
363970
17433
929338
292283
854218
242347
749686
712697
227425
461886
5607
444078
970508
412477
234513
968369
132548
594641
12576
862550
581006
333103
104281
249175
360696
991307
227683
203920
107185
822314
401388
304420
385798
285973
101305
507262
401781
663529
541518
485682
736304
935563
571446
839425
891951
850874
539184
597691
555122
684349
306998
372223
301714
609339
319979
998366
235779
256489
657504
603486
159849
412125
767235
701274
657427
922626
644964
81543
102424
783461
645797
714961
345420
90603
819006
198691
477919
656229
311275
910086
222227
766012
406834
546849
210457
993991
504020
865502
728198
424252
825744
330606
228279
36674
32014
924642
230974
996964
818735
710650
373127
367074
968814
460475
740684
949154
443123
872505
884784
830020
694772
773877
575356
318546
401096
763487
932085
875286
115018
632060
801046
596294
517350
936802
634607
300635
396931
370017
627354
375680
604365
787580
262933
389925
223198
175893
737921
691826
469192
535654
948662
449817
676737
17451
548225
829380
9196
533598
756987
239598
848192
501658
146631
65934
884183
482273
255655
734445
723669
192313
259708
472409
890867
181681
167768
324658
577575
162945
467777
578145
372530
22671
352965
599913
439365
852750
668469
317973
14801
665985
223935
453201
13866
243550
203692
615509
710167
362253
647154
856188
445752
887503
357943
816883
433684
770172
524003
559180
810366
61540
788064
89074
823204
482327
468337
967223
851316
377537
694892
935114
247723
536941
167061
464900
356412
432106
272985
521249
74713
930763
325732
769675
71840
379911
528671
283346
552933
398721
386121
15417
651032
470307
279857
746026
772371
135011
188557
7817
931331
937896
113850
706853
921072
209413
903377
145547
964266
818467
152930
589173
777618
605054
303312
818528
597634
415494
816265
171003
737690
980197
819616
645051
305320
439392
732680
635595
164083
832663
922479
295073
164
569510
105780
386924
934674
914094
269959
859113
169449
379950
69852
702229
743989
218378
746572
711037
313489
133742
268488
394673
440294
55180
825146
896919
939042
60993
664378
127131
923191
385110
98281
85636
255757
168353
854510
2850
501062
543052
350731
359972
341931
468909
481115
914822
157944
206293
986922
250087
586048
658149
715825
109240
645886
941593
594284
159504
993018
513896
715610
230621
699541
460036
823760
968886
69425
936380
908475
412428
319487
570689
569264
85246
869734
639366
754609
771147
543629
819264
73791
17505
584645
414349
924567
862549
311830
829745
583946
658732
521957
205755
144444
212822
692030
27334
58937
734202
221636
393115
884719
553900
7090
241972
922124
773372
452109
24028
237493
458344
575016
939890
711135
147121
