6347
51678
76257
553591
858835
691258
871480
564656
129828
22694
220915
952829
81101
784965
672084
243443
884011
159374
942362
349856
647957
44739
767928
273497
861978
910348
231591
591455
577120
654704
998231
198445
235563
31791
802752
503329
459134
577470
921176
227076
941660
196511
910109
243384
237543
513885
775377
426109
116394
961057
487366
171360
236914
746292
878159
859328
677334
668370
51414
549566
354072
921319
800652
328256
505892
821865
910651
282530
880053
155921
556727
93243
65751
675127
628147
8519
886855
555529
652655
605686
92150
344743
286287
285072
43052
362078
645895
97923
958346
116160
472627
422411
468584
579933
852547
941372
750173
682656
858516
771311
808412
694343
469785
617223
788667
188416
622840
921119
25040
299613
523057
430930
372020
294836
444025
19750
160809
891158
317477
473493
13208
453994
741698
521530
862386
301413
688769
31701
924153
140839
360591
647802
941399
301557
287427
858588
641772
973007
431921
272242
138661
754478
94235
427460
576263
434204
588935
60500
759052
220591
292396
19115
620772
673699
525318
584639
958748
550099
810633
870974
747612
879828
263794
597305
409354
469295
826040
846512
638349
191992
48354
189494
203052
470863
896498
45121
944404
196979
977471
673360
52728
299070
584608
400633
150867
283585
939332
29198
136393
842492
59679
410155
106859
110202
609791
951583
248090
153031
162813
782773
196227
109647
830094
717534
100104
214677
680697
172476
597695
155660
622115
224013
194963
106006
652230
866994
953608
561174
454656
618907
108381
266100
795272
666066
161674
776044
747899
9568
662569
741203
626388
211039
265713
148520
641403
117022
877340
640019
778292
991082
409643
55037
119032
157631
929536
445323
304737
848459
981544
559224
258494
56027
915068
712845
650566
89765
767708
11968
600362
788209
470940
883559
637827
57764
659387
956247
98347
960298
942926
194845
655975
133375
866684
131224
753730
83547
712866
18353
527605
584760
295255
574137
656065
241345
371081
921693
575967
822040
407110
985096
240079
69188
790871
953174
405326
606646
907335
616368
882339
929142
618305
994184
948823
180335
184087
555763
339140
575763
916511
288734
933510
688556
285432
563886
927631
270657
544618
137720
977303
94177
212587
151257
908144
712270
324478
138676
50999
828361
477751
221702
576102
376567
110425
958695
40839
626285
928352
132128
978883
45597
597274
175459
65561
935068
713007
381163
964394
902671
239810
162161
76080
385010
368880
601800
376527
813572
983670
784598
75076
774675
490287
624431
280250
688799
325242
986191
836603
987246
313082
117300
915779
108139
929591
86998
327089
372540
145633
857924
235799
279775
60469
953500
462576
788671
993209
602599
783281
261273
48673
812879
637688
164293
729364
97789
556065
862244
166216
708627
367736
23589
517705
491971
338248
210163
74713
136394
796178
142527
950578
515853
855833
734693
313383
750350
420058
138621
40296
92875
812890
456385
699684
490611
825239
582166
764681
560006
214304
815225
543271
961928
688577
557191
745074
577825
788310
882665
261222
795540
601344
235482
880197
833882
849910
719190
656508
549146
147507
727904
235428
794440
316429
947312
147108
148119
250726
452280
724531
324316
11963
45522
481211
775873
704794
272072
203801
201570
76528
385663
367745
730439
829120
341696
148415
272446
782384
400420
103064
750805
596862
47324
352207
542385
374991
458395
971395
759630
926056
42144
307125
829460
580598
957283
971304
76818
578631
371163
411233
336857
700443
166954
102542
75640
345621
186598
132483
822095
904780
281221
541599
162194
77951
858212
100109
931868
155749
505204
159591
670509
697249
208066
412020
994370
295316
468321
242450
877776
681549
53045
904815
96732
319003
7455
718001
856954
117316
445056
49398
374240
730062
200620
906293
35749
314426
315821
938499
866204
760336
600049
449586
376391
337174
786577
427796
938874
891674
352190
4445
697678
705263
328458
725030
334782
279540
398736
871054
886049
707407
205442
126779
1796
611257
613005
634302
594723
143475
107179
369621
388356
996695
560581
691210
645105
750217
144898
721592
394000
572300
475120
430957
82464
189361
656782
372139
564114
586282
443635
18505
770626
944380
881887
493687
611024
713427
280221
387807
596575
790447
476049
772518
315626
947004
277795
64081
723198
252736
893896
301253
961944
246958
473386
630950
610075
723671
536756
952737
935982
986816
701627
409222
880112
962382
807116
467789
634073
120798
503950
612154
767534
401713
844116
617818
353952
40837
717954
377709
238082
579903
760088
195678
581989
811395
103520
572397
258898
665318
851760
930925
634340
81851
524573
611241
557759
381066
208060
882594
314737
657375
443990
646132
857059
348670
737511
256151
851899
989812
802131
744704
766546
935624
587430
778855
813389
108689
483910
651044
96602
367009
103928
905779
715593
905759
206411
152086
124740
308211
829348
589018
812909
391770
107623
929969
112530
561049
309568
603774
1551
678413
3339
689072
647937
670753
628966
622789
905954
413018
329360
973104
332422
116236
984574
156950
396977
530416
721338
726705
679699
63565
70392
898903
706017
535378
6647
85589
275728
598662
332432
983605
908016
818198
952095
274784
332900
102477
288395
195996
524090
46883
273267
733941
369707
422188
284406
602106
953648
885105
759583
34975
272062
627356
90476
490304
439969
279500
387385
643653
515889
14089
654094
634528
876914
721681
628738
636723
591246
445649
249610
443727
905703
488047
600994
728920
960284
562628
172758
6148
286426
756327
900717
506946
256348
875428
74611
163511
628032
91212
579298
675555
884551
224870
575212
605026
119529
774211
531496
401103
255379
434352
605206
409987
707262
773444
136272
509307
522605
609304
365648
216728
261763
683542
986456
370239
85630
571754
401986
731808
201108
111702
14692
555860
321448
676642
240415
733344
774057
443760
143877
802583
175688
891886
693092
61403
87508
745636
891635
703044
45363
902637
48408
586137
271423
132930
180052
637882
286010
533106
7884
312033
634864
268078
465141
629693
567720
261056
14810
946558
762758
603164
148877
847471
940416
670863
644648
898172
608123
628948
2686
398805
154881
331973
687140
419499
884513
854511
774229
627608
321188
132862
66438
462427
282983
134807
138311
912448
81114
213957
907667
260638
448851
873930
556980
369850
127632
992663
510165
21578
471175
964504
459110
760339
186220
483366
790950
92979
915455
66336
554896
179579
219790
460628
964964
393268
467150
24982
769488
407043
956626
882803
203323
484967
194726
733440
548271
166494
838027
542539
677600
21287
860942
874931
955997
769507
516167
363988
301394
198293
453483
18266
593271
921928
478351
370039
599129
286416
91386
733103
475395
289960
365477
105168
466313
307707
687185
676416
228336
861182
374277
611246
737789
64506
204259
687979
672729
519719
899942
804753
96221
422644
824443
153889
913920
489444
890552
116971
345242
105874
464061
122150
86356
649429
417766
776607
622895
307646
614954
590734
163693
11326
135827
926917
773792
961509
698778
406146
139469
736197
455326
276067
603963
356853
95873
135673
722014
568049
972255
304181
935131
935519
775084
198654
338872
903084
608873
644069
351394
575829
760387
769264
667481
362242
111176
82515
580348
112908
432710
437117
31212
879328
297666
865421
951072
169723
932626
278949
924741
696213
410904
645271
622607
455002
682651
711933
317601
408019
140483
674213
163413
780004
730865
586984
609960
311022
552889
588124
209349
531412
550461
817375
533100
958491
240551
831636
318015
79787
963074
489386
793705
441202
627062
387927
474540
361064
620574
659557
535749
913837
341703
778083
695741
577230
300616
330492
233999
616166
28089
969764
92593
516385
944337
147566
149633
896284
147360
542970
311565
176936
659365
740108
823359
946734
294925
974713
182435
377964
117065
800635
617687
273501
481162
77987
823950
279991
294108
176429
593472
735054
808284
656559
327026
50070
443095
890220
117853
119557
864833
286213
447934
237655
81103
634063
279481
659243
73073
75712
965931
278731
415855
591682
103627
415433
195551
367210
339515
190596
14465
773250
127473
923530
216439
816322
184444
813912
977508
608158
166326
184508
291167
747065
750213
177563
551316
956983
41805
105423
130679
211568
382326
528232
108774
130304
921941
991636
727387
922619
481337
189081
926026
102718
112148
28734
25949
12192
201925
893834
373578
852680
943486
144932
58829
459608
423959
144729
39239
733831
875054
717564
47475
199309
842488
388008
521601
554167
434473
450593
877329
215770
645244
603865
202061
395684
411871
978638
104291
676878
496703
203728
90078
672301
373547
19937
351904
476136
228839
603125
115646
341252
255760
259224
927416
901147
516454
126575
176787
866028
214907
753494
216661
624075
817079
237801
10269
196793
591686
415774
624924
87822
210846
499792
485620
124115
518256
841302
272747
293484
797610
187666
713099
188914
78439
396806
435162
632543
396340
691488
460401
861219
302016
868054
981628
73171
216479
676972
794253
646977
747323
609427
589277
159974
664024
80363
128159
954748
915265
931113
441282
777705
102100
33044
654980
358741
754023
675241
13550
807836
716246
584991
849584
284959
767723
552837
326041
999477
245992
303943
227378
398527
827315
61071
916984
510554
54302
240136
117685
865709
553171
308093
78202
665377
160857
292384
695099
780336
383877
737703
958471
957719
242047
554257
860578
706597
210992
435527
157633
989238
3717
110109
646241
617145
58211
257463
813508
119404
965159
762696
418633
784809
675992
127990
739047
63258
632172
678746
489605
527817
227955
47523
256505
853458
140196
66970
622684
656377
148291
283584
881735
541528
715755
81683
156524
263729
410941
182383
189650
97826
969573
200146
754542
918198
707974
899832
793819
688088
132418
745509
144887
5666
215847
174273
378073
937555
847225
150557
140082
930079
682712
52500
212351
540449
732174
548300
767528
914092
653943
492380
907512
52991
360461
740103
963386
644950
687695
768935
295852
326749
152334
124197
985187
805056
399124
680165
604411
90077
100017
885950
81464
639835
716835
773606
890558
531156
861025
39853
650025
309358
963780
418464
594698
208007
559955
761678
915135
708622
593577
928615
177966
330927
18757
984832
576093
965542
733998
603314
408177
407093
770561
846755
839298
432816
378841
605020
502999
927094
814937
40537
422787
476986
606168
331808
154139
954047
302186
658697
922706
898530
825863
680412
903284
652241
970651
551831
451387
841818
550570
508622
498705
27358
541341
741997
665955
521508
443308
689434
142302
668233
512106
349237
111498
680597
690856
68097
972991
641770
265991
155676
747847
831766
612702
237482
345234
911879
927747
711632
481296
990302
90746
4700
757359
454748
836152
389826
497713
816441
96082
338562
265704
392275
489863
304421
70929
227843
29606
399525
376203
517388
579230
891052
2290
904813
409184
431221
703965
174230
660914
257615
525872
562679
928979
540992
837534
281779
428039
960198
888318
354163
46654
828217
264777
409688
107237
615372
128558
270600
453576
232754
66578
669098
354786
754781
176551
698732
384003
291873
102888
9729
335004
292151
278830
235625
461674
638238
720178
88744
146045
515804
146784
893080
631780
101795
331476
675354
958199
508878
691443
528616
331905
987210
940329
216262
418312
198866
678458
586647
219193
146834
254343
425228
806261
586093
782048
680183
534130
653850
32064
613118
415695
920105
519337
837226
135801
698852
551645
243935
492147
64016
525494
711142
549701
281107
470883
58022
747523
916719
819455
441970
259128
429420
739983
632636
906672
709845
195928
600038
12255
340376
541595
676345
61809
429137
641006
648047
102191
879520
680377
107370
845066
829686
530697
189064
687240
85231
821012
766542
488776
528153
908746
803649
260019
488980
909332
521555
482881
187281
305835
113210
197477
193596
679000
864541
494103
585014
998660
263976
58044
137531
242939
934336
8755
48483
737793
168784
44094
831620
621329
556032
717899
51444
811566
305671
972319
209580
491176
970199
291230
257736
55470
513335
768185
626411
652298
352111
958900
87551
212733
975324
850
294618
833911
322659
530848
843196
686451
182018
27996
88117
378989
945474
327360
995491
582593
563593
552558
179097
626913
154636
261817
275292
626995
661793
662477
63175
489541
740914
951613
156878
265006
208846
814567
114335
643778
953689
618310
362468
606641
77348
806868
409829
618172
529815
494170
624587
14421
259915
513749
954303
682131
303860
135046
167089
351887
210363
807575
179957
840350
748010
433701
488647
94122
898433
709614
915503
732783
161510
353497
921792
14224
778616
809244
50810
716179
314052
535757
392335
392000
202832
217801
621635
578257
133077
950843
77996
586774
650955
470410
163353
605608
556124
308513
798351
588103
667386
232412
606959
597651
469516
215564
136371
527971
192259
36903
140055
824134
737548
150351
548180
64020
132894
390141
290439
386095
886322
746826
41585
714331
130451
324058
147927
810104
561739
283365
761994
460952
113149
462371
467201
387457
541841
230804
951202
68096
652553
676841
266783
97768
293939
12626
945789
671206
921271
463781
849200
275906
664848
338087
321123
396596
445463
717115
606804
336032
687803
892388
193051
75312
485389
941945
149130
928717
69432
977380
859248
439738
646606
623574
693560
980109
259517
982795
925935
838730
64992
788981
948579
827485
240946
789576
776870
887924
482077
109857
920882
481207
610416
454676
66726
600165
852080
499792
946031
465036
652741
637233
820610
199845
175381
588194
200709
212489
598958
892973
532045
427412
90141
894369
305922
343957
510364
773855
968799
796590
319143
713345
450262
698255
66479
127782
845905
663625
240680
937822
897106
140561
971901
484143
467899
810900
198244
379394
754794
577329
914123
659565
669436
765400
252017
162718
79987
812989
815698
203232
252914
840632
547642
877069
718885
805692
624379
896529
523581
209970
718266
742166
539801
714353
117027
386257
463552
241564
778941
640425
292043
722073
602903
940223
728032
438633
77858
238046
985368
937129
588249
976193
998530
954212
646042
516027
166785
379987
437528
853383
999696
498930
479466
363692
534374
51263
42491
228428
692405
305106
962276
176266
711372
198548
61143
404246
17948
545437
755570
102103
346327
844270
860851
187507
962676
486343
761035
966206
531919
972327
559051
152508
337966
341918
356987
300437
671
778320
377546
898068
606205
895688
90591
932955
145873
746998
545550
841895
250324
91655
881382
529340
570194
834527
902951
518061
301803
750134
93328
265034
636084
120844
592151
804454
160890
702538
823602
651459
563622
783031
197394
576349
854332
995155
530800
403600
313086
664723
210496
789030
380077
686394
504449
145857
396655
839953
922870
768225
511692
115331
852335
925651
29330
285655
130560
406135
506521
377418
482131
858156
823521
360840
117914
272794
66455
610375
906652
751963
143735
837633
93233
859846
297675
607244
595785
964954
762833
437015
375974
374724
233594
484099
103338
38029
874959
834075
854794
286308
757998
877810
432418
629571
887859
688152
645155
985343
986802
899320
447207
362737
169120
568977
501925
693053
595409
486223
748736
395836
248027
957445
111098
652810
439514
310090
798022
478381
758413
661229
902138
946080
165662
293397
773475
891644
844287
879098
972403
750978
244016
293114
651221
593031
376285
38297
770337
253308
149987
299800
852843
827033
199667
249968
482614
21926
352911
451691
730182
929062
736754
762720
23251
784096
409229
134857
851801
985867
393259
531394
679180
707349
858165
323169
485993
983248
632530
779564
735464
451769
99750
790331
933838
617575
20668
89451
588191
473037
461118
633980
60336
875948
730273
377288
496153
469592
556318
831585
710281
375524
741914
274181
41333
561324
95911
378880
673193
603776
414179
632927
843455
285416
834430
929932
548780
695577
39898
622475
406775
921330
583307
293904
379974
612531
383613
343162
212369
927163
806325
469808
283255
568635
821168
190487
46831
264765
866599
686765
901591
442827
71988
617541
462120
909949
346830
299423
314635
597283
60400
460323
225796
931402
95577
321594
795661
574319
941996
213705
520446
675070
114295
538699
243111
679301
764048
921546
989952
188410
15580
801914
316088
864677
47977
114482
43753
937131
498939
705928
475629
15417
556132
906503
903178
262409
277004
897488
487368
712660
309521
168522
470564
389716
371207
465927
658461
42229
60064
96693
483755
895447
772903
190077
31759
658114
981735
134267
272518
410983
264424
552027
604055
951503
931993
831692
902220
269347
165641
192868
933821
296983
155279
912784
38535
889075
693194
677558
787484
531071
585283
314281
822004
831434
968431
354760
505954
122583
866256
443507
62145
975717
271098
476267
856205
148570
46835
3334
677646
189707
666292
35403
964910
592938
38028
77680
365356
629709
201764
381997
133801
511703
275741
128060
406560
352261
402325
734832
255539
195479
27849
96303
760224
108056
934228
359694
394450
807692
250710
807943
285460
671798
586480
85273
95584
550723
709483
674493
557910
917078
396600
525440
670216
786737
741970
551873
73266
995516
80064
369161
628423
264310
188278
406530
562534
606709
373467
407510
749995
101275
168742
264549
991138
835607
55009
910882
105047
467413
821712
729675
890761
433219
52075
693379
390397
920257
428742
889933
188974
475429
570130
462567
305761
405544
350972
422977
388695
662576
789811
211224
966236
290298
515591
947188
421757
960867
188845
58810
413783
946900
9375
810031
536393
412296
575520
27018
930315
455676
715933
347059
490456
823090
644463
784222
342087
791969
834877
681855
516920
735164
756991
951337
715497
350877
623837
780295
814568
773070
658933
88757
287651
997364
179836
179836
794651
427865
85436
340456
484919
415700
695419
317320
563637
315671
107004
901954
1531
624853
936159
527568
294540
846222
5603
933339
32854
8568
101068
645042
809512
291276
733279
537319
192640
877290
661771
495238
432386
984617
886050
350899
958085
826239
209220
354527
450248
198089
904988
699942
648322
652857
901060
292617
411415
810393
990852
780611
605094
412800
135480
505738
240063
822928
473679
363107
107506
79016
790575
97890
744323
950765
47350
76925
309689
489712
727196
631820
607381
964732
944692
248672
851616
183039
624721
431293
445342
432147
502086
189557
742174
768103
864773
85538
180595
585870
475112
804351
954365
93540
156046
715043
953056
245849
512286
800732
586903
265947
355175
788772
830945
499044
706280
89091
544601
325789
817771
28864
323171
927149
605004
498245
387458
827491
975319
840206
763143
764796
824207
815949
921764
731089
803211
471454
330271
787424
793084
943714
701666
602485
780745
332986
532015
387636
432283
738210
496048
150086
709557
846311
119340
55198
109306
529863
195990
735079
430034
866723
865152
423820
502248
337251
454765
255651
193547
660582
977219
791287
580276
113572
441439
23408
800423
43683
173315
928737
729650
125266
803434
974574
702802
126086
319165
346776
787253
798734
716958
469223
713947
11829
533921
304434
105365
524819
653850
140686
21232
278544
555345
265169
137067
875447
193426
547458
784483
315314
313313
995039
745424
216616
567691
216137
819624
64239
805080
459408
215777
213168
742301
569495
953748
144342
831086
316068
460221
77554
373552
606086
789791
513583
963596
405027
959236
596461
320319
835741
723170
84924
392206
427361
239641
185654
302103
308876
811545
912761
405763
372921
369505
951551
79640
274859
907874
365788
864747
624596
975106
363284
82738
743616
374588
834775
613048
701153
220388
465242
831273
850487
726920
117779
739981
315420
264563
738769
875666
696937
577227
813685
37377
485577
771930
769873
654867
716760
281513
613723
208925
818999
599112
572301
71782
358191
182187
585309
615513
816062
580847
682964
737109
406915
591610
360398
646498
874819
610303
855501
190591
897750
629729
779769
120279
647217
881135
253560
940946
941648
141070
523494
190535
643264
353204
868593
421390
593862
393680
207700
536755
819376
134728
731246
184392
425462
366874
815358
784466
727499
954916
364606
8739
606406
871486
374233
940680
93288
131781
246025
232728
250057
391923
297169
236653
486308
920298
920852
671151
144827
255824
875473
580043
678120
433235
876988
626563
855106
891341
352697
210784
680296
878979
287159
897730
386797
584
537063
706008
250464
727999
188824
313386
234294
2813
379953
416339
691863
421709
431178
380557
669378
488845
371239
301605
456861
933557
205009
937485
649885
945400
494035
491856
906958
872067
597326
842336
952959
741090
143098
290507
606670
896322
24057
286988
34571
777169
365785
395582
789900
834369
658023
906091
501453
225708
854890
370883
2177
105746
985731
78376
932857
272765
747743
217958
726384
883589
331926
40960
488113
57520
190307
478309
740133
536689
139200
64322
973629
838353
70174
70449
64376
365483
322366
972687
950673
68049
780079
215531
657097
546957
923492
125401
278668
735938
916849
510759
300674
251056
339682
301991
521205
840534
621752
929451
27290
398897
743361
851343
762622
694563
119635
646064
878990
566063
540836
493947
285507
738977
831625
776608
8936
73803
838026
817956
118153
438569
343518
789078
765882
238118
706312
174297
939265
27703
973965
741472
542433
42662
384080
258169
699972
952233
224716
877440
986436
16368
142062
768500
17494
656318
396749
697574
183443
50991
742919
500301
810596
334552
224377
724023
347978
400971
106714
128538
975496
646457
77236
54089
538093
323122
379201
25154
859713
739913
35038
337892
628364
135763
75374
794301
770494
364366
573582
558082
688702
469149
291824
198360
223570
483889
346070
903310
75047
113604
414765
472622
849534
906559
935172
929321
182579
176316
905639
755055
305515
649829
612508
202144
938970
15419
620985
57180
901935
722547
393376
508854
805340
873403
138009
475400
143941
50010
858954
103200
245764
921397
240213
448792
867095
116653
336014
241988
910951
511846
937816
393092
261493
422627
551963
187832
237411
957197
627107
888275
807197
952595
802008
82185
461090
106538
178006
873826
131059
656437
569129
335024
75862
955457
625062
286877
269895
133991
675944
231198
451388
791061
810278
164036
923156
698854
687278
397233
754651
100780
777472
812071
877884
24400
985993
272700
168004
255761
224955
750314
652047
968552
39685
15683
231697
371532
379636
733505
930499
219985
317926
127611
948647
745132
309862
126388
94330
964561
379497
964558
20214
593469
689572
979676
241345
834960
588616
826453
509429
512146
49691
664355
691981
438486
504628
847323
312872
104379
832851
955720
346493
396239
227931
23456
926428
360399
261228
863448
915165
80010
4897
439955
781479
462692
526947
559990
572318
275061
459880
865687
722346
717329
818828
94739
162529
504035
912138
886398
352784
326578
385687
691637
930539
722758
375643
687504
117902
872803
641932
209716
161391
35188
992361
109893
680995
31171
154769
732472
751241
958245
623614
689222
633239
273843
900577
807548
269119
918002
264154
772847
268221
673748
962515
651598
214208
43928
52795
204560
815026
578636
674522
114188
954790
223027
995286
505191
786461
453057
580545
637799
529269
615490
98524
810406
852847
808091
198381
552099
709275
335337
216120
214067
843234
174214
134813
904725
700528
591274
184910
559906
569660
752493
513578
120739
979509
939434
678203
780029
460491
341760
487177
930119
589014
825138
387353
301500
357159
196974
172421
244876
764074
226923
874937
530893
596660
428715
338951
32335
761135
733856
560680
917452
282655
250731
458832
821886
240400
15487
121580
442123
697502
67812
214651
803548
95649
604760
532550
859275
680115
765392
937982
644922
253471
83868
340720
523777
667559
978216
635559
946623
149426
970974
374878
137170
226512
222121
50656
27745
392620
29269
841342
757654
87821
83026
154220
554857
127368
370968
611129
78936
557958
429156
149802
33587
482862
235872
995826
433683
715118
470816
46607
247274
394795
39816
983235
110134
521411
118476
371502
457424
384315
747984
910213
605473
379722
398318
558513
718515
661633
499541
475910
580069
767061
525134
381534
738553
824587
90906
603090
608712
705662
533112
564884
890517
107216
330819
611116
143550
995755
747063
778765
596558
866803
633364
726483
71472
185034
669595
993052
705215
859007
162293
256064
726456
282580
455987
291182
825745
454186
570736
955108
879907
263179
826195
610378
847042
966676
385265
601196
516205
852925
590287
614675
495521
336070
962885
851902
943176
184576
404606
523842
881934
870070
371803
751227
779668
245046
669303
281646
988350
303359
836933
561661
159144
423304
936918
675397
72373
622955
249655
967768
18503
984173
650808
27474
897291
492714
243207
529690
297323
542561
679738
30007
900775
136154
531819
650316
613822
633328
902269
914545
185478
971455
663677
208304
66331
434474
388389
547417
15156
829321
846906
875586
440913
989614
727444
318687
658832
13074
43198
206266
183903
820833
141299
317903
789452
49631
162825
316870
831417
327285
695338
466317
994283
919068
329980
134866
425857
929829
453027
73498
372481
519266
720668
236033
170894
165493
20298
140046
567542
858931
668238
347570
919528
618420
385935
974749
806915
526265
35161
758845
22089
393146
785889
139477
679026
169228
995174
634166
825053
695340
248372
953372
834081
568107
829187
900775
516226
912117
232060
478131
32959
514751
319515
644631
731976
194573
723631
245751
609678
682397
124479
517766
807986
144115
156423
768988
457247
290690
12064
107120
460147
841396
824765
819378
753432
432214
744977
136264
587762
173475
613006
939618
944625
377964
512841
62780
275717
235360
770810
330608
215985
260670
327583
644213
679225
554516
577215
412728
999221
339762
403212
734293
44232
439793
379170
181554
676906
152985
224172
761144
777760
970483
273253
693423
117774
978668
15164
796469
916835
669155
844241
317979
666226
644240
98717
821597
34209
932816
189038
437051
157242
84241
725839
956664
551775
145942
813702
561454
283482
623975
894262
851916
928466
776601
634917
295214
905178
417781
73304
518679
307172
240136
381275
212302
62931
266695
329885
347346
879214
301020
678455
741178
862768
251281
583501
187310
410684
351896
289485
687356
215213
91956
246101
307736
96268
888968
118833
266931
200603
52858
545922
117686
309646
483524
481018
409243
307033
381527
635267
393192
27172
712811
944127
738313
286108
959272
911914
201482
759843
710122
837788
812782
900007
248181
646187
918062
875280
511093
840366
395153
288275
918703
7580
630308
696420
426122
53586
99991
664648
972596
396019
155572
243144
245363
290281
861116
229377
239048
591434
339360
441625
286209
868375
31001
134348
259228
816734
256740
996388
609043
219647
784478
83975
493769
625227
211575
198250
819407
606664
640534
128228
893331
627409
121610
339933
250021
823770
791207
683877
804519
350034
936261
59873
467857
251489
294609
174688
969823
172497
78926
903947
733911
502793
891372
91323
652282
523123
849923
810341
548871
58367
431532
961072
48806
737153
806972
965671
571000
116662
311134
588042
749112
214948
918348
485439
51854
264351
882026
784998
208752
239847
126207
444426
683189
164847
436944
298739
864056
436537
987995
31128
26853
252828
665069
650673
100899
589735
289184
628971
859422
203232
749557
946037
557040
549157
338378
681912
701803
176692
601784
433251
972421
932614
369163
892452
644769
354518
561823
438770
161782
853887
536147
194055
343390
18435
614701
529067
438333
331112
918474
481452
208204
907900
277824
917994
138497
87482
331666
593358
903965
119045
861967
771099
940433
812049
658119
827165
761614
24417
310891
508221
454120
480362
693440
314038
851494
896087
374144
769314
735208
101158
954893
821486
692981
893103
472722
401709
114273
844933
142904
901319
875607
655477
640962
131666
770696
236268
294982
764217
48240
782965
712969
650648
860994
91871
161333
674090
445040
861052
943033
48986
872537
571910
932029
904373
586702
38109
959553
102337
26178
835372
638609
712999
36878
606377
708903
277835
824671
173690
45981
448764
211517
915445
484685
979527
139960
873984
779335
181350
467313
780248
957550
622486
350146
340845
881583
473734
865803
603177
386783
479083
927706
917137
759601
216817
304374
92036
652304
266763
508616
95265
624543
707883
52199
479558
2251
534862
36671
471347
389833
110446
599580
444876
735409
544027
643353
470077
866294
435812
553567
241016
219393
277999
867804
63450
40874
269160
497283
858987
411027
401366
626745
210564
608
414921
476451
700939
93654
827632
144649
103834
222991
67207
445735
593214
318552
848493
435536
174939
144807
32979
355071
695469
510972
425425
238524
727081
6098
399443
630632
212674
389506
526960
997541
429831
278197
111387
702564
443177
131460
517682
819980
458587
543534
339700
227780
737682
542773
203088
860893
494956
455573
512984
998495
896557
76258
474836
983087
629796
694909
713651
288409
363692
145714
251357
271296
761102
301297
257124
273887
363332
717096
614040
56251
517976
203129
567737
13863
465707
908829
229447
237555
81490
285525
650230
449779
808155
27976
414334
765927
711469
548478
863374
785676
798605
785207
993760
788798
309373
442473
72616
907208
821823
411029
325030
930762
745207
3717
87131
573509
315950
611300
780183
65607
65907
192377
540785
866350
573916
681410
609297
905050
889514
395177
782503
57715
613386
154917
55230
26771
96376
87088
42283
859922
314302
538080
430815
912877
238555
64549
821340
830802
939006
368926
656965
129931
462641
177112
85901
391492
932179
954084
523921
299067
43390
310867
973058
240067
838727
520016
968891
19060
867939
685787
9905
198066
690598
776990
338440
874456
628775
353005
684354
428418
153600
765535
610066
547828
201842
175491
781967
655083
27237
551425
512516
181949
776716
611983
238564
491951
211623
393356
937115
44435
434530
666108
869631
419612
59163
603105
175653
929728
526913
800882
145424
922312
254552
588667
517829
659831
213272
501648
231674
82261
842421
647535
585901
676247
535290
690545
221264
608684
36943
364333
417633
610278
254105
297898
496280
560387
700608
482622
985466
944536
747980
551751
723275
956441
896104
613381
429344
381639
107081
410707
798098
104694
578600
802880
600399
951994
790123
465614
517706
713966
815394
662087
345683
800992
744364
32310
140417
73500
346618
756425
443147
325972
954219
310145
158518
715305
30807
220243
917864
111832
356776
227935
823388
983556
785314
573322
421935
504219
158147
225722
696279
806568
674052
38253
119539
922293
320960
663798
579068
871259
500652
406294
870171
644904
721412
338163
64597
291115
5511
203767
35809
937182
693528
949768
114267
502384
241094
643487
610832
519791
751461
538695
664185
968655
948827
580277
574917
895769
968887
965694
312975
493427
509563
543417
58031
375368
410298
4849
158828
812436
261980
833287
325775
910093
420927
993123
704723
984241
717240
135124
467256
460969
202615
68812
583542
814039
471368
746161
788175
178241
801462
861345
388670
437977
193354
99397
421707
15912
559153
81104
651840
36503
645563
6165
302326
623642
424704
383875
885512
80633
909021
250494
662761
672892
81948
526746
169618
696179
236850
846134
868371
235167
21665
807219
430603
683585
323966
468496
126515
876860
532429
940196
988180
670313
802120
751542
55193
375096
201023
708092
347327
204861
799385
214639
232488
273183
990968
879687
891023
541656
96315
778456
545431
473449
322012
293321
683644
825566
47738
705196
315690
216825
141490
569215
876140
155390
666662
793727
708797
725146
514335
789859
336059
31473
739151
683516
120761
967363
916975
341415
199219
541498
928007
81323
812572
538962
301260
202742
683860
436261
189603
640303
442166
12434
586820
616951
701453
181321
138362
982466
650342
900342
8390
262667
241856
992968
828899
130873
636384
728157
910885
557132
110913
467980
767867
402435
234025
844558
254227
575950
684951
6153
599068
264939
250137
626363
888679
540128
132090
695680
232807
331923
65175
820159
61271
416457
200274
293559
82746
923001
395936
851554
960894
535565
721662
202115
935354
768308
535937
364689
978455
783270
582154
658496
214410
771446
213656
592232
573823
367821
139639
93652
35089
763016
626262
418218
593590
840112
225334
18290
959224
52114
758527
425796
222046
873915
268589
631890
634793
624082
149991
987535
986682
781970
944624
444668
234065
992994
723126
232397
883376
146002
793544
936764
482974
585268
719845
457321
989895
888661
354671
177452
124992
492183
166783
660793
408937
631980
444434
564975
584748
836593
7520
323069
219809
552612
290573
765873
71636
49156
212473
105183
785822
418500
857458
302250
114415
747435
79945
834866
136750
364171
679426
9882
454839
697051
979300
565044
478915
15476
842481
593932
24806
853476
97008
715790
583921
201778
405478
88148
418103
292080
34211
441616
896685
839030
191160
825043
514347
147776
122566
218551
443215
701222
33393
476271
526144
302772
856500
32041
125584
290277
169166
394141
332155
440001
428699
778805
184012
825808
706813
201945
440479
942266
275193
738646
785089
466812
470942
592426
274867
294857
172383
303278
527054
653499
534210
625824
637056
423156
409009
372301
530100
407766
5806
654103
48272
924762
409764
870952
734616
361041
946200
676916
636720
155765
803902
694692
703358
578795
748264
443876
720110
609752
291034
234826
948751
132125
751096
283745
868187
51440
562976
124050
759251
377432
501524
242222
384585
153925
691984
389595
85367
907657
794555
24792
539661
748279
225720
236270
154440
132759
810523
123573
980990
947970
546937
850944
480438
996064
724632
415846
798835
735036
220613
727790
133906
932353
870021
555030
720009
437972
266467
941056
668751
909197
281000
410298
848283
121747
716905
534120
366020
910546
732922
190928
514503
344540
533888
442050
69799
961561
678501
395746
37807
258284
408740
741139
146131
392869
13764
781762
610165
108892
161697
614156
899267
256624
82085
233677
858941
691228
86678
44998
216916
665011
977738
430954
907502
429752
553205
394757
175366
594460
485155
432842
539569
598292
467841
270391
830331
692310
919317
506983
239408
167985
355918
843956
462070
444295
246517
581382
552855
350760
299779
26621
873949
463435
619277
440887
510550
584427
724507
355006
411255
192636
888854
935569
349469
405128
631007
393293
715759
829867
631036
556600
868190
445991
292845
378603
134798
937893
737501
613785
918159
792329
259828
12863
560964
616432
887305
200298
36132
863945
825461
692256
563295
947533
515331
2732
872664
722396
610691
314890
200337
871029
479549
51114
304997
566418
62659
254628
47918
208734
894240
468217
215622
707220
955052
991042
521963
254261
614145
464632
921532
465573
314888
130463
365536
479459
991660
366479
251974
813924
673457
612704
120326
309770
503069
87793
242790
126854
735380
875349
347450
496391
711042
804700
740579
546141
995632
794169
985591
906863
934842
462357
557953
62677
830104
32943
680863
4819
532632
979694
269450
100019
559020
698629
28723
658174
992671
375361
750856
363350
359523
97714
845269
106867
68295
677683
430408
776184
898948
744344
421837
927537
309238
931892
964184
813036
736808
984836
925632
73329
55560
989628
742408
912415
567162
239339
382074
685220
263112
785037
82093
130904
113142
36717
137189
151671
199283
337909
419161
696569
799148
707348
316431
240464
797115
142026
646628
5117
218621
931347
382056
773648
212546
388653
573989
548090
939869
407880
337921
46544
162074
952202
570297
7262
636495
231100
577805
142566
239691
392980
568571
653108
486380
104031
655715
415519
818765
55883
67401
960222
804700
613582
270969
90756
532937
116663
200069
436121
280538
577423
878890
948887
608731
310763
973713
105278
935347
526609
402993
510868
947538
512517
266321
73085
739527
12783
27307
812210
456046
511082
651628
252449
84166
658283
777753
248097
966881
324236
756107
505297
431924
813492
743643
369036
517902
80037
777752
328714
498598
516770
545653
178646
858637
877563
331520
604519
472258
745142
398541
789278
336996
706972
500913
373851
793218
834333
224170
619708
990031
891233
607644
984884
325745
841068
70006
78531
237176
298796
558451
787543
117356
472290
148157
923647
455871
690923
187436
657608
950561
930730
896235
48822
642674
995476
646011
364577
56339
577624
226065
757929
658389
400489
600731
765911
291027
326505
779553
386385
787868
779123
206982
787514
754824
409733
284397
698020
414252
980809
559672
181362
496552
75326
427755
660559
468637
528072
874863
51717
65596
166352
95091
794875
191610
719769
676013
384910
334111
568929
805182
687562
233406
492975
763956
848389
117631
197888
894889
936984
572376
916360
507016
195259
329178
177319
303408
606140
635687
337193
328752
958812
332290
517498
95474
672070
88191
457061
235445
666284
877401
539143
27443
115008
237090
558420
147489
427276
441493
737989
480533
755887
463303
416477
494081
137845
87420
333655
20253
454545
11862
142958
961251
987578
991145
829960
977524
613023
121962
220352
290904
19847
953413
877070
406691
128265
296333
593174
843891
88869
298446
247050
780501
522750
957374
401340
214855
904949
261458
789699
178072
270115
512622
176073
347052
319346
513332
299824
915228
973017
968574
103583
496250
429682
955686
654957
601969
591161
231682
86056
786443
864419
683821
516929
470413
966360
595264
42904
458045
770255
953504
658464
622148
422725
546865
78895
935342
408858
700969
67813
720589
782792
778687
42486
346813
483712
681473
615445
40451
400547
286917
233854
353423
573978
673847
341920
779233
627154
418514
952422
919560
479127
964842
371169
554692
245068
141157
502548
456845
844933
377866
336987
913005
702145
217649
298488
262344
127303
996698
757179
604412
506011
902170
247054
234083
435485
813936
954778
962933
778239
621110
301530
278795
643041
212531
477050
520254
657483
993421
233131
4334
819846
878108
304390
32671
281879
33625
976026
451837
588377
956213
813524
670656
996982
261638
120970
962922
539010
593948
114916
925805
721908
84082
749543
869227
954433
86784
141791
712597
861911
172142
915881
70580
334771
459810
34010
456198
341343
124922
602511
563712
346699
251990
562451
865587
162567
932556
457510
191113
993371
588735
74224
84078
621700
763850
337026
678219
604043
974485
831684
802733
879490
424906
955585
874244
595678
222370
823564
776392
948652
619417
610893
117878
856434
796480
94955
172728
553379
278769
621528
175267
748605
267420
874932
893530
128195
28992
898143
261264
969618
272438
441694
539370
477411
838119
367784
159554
145308
596062
996238
815048
418387
387768
532038
174083
829216
182968
430995
108725
434333
932855
529554
68765
312828
17016
492386
37654
24006
687258
694001
599901
736044
213926
478432
772400
292235
884041
420690
636753
734657
400539
637206
167210
330214
183197
606062
560138
754154
150274
963132
480717
919305
624612
773128
881370
726701
154903
630000
443334
276960
673563
564781
390423
443435
988779
621629
895971
55056
139122
678835
576214
799713
795805
238743
829393
695804
84235
38075
943984
429284
924450
378523
466916
431356
35387
309103
626943
46754
319165
653457
342607
981669
813767
48134
210849
728293
709447
987691
616487
13126
971432
837438
945204
226768
900200
871877
941027
983142
662151
607454
694552
344417
695643
375909
507486
164937
943361
582651
852016
341039
782382
948153
710995
291050
667683
754737
700448
476268
801407
706333
238304
806144
899374
474855
214671
370146
398975
684884
995395
34427
934996
85070
619174
977335
390194
828236
871455
168005
492792
151840
738000
487978
594221
997661
686520
236226
676786
808226
519416
20821
625110
617544
110834
153490
370440
595748
192333
96875
172711
444665
778261
579724
464566
356861
809920
392313
28843
772998
517579
295299
656102
777617
518851
742246
811007
885423
430688
503682
613176
124045
804748
384308
522258
477854
724161
930705
760315
543271
558479
312702
850916
19430
259645
775023
436209
453472
13639
464570
961930
331846
311110
618007
499791
400899
668590
718327
390568
935717
519217
551741
45818
72805
118848
434141
675381
607061
515121
605968
726602
767397
428092
416945
679802
675345
664223
917815
652618
253547
594594
694480
207059
974272
305589
482582
865205
846698
724405
690160
657707
6770
29453
782408
558970
146079
698105
310308
260932
44255
125670
98531
913721
445905
99317
656918
537261
543405
462175
958137
543172
27665
988083
229453
983881
645160
27706
444179
565726
637369
330555
144935
147534
177866
33626
601590
406142
424942
612443
55389
513795
824178
18884
833631
365261
961504
795553
123779
360128
253102
636769
383368
832547
754055
681246
475590
129329
883571
794490
169379
515149
598309
728548
816494
823187
121313
494458
822107
530698
567304
486473
999579
183413
599361
579951
415576
352904
166214
659298
778
751352
769032
356041
349433
446891
791296
397448
367951
30095
158228
857
409753
659911
285345
657429
907482
155071
999211
632019
85900
407520
630686
549863
60788
123359
866240
443980
882848
945520
83638
190556
387520
934041
8752
372155
636703
144673
708337
997140
426812
402855
710590
504891
428361
555086
393891
249394
209343
738006
528732
274695
178076
349446
832039
504027
668923
952389
667876
374205
130446
445769
947557
486068
540153
434471
434648
275803
401358
483208
987854
876647
629153
722556
712743
885381
398984
678824
702364
48094
90929
639067
375977
99644
843808
85695
724757
561414
990787
914347
867935
883367
397875
17813
965831
890381
105801
79269
172342
641806
784155
895396
985035
919909
844114
400339
867458
378841
840041
841497
931971
244286
286852
832404
947269
922773
817195
321424
312733
137614
8097
195093
770471
889135
858981
829722
682255
898700
772932
754264
423229
447990
667481
200250
759707
464497
83683
740336
806724
205148
955841
915043
591690
681333
456332
364739
927268
780085
130961
536572
999858
166999
732585
405574
409071
145399
440951
772507
351154
569685
948670
961156
468961
738104
420637
707277
549426
402351
55720
417175
448799
474547
143331
75276
837734
110760
254365
124205
149114
673026
958247
831239
509257
718341
855984
136388
763563
609508
97982
242909
557092
640971
270283
619501
519126
819640
858810
558433
83206
163972
793844
928588
670088
581376
209955
364375
220106
86842
944459
725397
825851
556127
186176
944949
252438
554106
20744
96721
547983
199835
797773
921059
781912
638291
241727
699222
536400
58523
994052
507322
830537
968148
589661
19666
902836
597417
855126
413512
58092
242064
236265
128577
499419
923248
783153
806090
504653
185949
911174
390193
827983
907518
609849
742705
151491
720016
671661
582085
552067
725059
581712
223389
247664
824322
772917
49518
629398
217360
993616
805796
604733
168910
533965
407795
481743
250585
87245
902411
62881
194000
194237
826026
954784
331251
924949
768203
293337
482598
687466
704636
795492
887701
73329
935245
606318
480370
473873
845924
220578
220251
113635
664750
323892
68054
893193
573296
398922
5566
568168
18171
357190
656823
149955
818046
615988
664348
710837
246070
275789
534139
132491
544576
444774
423478
685116
893326
368760
926794
299013
535096
88780
835884
607653
399466
570755
133711
35890
222716
227519
898050
59415
792351
332146
328823
20651
966194
784705
843231
29998
187764
625364
28848
473890
274133
125949
690696
487364
459109
79874
460779
727334
794030
897801
823401
105194
191645
770463
254427
393821
115738
81124
893643
718701
323386
396055
862899
795080
578698
850938
409822
979283
973516
942049
936939
126404
854974
582429
540337
609437
530005
772863
757628
681606
627017
22027
873076
262021
90250
581947
738462
791772
159312
776428
854844
687487
366032
205674
362320
613296
491210
971411
469951
924153
83839
658154
791760
286725
218368
994874
636883
367580
139874
473764
600158
722106
48398
382408
138547
649418
815349
43532
34493
224836
316320
313100
329849
995168
221925
838878
945138
24629
695797
830592
718501
220275
280339
878753
688707
151097
886879
569416
765012
122772
878864
703205
935608
866261
805825
211698
706696
936334
333090
121990
411484
144553
859407
67766
263526
966116
222269
966312
605116
997228
914065
907573
789491
647957
526667
783930
728678
676212
779423
325372
700438
995994
488868
462517
754028
579821
9765
229183
681625
335140
492694
308764
182942
904542
580961
385440
659816
936800
322461
312892
150611
649898
914720
768615
509391
882996
809707
694378
229664
756042
359748
438729
132031
862593
343713
413321
777822
393941
705408
581155
624521
693089
369171
717763
792232
813113
413657
499517
68193
639271
321544
183693
407258
349953
677158
898249
475356
164003
537400
182437
899219
811151
451921
948642
278897
138653
425099
410645
325619
242848
63380
321680
738428
429143
413344
66799
24029
632781
425404
620289
766838
280270
193603
730640
916853
533382
463017
490639
