629
642196
981367
910571
498218
82366
814207
133180
532788
331075
88591
383434
474666
128699
274223
91531
76611
714824
353620
761263
728517
726012
206805
412305
404503
481432
103560
327113
284707
243696
820025
363678
3687
713578
863814
210393
653017
978021
802074
171572
442549
531318
185156
575921
517220
142285
402995
134088
549066
143350
860432
120
619500
619835
580472
356031
329789
554023
50645
4773
404996
55142
821912
243442
859499
333641
95381
788479
105509
705445
174010
740778
505853
402587
33069
224803
124920
433458
790978
757923
793511
409183
298518
810557
867403
61223
960459
804109
660516
718299
142687
618188
829592
517058
983851
633094
656189
205333
210038
269218
795651
843172
671412
680928
856897
341846
227742
370402
713626
655757
71663
598945
758411
876136
445752
590976
123797
22562
657760
477437
409537
990296
212028
416900
102869
173991
559495
734814
102865
715763
800958
30278
967270
600325
55963
7836
382516
992588
577771
615411
811198
727172
292942
961797
566317
813876
83979
623558
705213
777489
609677
524949
672584
492352
616894
547919
44013
903673
697407
597758
615389
643911
819969
365295
86850
42092
197379
51105
284300
143073
975464
580185
736793
573370
330868
304147
26879
593832
370467
512787
251961
207065
242214
982745
954925
184634
174459
684466
382358
765916
718119
722859
424403
280180
649235
502881
321547
813949
953153
571636
543291
988216
504297
878746
205981
968659
141876
913807
582582
233256
590868
547434
555453
122780
609854
181643
467747
125544
652677
817393
574979
787444
715028
535144
248616
346783
876296
845151
893109
531611
647528
861976
578165
496950
139586
939064
185280
216499
53155
291582
690630
611031
748082
989457
746811
929983
587241
779569
809055
963246
791665
56144
391785
71653
646106
243386
980815
428075
259572
611630
892917
702444
734924
826065
773295
241342
104326
507576
868725
607614
153108
112483
768354
933529
532624
704586
817512
340839
370940
553039
32533
54193
851155
690514
297338
877011
716747
887395
102653
489149
495338
88210
554685
698131
899074
172643
716637
462005
949067
383518
223984
619545
458331
56194
58431
904915
63492
785241
468601
525814
582154
649959
715384
329109
105727
98428
83820
471330
24509
256297
628518
67896
978944
863247
439235
356916
173086
940883
791155
980798
607075
321133
693221
795686
311501
634144
410449
761961
945120
482436
677473
667538
581415
568831
865085
655165
545993
12626
751665
569143
338372
641615
98301
6273
531016
603305
625978
604403
273202
656036
508772
735358
304355
678059
110664
143754
39421
336768
211211
300734
742010
646350
273108
18589
384232
279130
759703
174541
814981
633368
59583
897780
460019
363226
328183
855035
117912
332387
751062
252980
273620
399066
681509
906200
961312
296986
578701
919401
292928
875494
67874
865910
253092
959546
98054
878013
919521
839164
143483
910250
481287
583697
518473
379262
137886
64717
563144
883083
988098
316226
84939
721692
44056
440889
753385
985777
253036
100799
142441
60071
261417
228566
156169
430070
523891
678861
244267
490005
758181
769578
970461
962808
580130
128963
440259
55353
210394
945132
387492
47701
770075
384650
456589
451085
93777
823302
165733
472812
971932
404638
37263
585768
438412
167125
935925
504802
920060
686282
810296
508488
217160
957031
921585
490522
811308
918768
430626
497609
785594
178363
135230
347387
51639
859007
766225
852972
982163
471812
687053
639406
303684
359674
22259
937489
778110
748646
851802
174493
742481
15799
797727
285756
450014
248119
437162
215221
717623
346013
420312
26003
68243
687167
25738
4772
887978
950372
246538
922461
848307
771511
841685
661787
921912
760984
352073
962436
17426
708877
81196
478284
936455
787350
561686
661588
429308
671582
71869
195244
905752
912013
689371
896185
288696
751995
668478
934002
823816
697406
345131
188676
23492
158500
852080
569110
159691
987132
965445
320550
323613
755727
136542
914706
440561
969580
720720
707251
333750
638177
816029
803748
763940
404934
946334
778976
279229
876339
972876
750793
811685
22161
420906
556677
984731
788814
614483
974147
385299
173034
246747
472412
492914
925167
31141
261780
80549
98749
333313
453631
441630
30467
804863
745344
222125
822666
302229
757549
537719
585003
329128
870734
578837
612961
28922
455365
652811
961273
802673
589319
389411
547238
873408
55752
671013
708273
946548
134261
488438
924557
952029
992475
