6870
970970
447162
674457
141085
304986
826563
196750
572743
645986
168037
115735
403953
638617
4124
411190
434492
163644
466794
870948
828126
517830
812283
214408
243796
146683
206250
761941
794803
382352
801180
624576
99932
254330
279498
77405
52622
754897
43037
119893
29334
699297
646642
547910
429537
992846
911549
490743
72178
121889
666633
72118
316206
548595
713181
418833
708565
273780
836667
651757
602059
183512
175170
917510
469524
737632
182323
447427
351455
193345
242640
405493
281017
224946
445600
251628
883490
214743
679120
958838
988605
467845
679988
283893
187040
742962
509610
45340
333004
997946
902559
417350
588918
996560
274475
946418
803588
213055
514904
558879
111507
228124
83200
618304
732149
887499
747220
452829
735096
778538
287225
904262
658145
383453
571724
872820
457848
113143
826118
383357
600573
177281
837371
940339
461176
466859
443901
808091
307310
861324
653149
797701
322095
751320
428561
356300
439821
870621
934001
503724
559271
530873
113564
802107
395747
404316
898488
9350
847226
377910
468886
301321
714412
956797
88243
323082
338197
320476
922970
520146
900312
931259
189991
217161
58231
723559
624167
835437
770565
191711
256220
996271
666866
334970
326749
587626
252678
559160
81433
638080
876201
685667
146044
873747
648222
955169
726186
521629
515344
293977
160168
807597
142533
581824
693914
345151
398831
209407
901351
219958
829921
290883
591224
320824
869279
914272
171104
849126
989774
993634
887894
44663
522698
426866
703965
592048
193750
916898
659140
138178
117166
200021
274825
199487
853817
399566
702041
328250
351003
78675
77299
858299
661414
603453
225578
222492
521072
448095
975689
5636
615295
107729
920401
623485
785697
779480
915677
868211
393881
382387
680295
755083
742899
452357
310371
144733
711161
45850
238665
376400
391422
573335
154800
846289
702039
374083
925142
220911
458538
203244
505468
87255
320414
308343
665582
627559
770098
213000
203488
736688
37738
823434
184692
846605
322851
857435
988057
19802
186824
579479
182797
348115
595549
56704
315778
495947
785145
388999
897183
125830
118160
48441
781981
598387
430254
759113
583122
864457
132224
405366
430091
947260
377869
149465
106641
363036
581570
701901
931918
57483
915050
909114
677514
734425
318524
530112
814606
164286
621838
949885
73129
899763
387496
972028
468176
754733
465139
163642
238240
178231
144145
405846
721984
59882
40262
391764
688930
729036
293651
721165
877864
683843
268835
535543
806563
299700
78367
946317
716150
438653
411548
380315
316057
485642
446644
998824
369914
97496
472114
578687
474237
910084
602279
825308
230564
963215
607385
660336
858378
128817
466459
298449
706826
390742
45176
743874
829117
702969
892745
224986
115359
100316
480166
675731
301651
210465
629561
593905
501629
801480
630190
711692
661261
243142
256710
370556
507292
75006
845003
729697
916846
172831
929950
610316
109207
885721
294956
667342
198139
547196
818047
64923
103470
222576
465585
685977
650938
957707
210555
916491
203262
294994
609515
993557
436083
911504
182900
144427
816522
769932
765535
446362
420337
884009
304352
904563
7989
777439
744963
866448
169602
605266
523781
458372
797509
236428
661631
990435
344050
46556
21309
724266
370401
318922
622509
776013
34452
826101
190451
2524
447955
554699
171674
281617
857208
451045
956708
306360
96775
603901
331842
165243
97205
408524
454815
551113
51018
261572
229526
756643
131040
232743
633349
833475
735691
35971
810681
533161
147155
130250
527113
159363
130268
536018
487486
189623
932711
432037
786223
756753
718257
945286
426284
68356
448761
528385
643409
655583
293471
437677
698554
324237
158312
579714
599957
589192
747102
291665
741650
703964
335956
524836
299703
753044
411655
505010
364113
643523
234401
725183
867653
930352
308567
199694
103749
435167
893617
187780
10974
126136
534570
488283
366957
772375
75757
385983
230834
146095
981119
245640
372669
793627
456892
735765
92164
757443
494394
379905
762262
362407
20234
826309
636074
834443
600285
90666
72721
185663
660802
82025
385035
838282
431821
801313
828533
696114
973972
401075
295391
275755
185491
252798
477180
992026
643439
571186
333235
722116
199832
395987
940114
830744
805767
82380
896994
805525
522151
837613
714901
845209
549968
45891
5916
177224
555694
644115
464853
482645
573248
228466
938658
598896
856892
180164
119637
723980
944208
120975
828551
55948
321988
875835
950728
25033
623099
2920
697968
834434
308377
992620
299284
22881
500478
413736
683221
917798
816175
542277
743058
280114
406166
951696
911357
729714
448160
293744
626059
880102
742532
709504
42373
491341
660644
943053
397692
834799
78924
796333
705433
92679
304663
940154
210066
343178
493168
258538
991097
744536
472438
211212
250350
949950
768313
980193
78005
459622
77729
228245
988386
946780
543151
892569
609137
543101
344922
365342
478258
723518
84315
800623
893985
499926
951109
128555
446548
729545
10251
225886
178701
761234
787558
651516
17711
228141
146254
987449
657422
754942
835941
461384
346335
267681
540787
593133
45583
376783
385420
112129
957679
116585
899982
139010
191820
329189
527239
382676
71453
559506
729779
861337
955925
379017
364450
346152
809241
968114
766456
297836
290316
277680
724367
420124
903045
302506
908663
961106
143650
442807
582237
270475
594550
545573
238793
884410
20381
918566
492161
13705
963953
916888
778251
500013
92437
873776
610512
556004
53550
912706
334044
718606
871986
334703
642946
509733
918232
951851
999709
822875
662063
585449
563441
577422
79115
421414
363631
867051
757466
420687
168599
559196
521108
35792
897656
649583
990097
322106
236307
717253
191732
645840
278046
271474
695749
800943
362980
389240
102429
362967
685961
789467
149626
48410
728491
761569
291762
178335
693477
507304
29125
109651
473005
91363
631307
325294
425373
321011
388812
173917
111887
35230
732782
589650
121057
16558
779721
372900
744151
555240
572375
834339
741472
568935
550855
726332
838449
50134
74480
497669
724942
258951
539491
856487
989543
449906
210585
651301
802975
565260
78475
654477
509991
81987
791009
115897
584329
161428
602434
443330
872001
237514
305610
750211
683526
741140
492377
960069
962086
616065
355208
837004
690959
659418
114935
998589
155562
846876
782018
199146
446945
826960
875154
384892
190529
623049
200079
833660
104699
327930
472755
724478
890373
602993
541754
999466
239134
965684
253558
643304
585134
929014
850559
686375
985867
408694
867911
475787
143768
945141
846923
142385
599240
954962
472549
766623
970048
898819
207166
278733
119643
587762
406754
525194
303367
722482
748396
457165
884300
554140
97760
127641
591789
726218
23319
515339
713191
604271
607829
327683
19414
857938
233718
212461
990711
709733
106759
617131
616136
749638
194674
491873
280524
623121
926289
194844
455914
911135
566371
564895
263285
410016
124316
700684
925703
887249
134678
447084
97926
972057
208102
973979
561480
40262
624137
721747
66131
215071
612670
634963
128701
130085
949357
835243
81138
656107
44420
900967
516564
798991
672483
842966
393213
914772
448429
248118
57824
314205
165695
656125
988813
253320
867389
339718
195347
232165
736968
520150
989375
553810
260940
952459
378883
917876
89845
344864
185522
84948
721601
861151
540776
775252
785136
17764
166919
697932
614361
456073
199132
846597
637271
74803
806879
685712
876064
796216
818393
548612
41973
339692
144800
275155
470261
165063
298366
144712
910733
739508
269168
307232
730698
523128
683594
129922
38351
695421
157496
255131
173026
681147
836575
534490
913824
659842
904097
476805
531601
914214
155328
399222
229462
490887
615002
13302
816575
350139
197394
619829
450489
834779
75855
249955
803493
264487
427422
667309
433283
905366
688371
581079
460173
556927
850381
691634
470880
549469
15479
437115
788117
516354
842922
456464
144623
77915
376784
17679
48364
176860
731299
811981
426878
940680
504244
151984
22484
328030
312008
402410
239889
517219
205085
35986
702494
555593
216202
12513
966491
813305
703044
703749
505776
574594
855164
322917
510210
49245
218790
859890
137282
423836
61141
705894
428895
919087
361026
987933
977819
22035
457516
278220
959739
298648
978009
710562
677144
253325
576058
83833
989139
543753
566188
9081
885286
439641
912539
410506
597653
185281
213825
19571
14723
489713
532044
498900
525280
192006
627486
660796
333056
476281
393582
998632
689927
846568
74060
253401
764609
845119
459521
639825
413262
56515
738260
523689
534970
849915
297129
969746
202859
19579
527301
999782
376435
573134
127405
108522
482374
89599
490731
868707
927109
761092
714162
849553
564472
806472
593945
386252
554971
552723
439107
433978
45711
916249
665888
826091
141169
239836
684556
330961
86792
631678
198613
648351
525912
649447
924442
585660
594771
18190
273870
224100
383151
13096
652828
119260
662227
317931
792869
45200
749419
380094
805093
952714
879835
620415
912883
479441
934735
474800
865383
295516
688049
889855
774998
198065
867572
116784
874680
404127
994509
517097
196267
465236
900866
956698
222224
506972
475931
813638
368659
242423
844084
860083
821705
876309
575092
42858
475826
571504
695448
787371
967005
673606
751145
49137
16427
643634
987788
271581
487659
106726
540344
168130
516389
50951
326722
915916
568306
712421
200596
593677
149704
455766
880188
566886
855572
669166
609696
600974
575168
959708
421712
74754
565012
37476
841268
831945
256760
870196
771236
551587
839576
311334
316374
746766
570144
847761
505714
189236
274279
366476
779266
655220
564776
287936
525573
70667
249066
80873
77027
568159
376258
577577
185338
11944
393135
235657
774742
863995
999459
987789
203200
26548
648673
73522
129005
422208
479233
36678
460183
463877
297553
789924
702698
813806
316438
169867
869716
206998
902384
711195
802239
789712
283995
766379
618907
75217
230097
861001
256084
625531
620493
580879
658147
9222
995691
576478
129600
617357
565676
726842
202933
625779
438165
544258
468302
178160
32566
817354
321197
337531
665928
936791
939130
929558
651056
249910
104567
603313
64928
675961
77937
77948
822173
65743
390610
208396
660123
340991
370068
819561
691076
854273
122704
510898
440215
196153
472885
785773
925229
666448
382164
892783
506839
65393
952599
55012
994340
167197
530002
612348
955519
926252
625713
551026
645108
511969
995985
289658
683283
82856
647660
214791
851117
689326
775020
84918
141116
70173
433824
657434
623903
676595
41612
389797
904066
622782
663130
399535
624988
199286
811247
484902
453074
644471
199833
174739
296505
473689
73636
43589
383673
639406
151884
658140
374668
596567
729036
629683
704806
600707
727701
561579
917935
112517
150161
566635
63441
513352
398123
982843
786643
433619
314724
981437
325741
773484
55313
438478
350347
925327
961695
311727
59811
367928
49499
83781
17806
81397
292638
386426
639422
871831
583123
91586
13980
1730
656423
282360
32255
994724
867979
573798
375242
275842
805480
167843
978850
149742
577633
390807
855306
808789
419774
976987
280862
880309
980154
221819
158505
313515
642986
479069
9123
341482
467527
880891
324170
452808
59803
220555
17179
845362
10885
324161
884077
517696
792424
30442
811051
357987
837430
310073
850476
455547
752660
547359
966513
433029
751851
924243
831930
332210
623563
177521
300549
497299
318395
277823
189604
594415
260897
299786
618361
342583
77194
54255
37841
700049
219991
764405
575771
613200
363333
152408
386884
882245
452759
935265
867504
824559
313954
810352
72086
337421
509429
689500
79096
979220
939490
152497
885950
674237
625326
558680
175534
268470
237073
140116
19146
31928
775017
352104
586695
998200
288834
227095
45861
113399
325370
725059
926511
92020
474964
634039
969809
36802
713116
845632
367185
112500
661105
173622
333612
865908
403188
977304
528206
682739
727820
105109
51309
137402
74003
706471
394754
577951
944928
533786
35237
746708
55218
36395
321604
530202
966709
120907
146815
40211
629300
178947
823971
231156
261788
932529
337346
863193
201705
367024
134123
721458
757487
687062
588107
729371
858823
252886
229600
851274
837268
76102
102486
782625
475057
745212
353344
967076
881017
348049
485620
535684
842482
313799
429635
660698
792662
979911
997395
929455
612608
325379
738780
235768
455664
868026
630331
239519
910011
397081
554934
183676
43986
606015
137485
460002
147372
124313
721145
455894
475411
761132
79172
374235
406793
242546
219844
3817
144276
66139
99381
307772
23533
63220
566706
972808
809473
444965
132944
211657
321314
529685
741143
446777
579789
730152
173982
643419
615448
325224
94210
125685
285880
832257
821890
756250
357996
715430
557498
85349
483338
326994
420987
249858
420644
911337
932995
80294
97687
981309
924574
716639
8176
433132
564376
187909
598970
544998
466205
412816
232
828684
169840
513731
608667
224308
318532
294022
395729
263497
69114
298322
268459
960399
370232
438342
506074
150277
892962
669654
211941
913891
750328
112419
191961
159811
241164
6309
499277
84956
95006
237508
750224
121961
928214
89159
838194
628776
918109
872099
797932
302014
922264
27509
364716
593847
573249
347979
773889
101420
344740
153757
25120
426301
957748
309337
52689
828926
224072
41244
28217
684847
583733
25468
286212
541026
439944
611330
141294
306305
967520
269301
538223
637992
931174
925009
90049
110126
309995
581975
900879
959489
202716
708606
712252
477615
658916
249735
775756
443649
147358
52270
741171
416898
461877
665788
733624
692381
353755
777466
503942
6372
772002
447744
537359
352557
905274
426859
909533
483863
964872
278060
514103
853610
442143
509629
118572
244700
19357
474543
381631
77936
500965
578720
880175
213242
67380
701128
66081
457981
936930
319538
81580
687797
840696
865159
117633
956592
825896
990853
577845
239894
678125
809807
404077
296970
214592
59231
367525
7337
702963
2327
465885
567280
840046
403892
604512
161018
67781
976995
885618
874150
828594
194158
954645
298263
224564
290703
722168
888533
880387
575397
864189
438800
44846
106756
49317
734213
481747
190823
810267
610426
280187
680833
558681
634531
820944
902256
805499
933927
252731
682643
581406
782908
214942
221746
187700
609390
139435
95004
222696
801791
709919
904974
339880
637097
760031
851535
586515
993791
491117
876697
84289
852658
824967
269233
41769
421550
903516
691352
109555
978148
725227
9050
92443
37155
880827
563971
777406
692576
263153
756273
73989
259732
547409
943941
68523
21764
853396
681331
575724
419804
449953
646969
415436
288757
991275
221805
233985
652150
618280
264814
498174
285654
135274
427453
81436
445567
650587
872484
904103
548494
801497
644436
925955
671223
52780
156941
71418
970374
779040
815414
211171
294336
41092
616140
225263
736168
311101
555127
288979
906525
598023
446456
665229
823776
443082
552255
196310
205940
90773
374042
104931
279262
130105
537671
696855
117388
71044
428586
564744
171090
996761
268762
974252
521039
940777
349653
818272
450030
873936
867668
6740
755913
821390
727354
409431
297447
273760
624486
324667
176358
700218
241383
717861
865204
335972
515087
71475
967991
571374
900576
971978
913549
146577
328227
954170
599213
374628
338072
472592
68012
391224
639112
391929
492380
908368
907638
443982
306063
572608
481524
805057
20345
362017
220625
698209
98739
785901
65456
9485
807260
541694
402676
740787
710682
107358
680215
290628
793726
708298
82330
577846
837894
478792
420439
60597
588028
758562
268466
947047
931131
113534
278190
147546
869713
315547
609819
804173
606528
529130
990317
580632
763807
998854
670313
418808
705886
936082
415352
865915
144487
330990
564574
143748
543
356950
16324
942780
847435
175959
434225
791062
849360
660909
661399
390972
148819
743230
559434
154843
446975
308653
72204
842824
51876
954333
835907
115661
894780
658498
70219
922836
704458
351653
166568
904943
939292
899380
525588
768066
740463
869187
248567
898382
196657
533603
81717
707866
498273
8157
658593
575488
377746
439436
53583
112465
949391
626324
157766
93030
550553
522178
997012
481092
35468
875458
940988
312939
550112
903479
759499
526907
75466
470971
438793
824836
473922
338803
271050
358632
474528
957389
359588
798959
633248
648153
348219
212263
536388
927489
506359
290038
176473
584615
352023
293950
448913
707417
526495
509803
861839
840307
583533
35036
591234
318610
228650
920555
301864
944496
661019
795291
669044
457889
139095
134237
470219
394281
579603
594943
288488
297207
571801
976690
400351
796418
477464
505270
602366
668991
735828
352484
393551
375036
186046
473623
85562
384476
190430
653304
152199
948784
32876
532709
250498
383662
79423
278526
92471
185424
400861
993483
947101
842187
861424
957069
10639
837802
254938
846816
226613
178311
754975
288073
696577
138086
754049
679714
978901
934830
659945
221663
476930
577157
206209
881980
279404
319175
702815
145541
441865
759522
527259
45377
826440
690768
353153
704380
65294
999218
434018
52272
208603
123270
244293
828751
666379
979333
977787
281584
702073
273244
874448
650835
264958
207428
762973
804115
576599
393856
578619
484519
852069
294003
82898
116372
266445
335451
553423
594803
396992
815278
448820
876954
451989
383759
854473
426730
653521
505709
609584
100725
780681
695993
26262
727369
931358
838977
490181
625886
847784
153006
314327
384600
503150
96278
807174
941624
686032
541951
629150
236709
321928
259185
111571
719763
380997
228535
644463
301710
631927
807538
171620
464165
612777
211929
686527
932853
313863
607888
308861
908689
780161
625188
319480
20875
386120
190369
928250
368226
69686
279184
460595
251528
326730
625041
441349
367182
385424
779472
528699
864558
780703
828007
946906
750708
877820
310800
693712
634763
387549
860869
307209
179552
944199
909687
888033
416629
388440
319463
830899
300676
217889
248483
735568
600909
279083
585120
722636
503038
843547
383153
44530
962687
155952
176098
955671
331159
318760
979699
699660
956158
570371
693300
423533
880575
151135
509498
537238
381833
922178
622587
71222
362196
496310
950091
546299
463659
198223
804212
313517
78681
569800
566187
214359
172596
743436
197109
149535
193409
959184
931478
860279
739010
779613
562417
651628
984291
713707
635329
344860
467837
385705
981938
603973
242628
570842
283485
962232
208020
647257
761631
167339
645139
422141
414229
629870
143042
601239
970293
369078
92326
857112
368716
634709
670029
79184
331920
895947
23679
31825
771489
764918
614659
422770
593377
324068
696778
870319
717676
589129
815612
972782
261110
489548
545694
170652
985664
147324
723741
801526
433271
741216
286394
195748
606825
696427
212689
77823
522532
865550
788103
597812
696429
121640
781775
47808
207578
402457
327449
35099
544397
718580
368025
878897
501197
722450
841519
754763
665346
484803
759160
625805
211533
454432
315505
943576
781762
985532
923779
467215
765059
166905
204975
875639
281530
130998
304214
183096
725170
321702
986214
962496
86802
300284
566813
266759
800824
181506
457467
154541
553006
652553
282312
428479
345804
973819
914559
851416
671594
905676
772374
696548
721023
239247
665323
116096
777243
420581
264844
480381
299005
287696
893475
419844
89170
635557
865212
794067
81611
437792
766581
68837
824409
448786
79297
786608
691784
666677
870104
502472
347957
596768
294271
303329
42285
266773
436975
13234
263012
691512
461157
619764
274063
373787
441670
254409
29406
828212
18796
379962
358169
868336
943825
920089
94486
337632
497238
383365
479380
769810
561841
699340
425016
286907
650738
576875
216481
286224
390832
264048
264426
911411
551764
245888
314363
459274
168705
654581
645260
956652
731487
848095
887032
534389
987459
567852
720506
712697
361340
563234
282694
767381
61629
969416
876678
949025
268002
132773
294831
689537
978273
2144
403328
18587
215630
544902
236695
867619
61706
524267
285232
68753
334985
547815
650618
580404
182591
250881
172632
222624
749799
719018
247601
855747
688432
341856
778356
905942
54020
369075
113323
569071
70709
167333
633403
304435
458311
426026
31350
478888
802068
359502
120349
832552
563552
48118
656437
608113
912250
401470
860868
900506
877835
768834
246440
975456
316990
177528
518869
576607
392204
996987
559785
457884
272290
683811
770350
725311
512690
762127
73323
862046
471635
303684
17127
977012
715030
777007
734843
22256
394278
106566
447635
773546
323227
563021
806657
577392
560667
434037
257021
432383
810541
773406
948797
298125
356380
606973
444013
827203
304964
783961
651340
946889
232892
221360
402211
3065
5343
478902
250146
253301
314809
924797
67672
440084
360971
282928
384782
86903
675323
852921
593601
61818
133340
857027
729915
353542
142485
144217
279693
796100
64176
533421
105579
199468
888513
787125
788196
102971
407345
839472
983228
664387
256742
899335
295207
610524
574033
351374
963428
840440
435475
680041
840884
216533
602700
398987
467255
899147
849794
513562
50465
957637
529707
568559
152413
918924
480344
822009
127614
866303
937854
961217
287262
73631
573857
861256
240469
903047
220382
236876
59032
949112
117014
726377
540267
678162
286387
757085
570628
756896
538328
676260
738558
918794
236905
982338
497718
423341
185972
997791
507974
161544
657978
235404
251420
156877
125342
26852
458870
864856
778025
867661
889084
503931
583032
412958
675513
622775
488131
911835
265335
804744
961290
168859
855159
707928
851613
902090
153546
357011
836488
305163
642255
386074
56218
835829
588618
465809
939601
303679
636701
117395
972150
597285
773381
829037
836074
905203
675528
91504
22441
993381
37384
21388
449507
636577
556849
262717
753645
396205
50242
666443
922529
635054
826361
14034
641634
145723
613934
673071
374205
409630
694396
625220
767594
121831
709978
245737
751219
719724
11847
709999
668268
275360
829284
638354
507232
178702
648539
109114
908044
493107
320701
783086
364996
60534
386538
383126
363700
39685
855913
998315
586306
539469
667416
634621
451278
539861
900093
792160
381083
68408
665210
868788
230215
781757
716703
704080
599926
931477
474202
966603
223757
103728
843657
769702
968602
865084
976240
465305
551057
514235
736646
917944
588658
223743
284330
258626
294598
120453
986291
402695
920263
747692
365093
509043
572063
668688
734847
965306
575433
419079
286769
132706
291604
449336
94570
491880
203782
549075
234128
136784
284509
324400
421129
811596
642161
214472
944374
850056
56053
853770
336704
304464
249564
488347
646922
458527
600088
155757
502918
510277
837693
516347
65635
620468
869508
91422
278820
168679
840428
656975
361612
973166
815676
390650
421110
572251
356131
684219
718849
60035
95231
590647
285032
19569
765244
156569
877743
257453
416981
80936
733497
633892
510454
16322
512439
939508
209282
478904
735675
32278
327728
546565
906730
920745
860560
13547
904400
926551
551468
286892
741070
458470
707593
370914
199342
343069
581389
686843
102935
16016
706874
272405
875356
372235
696984
426994
205230
413079
220402
267544
41970
252523
738166
564616
43757
452147
256768
776280
688412
811765
966832
449455
109281
430630
225655
649565
925271
522184
716401
710421
906758
496382
616557
289864
409522
833838
322888
935262
201934
700625
591222
728275
877454
31706
181026
854508
384730
882752
373358
556757
77982
420394
157203
505561
77054
215542
340972
777085
672487
280422
168974
235705
897729
291752
129423
401044
729728
749377
820200
887515
802202
692821
67317
862333
753363
415189
459929
86662
254004
524293
400702
260278
354714
399529
751802
929278
338410
769547
127117
443030
308258
239148
559943
187774
338635
778949
706694
731471
996234
883512
100253
921084
274902
291992
334417
448683
469957
723218
650813
17130
978367
130038
294869
112719
947091
168806
388039
927089
116776
189913
348861
308348
61579
504204
630911
999797
466792
586311
970422
812939
737556
17992
80395
292182
293063
532302
25774
954863
790119
280323
407603
740075
672895
660806
700118
641588
866574
745941
939423
129990
381372
610772
472353
117315
601704
748092
727004
383732
762716
933219
784578
821597
941922
927715
499479
658492
203632
519914
817777
412829
5438
282270
606559
284765
493305
695403
976870
315705
857167
501546
550311
774674
187563
77359
863388
965503
527227
424495
685441
349135
556204
321420
698063
182042
798519
313599
90979
607298
586453
778337
100926
936203
685646
313430
398181
586324
482159
809046
691433
290994
712858
676249
350145
788584
275447
278111
817491
629124
778633
994713
773650
368536
64475
745143
367552
279252
477529
342863
757461
252733
746170
381031
837176
457228
353243
165215
532394
670181
267112
112574
727554
331250
922995
343447
523602
945820
923239
516695
778089
984998
945045
835502
484146
176486
702317
769368
891322
634656
76298
629767
520911
996800
264420
940143
959939
523380
694313
239533
444112
177572
902053
694229
892437
933135
903773
781527
27519
508675
764540
796620
739331
491896
978085
929891
862599
329610
373351
447011
24800
706386
506190
660252
958070
745056
197526
29678
895044
608022
792635
220597
808316
653796
109356
673168
144584
913563
492253
128204
212778
227440
572988
243890
935108
278864
283579
599146
659956
851290
582348
300491
888855
539198
741803
885952
895279
514992
236373
850328
722463
317192
514454
397161
790099
242937
566912
253666
701628
881195
739063
26092
609337
636536
429034
707645
745425
811264
318492
305145
83165
153706
430560
76804
10755
653047
330979
164009
686428
819204
446371
812384
393591
528668
654910
704063
698807
563575
145317
841984
449879
137620
767407
66731
518094
414574
919498
117088
372622
680158
369484
395779
435366
495436
399399
985220
308807
232275
267195
317193
168675
506673
198534
876667
72945
557991
980407
446890
918925
925555
706208
680286
586685
462632
996169
709499
282255
622503
653856
918287
636830
838588
549262
116988
674803
363607
213350
322941
605895
971685
286263
621590
652199
444234
902657
977052
633520
773117
450884
196894
245050
923969
367091
575919
113553
747452
978376
933585
529054
750965
780593
528896
639397
124719
392808
535128
412264
679004
360416
1635
857768
484864
394587
349187
718539
492644
95129
390329
694809
588850
690858
434447
428192
210676
778277
49640
660216
61092
472945
946594
378401
220591
951104
643813
643656
199179
56924
660555
507113
540209
626393
43692
8334
75065
821738
721668
503925
970002
812496
932931
298127
8026
901997
330034
126181
159392
349943
644605
930517
662771
811656
77153
236347
436775
701905
656883
496619
154788
381295
481546
905626
405162
868438
946634
141468
133733
204586
598990
725767
377064
286956
105009
673655
156937
860945
790137
679852
839130
7663
687009
191821
800319
368592
273218
39119
944561
735337
449885
78705
671310
291237
199431
626975
550106
867866
402801
514550
65110
293853
866579
259559
511803
443953
316085
193845
73171
325978
26202
744280
201333
512528
658441
353540
520027
324815
817081
532931
294625
200331
166744
294399
809884
127361
988536
991516
645845
291433
83415
731906
707681
794119
73673
458936
9374
721697
385092
738667
749324
176075
617416
33231
640773
662558
503529
958365
295194
117255
449850
618810
656524
388027
67608
796600
287076
480456
793808
29429
611376
797255
163438
21985
765338
275310
450147
444382
173222
692802
860370
959808
880071
311657
900343
794739
868255
58717
614708
344380
535314
633789
392506
602392
855621
263934
688272
513536
421305
273406
751363
131662
35774
281913
910826
236217
251733
119508
978261
782268
715238
458775
293906
825878
185242
418552
434139
170986
575318
850322
654175
367046
110165
543477
809131
574144
797537
676566
661237
909373
206062
381031
646725
848523
328403
657730
16577
17006
75174
702783
941011
550776
819762
944740
753785
582929
697879
911868
759912
707543
312639
45056
667422
997726
656440
503794
35907
694552
479795
722761
776699
916560
761176
529671
897867
897873
84548
418406
54565
105635
891424
481520
525393
247093
600287
967022
709114
94102
530196
644984
235667
41245
840301
634860
517604
161961
768464
888570
252277
126083
554512
240411
319637
634592
656140
251041
772167
935426
532196
120362
649482
884733
260569
346478
869572
630551
494464
4728
316682
881993
440995
576434
779854
410402
110004
999000
480678
36043
233071
392911
565045
804709
151243
105038
97784
249550
62428
50426
382895
920195
259656
201488
192806
446176
169891
979452
648606
439746
790186
456774
531037
262733
593561
972972
977935
572553
202793
992202
259480
838055
952362
256950
436535
890914
479800
653800
647576
752769
614365
210902
83126
307448
24323
264670
848618
573422
82836
765085
653141
980186
900656
151965
550887
182791
598666
570539
261065
962806
898720
309957
223981
306146
459669
752114
911215
642014
209580
266156
712744
749467
393315
779193
639184
320454
842282
18840
656525
85774
517502
385174
939356
167683
25255
17472
572571
885850
100874
467634
382384
743373
267435
186062
972378
507743
221507
867977
415314
316797
432634
137375
482653
648256
842434
122151
736113
467983
159056
913728
826305
678818
765686
968107
841063
344161
657505
843763
76077
609450
748077
231303
30841
642738
308960
73000
118354
466819
787466
261629
289491
83235
566775
372228
488811
489685
484622
213923
295373
402233
268489
301340
96955
610446
363473
789983
167531
130968
93301
44410
640147
431837
769735
866348
644502
104265
164435
497943
948234
573041
20413
276819
698277
991220
842422
493535
712069
573885
440218
624562
542809
113702
878186
323824
967343
850359
931297
145336
230746
21900
491892
545050
969791
115860
323883
29862
943165
838902
344343
672671
271606
227214
560175
938191
17854
882964
115019
434420
60576
210909
329660
977688
568711
342588
824966
779006
827728
205953
216507
704120
509353
915617
231477
667222
969254
750262
420143
10872
562336
589213
43072
860869
658186
883069
171318
368116
51538
401127
908363
945416
313135
884633
557638
756760
540045
163613
34993
261388
28307
166415
858227
103716
756493
198459
686729
592306
896571
806244
807717
86120
570037
846562
20003
950284
900857
292643
167780
662280
43731
901905
652681
936221
113191
924884
753294
711224
757598
689263
601216
895261
783211
468485
99996
510848
678905
341502
784582
983858
178035
475077
243171
928376
437807
746921
436115
847672
250488
115299
525390
802317
783222
14903
219034
330425
330108
109491
271782
316922
110574
724436
621831
16245
109645
249608
61196
254991
961825
342351
80063
928411
238850
355579
304955
587117
894530
17942
453349
45901
975034
312098
554888
445448
857776
558907
132113
142304
987426
905369
786467
32611
827058
728818
541592
804697
602477
439100
439894
242391
28665
164816
897801
230896
993691
684266
587714
5387
430691
392077
76908
981136
239477
256643
295526
300220
449012
686210
112066
779157
689228
926954
7898
127095
909340
443243
934025
154956
564095
834820
872589
728986
113782
343462
287927
544886
451571
621047
443340
978198
842052
299890
374780
209348
146522
213035
18236
248431
860342
768368
778370
16668
802799
164492
427997
171641
126754
242021
655662
561874
747702
705285
692679
357596
455562
782261
884126
726639
849790
142981
69101
777937
783515
480361
489258
78573
745312
144766
933022
282083
683306
59562
584612
618041
466430
946016
125633
717487
595254
149251
990234
759535
743303
789858
280406
652131
900715
587298
928913
56673
451247
673465
175225
606850
133467
191510
894857
514832
651833
243551
940512
23005
17092
166802
595197
691568
739055
87437
309977
89563
365454
646504
713953
311848
493477
209920
909647
259698
628876
158991
77156
299599
903547
639607
548612
396395
884664
566942
546350
722032
571930
240050
169494
508449
293752
232333
878496
724678
960563
907124
696315
332610
630109
980986
470872
20736
615365
810818
669830
584332
288417
834721
556140
467966
228758
765026
516130
721104
41830
474595
240492
381073
534134
81692
460499
722867
418235
857472
225570
774654
417473
232380
234106
404327
972760
977628
298258
769851
688923
963853
753871
234038
703518
209213
652924
6128
891315
421662
532966
157431
751449
972362
351511
377400
508738
425089
733485
846614
317888
353101
583446
303133
121163
852167
216553
841040
719473
737202
847588
185886
867738
184580
17470
892147
992439
587077
172713
292587
463879
586193
23398
822498
634502
880375
329348
995047
703986
266628
334262
636367
290426
797018
232208
912549
989574
674297
62558
284863
299037
322016
722849
669996
5175
792908
773607
838473
355168
564063
126406
784371
404038
404508
895668
227030
835039
884751
989894
671844
248505
518474
585155
169634
826783
123593
127589
915676
461605
969143
709099
483385
255313
843978
96221
893993
652134
356809
858398
574650
141454
224109
421863
741514
428963
942565
792934
922647
689946
692596
698802
639347
518156
853558
412521
655571
232419
830976
183592
937926
194845
30372
996134
118146
268032
540243
342957
503129
472027
726878
579318
33867
653620
112277
817057
462774
915
349072
18318
365225
212650
365644
183771
672982
979935
332460
342010
544485
272568
73441
524397
967205
196002
954917
210977
105629
211294
382049
117156
865409
11017
305455
705861
345728
327878
78201
811527
101434
345289
335360
745089
154383
648963
90681
371221
308691
549477
233874
792715
834462
968787
854930
709001
723967
289384
160094
206961
661648
384031
409495
734167
609252
983588
906593
989725
283613
421496
91647
799726
574107
193979
197914
770131
972687
265113
677665
818741
6253
465620
379529
837168
643968
1193
254902
572303
93271
377826
732530
550762
67165
712759
795737
641049
11462
364322
399640
243796
169062
209278
379530
228073
500572
479515
863745
748760
319211
371424
978278
73806
844520
809373
531896
907388
399823
843757
42800
842708
942449
263684
834373
858464
419529
60891
604427
193663
304364
544053
878263
885244
7710
300364
920573
981196
203905
303581
609242
325668
40936
512781
999470
308149
777801
925495
286337
286917
807505
407187
939302
957931
837266
360388
523068
94887
732311
124797
243857
907355
349593
645073
613090
37418
631306
235415
490366
804588
741646
307254
481737
263563
658505
796627
584603
231229
776979
455764
68744
97950
83976
382159
815227
239081
274493
545812
210171
61651
53261
854675
614352
210500
682001
547884
144254
95858
424110
851282
867824
825628
62663
282906
67504
16992
424403
34918
77011
377466
48138
889320
143986
558106
776634
155541
955474
648481
780278
160936
821157
364855
250989
494864
468714
377291
403864
593336
510383
467560
702541
409712
173815
274545
195057
351357
224118
754809
208203
925498
132921
541761
201331
692008
664418
830415
910185
492378
776977
905767
943169
477366
274143
87849
565052
632616
498628
257734
965555
316457
199256
94496
162861
460839
305782
238334
494351
733522
28413
376873
81523
112835
647600
235941
464145
338312
761917
593871
817753
110992
611675
736784
992803
113904
143244
943611
144894
866320
503298
88777
829221
568245
718558
215790
883984
954347
86291
65559
890022
570958
721513
430339
311823
255477
118302
711739
878120
118524
745383
560047
685456
187373
459860
62511
84319
823882
542737
550467
384887
998522
480264
455463
535282
538318
404644
528614
980091
634478
56625
418577
839480
988068
418527
118300
539557
907461
283942
521046
441852
717687
210947
939204
330256
719972
324896
124568
357370
9530
810321
834579
346346
881115
667643
594868
553823
198248
302351
424219
742961
166373
239028
878527
698635
523337
651779
11785
233335
537253
652523
159051
335058
20718
388469
237984
625886
725673
485603
648864
570038
410866
796721
908608
361180
687208
508541
621125
571502
645752
766466
688099
48568
95301
354688
165046
250851
449393
456696
566684
942922
811595
690835
244653
605677
885525
302626
973912
743806
361584
800960
560283
892889
554342
19796
175262
689809
933268
115955
707693
694181
869554
330466
857040
220690
890049
297785
555913
168834
396688
513251
729578
412002
435114
130817
202000
290769
429727
235694
335936
74932
943405
83293
506588
604966
892364
490399
390657
556941
829843
110786
190720
888840
931466
2579
876792
446212
917325
97987
339661
249390
316953
960871
348487
292547
352950
741977
577417
680323
416193
972220
598251
802883
340565
922013
613239
688290
702550
755574
854461
561747
513369
542092
80595
439321
85491
541688
965677
974482
114781
237122
886357
966634
946497
785256
770630
300720
509155
285887
373803
916741
635823
796337
676399
837873
169819
994084
498368
357007
710584
711612
756070
14953
24795
115062
527290
674078
216034
578805
975044
704832
849765
872538
431221
765370
282235
845964
565245
588846
869990
485783
922314
220893
291036
950832
273119
238592
496434
570327
969612
550451
891047
634453
934991
650321
587531
501221
177543
675035
311243
718383
694033
492753
672921
930991
796546
352803
851900
992244
113279
911745
133809
563781
353275
551951
507325
70878
682830
707316
850192
246808
46511
811794
57239
430886
444430
812112
344799
890939
67600
709394
739105
550601
200232
975050
675758
43813
408207
534184
415224
237895
224031
9133
124090
956717
506258
762973
845509
857502
382098
827731
69097
453836
632060
712366
112636
623443
980022
918825
683722
340766
211561
675273
525977
29032
285469
564591
710359
32480
799536
563149
361186
638822
651379
396853
319988
919731
602913
255693
778537
78549
468029
506783
137775
288151
509831
47117
91337
105151
595418
17378
182335
715888
921509
819331
986918
373744
862084
447684
311176
39236
344378
264919
150703
713272
636941
243359
717203
439291
711806
712802
299805
227622
111588
257373
369943
540957
990244
124786
376499
595278
799375
31805
528885
296599
274200
951876
293053
725316
895280
234700
446261
822582
961152
412552
873619
983007
803779
302189
760971
1257
492349
682273
561429
772150
309787
907089
872982
532802
882408
894626
642350
766821
456042
586047
64029
757877
727767
319505
939794
455113
832311
678733
388818
665112
111511
908774
465601
606207
658791
315236
478544
602977
861553
304589
480516
797801
554678
958463
36447
144299
696871
37023
555949
787560
550397
619372
426156
165808
15797
655085
119385
161058
139500
982089
999955
413519
704594
384373
359470
680381
412942
955655
912727
202183
260014
924714
957151
856481
997449
179050
819046
719098
494068
505135
202533
852986
691485
994119
656087
314411
27911
754460
576069
221556
688930
268933
131757
679999
812230
504055
992654
571580
828428
823324
624083
377215
906121
814268
60377
727045
784040
326680
445087
130004
578147
997718
656137
681856
644318
928790
52049
628361
131232
746850
234762
263842
900142
449540
925202
208525
871494
623474
650964
429985
63541
947237
912439
489454
780309
713032
309543
346871
598439
268043
448446
717341
418249
268502
371918
3613
952404
390747
836878
406128
380244
506436
410462
961553
215140
479628
679352
304411
116454
702762
586741
150032
348253
405863
335993
409910
884967
644176
505405
688859
246682
134344
642359
808698
251641
628405
272808
73846
621650
863322
673602
694403
683896
594117
725747
328484
681241
880479
713490
428750
399163
669345
669541
262188
271959
258214
786189
329788
332498
901659
493070
743895
513940
804882
436735
692685
463367
22646
76106
632558
476654
523481
25953
339430
410143
922217
223486
21440
998047
654146
735124
536011
985112
906461
147671
523994
934649
756389
311141
200612
807146
344042
89168
416012
545963
42159
81289
304892
229512
915165
732650
308714
382139
859291
687391
767741
849630
433013
540466
263176
672267
41209
651890
347572
574418
223649
974976
442749
30358
483306
658358
709267
658756
925891
973556
268320
470897
438561
158088
589865
355215
297007
785785
82062
431116
116195
416689
9195
763976
81964
341636
552417
603952
59143
52833
982895
781116
469297
346580
275449
55681
412151
467893
784491
501107
437481
614449
436343
643579
916461
712498
706106
343601
305775
293870
642172
736567
215798
29449
867670
596977
187602
880680
510318
264228
981362
486419
10270
452650
657874
669062
116979
737999
218065
701141
769105
409484
96544
321593
326708
417629
105302
953659
521553
822977
263393
25403
353819
738894
52504
145245
784993
417582
667883
690385
383188
853498
531452
440638
404263
251249
157446
805003
596367
621461
413435
236426
640042
655522
701165
136640
810300
350700
370210
593365
272212
41428
612362
413909
570509
345830
680908
972448
917936
558482
675900
981108
681655
502085
116202
119829
791916
886180
973652
751959
308464
3493
604603
118472
214232
492233
798226
564156
488178
675898
554067
368949
93029
719677
753965
236399
5302
712019
462808
683270
6567
306610
56648
685381
508794
418651
643007
989004
736467
313560
61245
563101
624763
381908
833811
621827
82177
927254
765846
492639
321147
304475
436526
655504
711914
585808
948494
888062
64251
145385
39550
342852
226730
452769
719507
210616
671873
728206
859713
500439
793471
168800
150343
251346
886803
317942
329992
837359
527367
226140
9466
956190
142778
611045
939191
196697
16006
268258
470257
93110
688064
555068
714947
330444
62813
376819
831778
674432
221425
159795
24114
718571
473619
813776
312821
935145
396957
358943
828446
654465
493520
756720
588292
700652
823508
201003
949618
23044
748380
674438
373659
695498
123688
477088
925162
510868
484772
861181
26040
109713
486510
325663
866967
996346
657845
904061
298123
869655
340861
180770
11928
200939
217534
14437
759159
492286
867244
558593
55010
939717
626066
923856
612175
689583
236824
256041
243065
799950
759907
570706
715993
21473
857435
562660
851956
647994
337352
668986
256398
817680
56278
567829
324412
743971
184976
794135
747272
659047
997306
763916
136400
588491
766869
55825
494169
754355
706410
214834
898480
52542
260871
622345
815329
744541
168919
409036
156894
773232
744476
714688
822344
4684
416587
938956
983388
808670
208003
388520
452797
661673
719852
153972
79258
336427
910761
508709
982843
531357
929913
247386
485550
593050
37871
309069
774024
186327
366284
366629
249050
497360
718710
907752
737778
449028
642135
229069
355082
864470
476309
989743
310866
812245
951529
40350
746965
713941
478622
174096
692298
748028
194216
615477
194874
216537
26911
478760
258376
117294
527190
422593
246946
798286
616092
878279
194243
23521
75535
197955
243042
764549
486999
749359
271802
704271
346694
21198
828727
799087
310154
472405
754234
229297
385933
781255
370633
856416
379818
245662
38038
866885
676363
617829
92778
982989
192163
382691
870318
140424
813253
58417
619798
587854
644448
297837
774123
100604
468631
690951
299059
674076
297153
855800
136062
465443
106746
669971
122640
152915
338020
651444
813990
670977
806014
593940
750183
607281
715870
697151
617768
321565
557390
672540
660892
800981
531649
240555
759639
264448
895345
469006
209277
165824
822550
557438
925323
467956
729348
258142
357249
173079
151202
707692
354475
643397
367746
271764
177227
580190
882914
581983
442533
752387
793534
756488
304103
883325
816976
378479
107506
39550
529574
341543
666441
102463
554269
788266
537365
810056
161919
699628
395026
990990
887799
164812
855386
14710
192429
699495
776012
589816
412674
760775
854745
891551
188329
879673
168235
519852
145696
264509
647281
715738
985674
636950
898187
56573
179115
286720
581199
855300
670527
731457
113206
346781
813751
323992
881383
510903
455953
1554
864477
50339
194451
910716
493111
688596
46691
130931
580188
874373
568774
320983
205384
258106
729779
132638
857848
186142
400275
930436
321582
785291
697496
68512
740321
551401
983223
444754
596869
384877
687427
882585
173874
821443
51880
363841
700084
955270
184960
258937
896174
430444
669013
489091
681515
739775
715060
293572
144387
464134
580522
151803
642662
331842
901214
659727
110216
633684
12042
940864
995945
169596
241495
232192
303039
318076
187477
188699
404099
763163
830996
414225
833109
461829
995554
824964
609421
171023
868385
842188
397215
554841
165379
899176
862570
242829
642853
351376
117277
569667
30405
426534
422214
567687
427554
801162
714681
621554
114543
466572
821785
544052
391155
267324
192262
939764
810176
562270
878435
15630
941261
910970
424066
529787
366450
467343
696751
452495
661824
960936
598358
885019
269243
230854
185682
964594
455926
592892
237522
850185
367305
78938
16298
667512
760560
892033
142132
716957
723715
317718
390305
103583
859341
493714
320096
393936
526604
840949
39528
116268
296261
307098
448614
274302
407617
697126
404094
725346
40935
97370
528704
14885
214775
525960
890089
852040
532961
893987
279123
50276
899008
115887
811386
747367
854454
642967
483563
706172
294372
292701
279947
88393
310470
3180
549569
560658
4714
303241
425025
565819
82571
952936
656502
134314
472974
354331
386635
857227
655768
337061
796503
14637
889226
524269
260131
738250
29786
220878
393816
624548
996559
174411
697482
9354
169305
853856
643675
803130
209226
894003
956045
93152
194357
352489
479784
965821
549793
648854
708356
623907
180906
13196
980212
92060
911925
222100
704399
62506
936526
141499
867612
725674
787360
446467
64985
803410
697488
433531
824872
97241
4278
989225
873751
616886
342520
779363
827658
832384
490117
486205
645383
244404
264619
797468
165790
233685
307542
195753
228659
981294
805670
552034
692202
340083
962987
687562
44077
138758
956928
784385
41053
555925
827841
654702
642770
998432
109354
749272
861393
130776
671821
648660
600393
249955
812144
124569
702026
195068
433601
204399
912899
830456
405750
407430
605942
570531
634565
104483
820474
395913
992637
361461
310636
630864
663296
161542
413620
254914
257181
202061
236527
968425
665550
169184
44414
342675
920395
288902
277610
180918
677960
486698
810354
667628
686546
147436
688372
113695
984770
956754
335540
147776
509211
966620
238475
868912
472774
659317
410414
848514
530983
317765
512666
899736
614555
587428
250457
346601
481872
480552
319924
795813
522242
770463
791670
737391
819790
734296
32408
215753
431796
268764
404942
49806
736046
511290
442093
688792
715111
408640
670391
984897
794330
211398
814405
856519
843720
200612
974479
217737
4821
808387
76955
918830
593472
457937
102336
136549
705725
243854
54934
176646
893425
251076
433533
823640
739466
317139
179142
592876
526712
838250
818561
891494
371275
888530
288996
726939
955946
443556
865108
658710
594605
150235
483923
818741
380376
114052
884679
395569
778549
817298
795171
759291
958413
427470
468276
69057
988994
631083
983306
203023
215948
998007
743233
908627
237902
79598
684331
514105
706772
230889
853403
374197
314860
349940
713041
62303
388830
130301
184189
227447
245000
682663
982258
631114
510811
758590
331048
685742
305132
259973
821549
509479
740600
803692
12330
978732
419831
949470
403534
110467
751899
428406
238681
898249
448229
725137
762695
924750
445604
789694
600279
192733
818060
53330
254134
455833
457839
798361
154893
770562
610330
870567
390628
296663
531535
292172
484913
308182
141274
620325
98113
880799
336466
384719
336130
513334
849454
660279
507755
331751
957633
827469
388680
113732
654867
96279
302245
788618
427038
134434
451094
412066
126882
474579
967650
716611
881189
119323
565386
551092
827211
988041
672313
632047
242765
977593
689673
872098
616281
739306
625775
499791
835910
523694
142853
659602
855154
744634
396467
137859
272635
861405
96057
25905
149078
964558
818138
170127
96527
35613
554792
263851
373469
482700
440489
940825
712417
785975
977443
580014
852731
930862
82441
526248
858569
873379
992450
7659
778365
129022
417618
26534
910938
985231
881703
685588
458507
514715
641794
753823
733152
88087
291968
77855
524646
573555
597573
514943
594273
227661
384388
29824
782888
215046
878444
96152
698590
477810
864434
995698
823176
787817
492215
958553
285072
729594
371223
896047
862677
352703
641166
112983
593901
447180
342726
914035
297912
152705
457025
716359
532194
888063
216543
745916
891636
360823
970061
367553
390680
291358
261258
285132
476647
12541
298327
64574
593328
773476
965499
878885
664200
912703
177072
729499
906697
280064
897133
948299
416553
343100
354705
183572
862199
298258
498793
398726
964979
112261
902110
711945
913739
122219
68990
695004
374830
553919
588133
554683
843087
972433
209479
333146
384120
72029
367069
131983
37960
830584
829290
749580
691275
439974
418345
648137
451380
806025
748885
845440
673657
41780
65556
796818
376011
727006
882497
416007
763825
397682
152661
465011
504832
978371
760177
