2950
924950
981554
858662
222550
725705
527427
163869
64447
193970
10342
653428
913920
506765
741699
159209
474779
529774
866242
529703
673543
597356
621842
971265
280576
201913
917463
47003
926791
643154
884718
138984
524093
750545
683101
598605
446424
551136
257948
499236
808959
532936
516794
45789
477000
879783
68398
736064
130508
268992
200059
97742
106467
347052
243070
281925
477569
900143
887511
839297
214252
619558
839090
268287
278489
503196
121649
678013
254114
664123
917752
718974
184615
647071
437588
987753
611710
492998
479497
252689
838616
905252
772790
529040
392497
534867
312999
238796
646387
166184
758903
44507
876648
370017
343904
618819
108378
17722
196705
837594
173130
291614
493386
105612
602313
766587
427175
773051
467253
290350
96263
314561
95379
433054
431464
474512
149574
484645
59584
265339
786858
988840
204842
895054
718864
993031
747244
487831
200278
612592
18785
438536
294497
750286
825223
71156
175866
471519
34407
751543
463298
804388
296925
814771
42835
967537
244483
783476
798901
59748
841342
542005
180154
978418
702052
391932
755575
110557
457545
932320
444703
220418
971429
102763
503613
708878
132707
416538
577933
105809
39240
411073
947960
79339
906686
542347
668587
903842
116925
72288
870803
417686
93781
332191
895031
27403
349338
725450
451121
435686
450668
181377
440330
11635
697313
580007
5681
739747
493842
486561
86424
792979
381375
736061
713196
89927
839391
834095
824303
727989
135433
358006
443379
728638
839352
983389
453556
247416
920062
425373
334867
125222
739784
995679
638699
762633
175434
165280
887570
352399
660999
125678
301550
926058
481150
323023
822001
659388
867252
462720
222962
541230
809691
146075
939433
377696
51804
789394
456647
800378
694150
622551
54000
51425
589522
905246
953046
553542
271442
441274
810739
87320
667446
78308
667810
808154
505211
485403
711259
905935
776817
339557
222089
268625
788775
713843
23498
549249
616757
266082
918147
849368
269285
105374
899932
473116
889150
845281
893215
373999
313647
858585
289641
673537
319253
124584
117578
120102
89833
49925
639103
606659
783817
904511
167497
679201
343265
102818
857129
196963
179382
164338
140475
43924
20815
36756
190380
462426
655552
317453
230106
25864
625812
255329
650246
762831
510614
693341
388792
702291
943612
11441
375216
220700
203441
494133
908548
541283
773181
437580
487003
141197
71956
151270
102596
321268
410040
367839
59636
410784
244299
302085
186202
933908
634677
312695
24993
178629
6318
243240
242242
32742
522280
75523
235650
633630
477596
331497
939343
7643
777904
502485
591283
388480
514050
261281
585779
274682
268244
493985
366150
708784
174164
277549
122933
122648
417926
270013
544204
839655
851408
604781
91322
19360
484770
896031
393290
757326
941248
912447
776830
233933
522989
63266
875141
480322
88821
564488
680858
641578
151127
542080
746681
858128
692430
23274
786813
813721
826875
190232
596635
67449
862449
25038
145845
651976
254108
814889
49180
301999
331278
660828
317669
226940
283432
479125
242790
293014
844769
55934
647758
587658
218038
900127
369502
51779
339182
882784
503368
542232
533257
935852
155682
84992
295045
206002
582791
772321
424972
231429
363147
756549
714301
849251
562840
377069
332885
994323
233129
735936
222650
794855
509347
914524
279716
476257
317835
473614
932264
941170
577000
442716
134370
211614
821878
579071
462143
143739
420420
801902
563493
23000
630827
253653
542527
886969
222891
253349
762152
129
617443
384516
124211
846505
579309
677861
854485
585580
803156
98995
420400
244357
893362
570407
796796
350352
480107
224826
175764
379405
230016
555124
148059
529732
383504
545058
161289
807874
239985
468197
739861
714625
293415
142503
289729
277797
338815
794473
778493
631843
328843
312952
124281
122108
407546
359423
311306
583847
411475
888501
41400
952973
903822
75703
222498
106926
185295
312560
928270
125601
223296
582708
957137
29112
472010
642668
784663
569986
18287
830956
373456
384234
232775
349409
42039
847164
834772
83558
751744
154952
732484
276021
26782
448671
744260
943866
608494
372410
836796
105539
300739
986875
252138
787348
776079
288715
964446
807640
344170
634210
658768
493809
299266
48997
311065
744240
862816
365417
645140
68448
512403
849301
288850
259773
563195
161382
740148
221314
124723
792589
759721
261344
50844
528435
592453
753994
366019
559708
860154
149165
859438
662313
394741
235774
800584
485239
591831
511275
12006
649638
293582
324595
80181
819252
811216
167569
757634
354759
967988
317908
70886
94281
271661
805066
834444
663021
264675
779738
125345
445521
821167
194801
558358
613244
700211
530901
187349
117446
386325
299413
600830
836823
753878
349985
472668
990919
492818
135350
686569
123941
860118
430705
881978
113363
656281
783109
116936
552591
623065
520264
574749
454860
251156
136680
524248
534718
241759
265850
709276
672053
424677
854451
276763
505441
804224
582511
574522
632628
861741
167343
800546
317285
467119
35552
465699
723920
960131
772374
740036
412474
655611
662168
568747
820403
466426
156756
327141
487764
407435
832627
696979
832744
719966
396615
429234
507367
100511
825761
623429
539165
689588
514688
475809
258922
201556
885604
710101
400418
748415
110656
910964
133589
360797
988621
462272
320552
970487
425083
476788
822882
795468
952002
97069
981443
614993
335511
943351
652302
33865
840955
947184
344744
31228
375981
95003
785049
26903
513344
805188
311343
456544
949831
381643
653825
910355
514796
464718
715281
116126
290912
471863
673547
829750
354988
724831
792618
942932
384423
661725
397818
794128
43072
562928
484472
333656
883579
209476
113749
513357
821305
120292
13145
217018
997551
501245
180197
725361
532985
727051
537873
674820
695879
768995
23347
531357
71093
878171
233409
436091
561081
41497
359182
799369
683254
413047
898992
774045
411821
943248
257475
535050
627219
313642
192006
445602
49021
426048
643810
952779
145719
903786
631563
218812
649205
184491
833856
253333
894753
316311
195052
797593
522387
388639
341167
265929
298911
430522
609654
536093
785479
831410
523782
285089
330577
161225
5913
641195
723636
817094
521951
437109
224940
898975
878565
18075
604845
895748
851
604210
425844
17990
366607
439426
269240
803810
640576
275298
584703
789998
265773
413679
548494
351135
591427
252136
49977
101492
539957
592169
959000
113411
343934
347202
924570
348702
288450
397108
286195
809954
371282
367495
902833
657244
190926
850699
316141
352663
1573
301673
949468
570054
595129
320100
943621
985226
870941
743730
201997
368545
214784
861809
356974
194925
145827
978056
521030
91356
344326
770139
896395
885304
850209
93546
28253
669389
710094
763079
34676
686066
194564
818098
657528
404982
48573
608274
723440
10985
113529
338450
394258
971972
922716
582102
25465
915253
92595
724121
421620
759947
446740
292773
325242
113851
725091
171053
135868
805645
944049
881034
690707
179110
829630
912336
8793
194930
158559
296525
221331
723501
598779
688606
949323
716111
117039
461229
468477
180818
918290
162186
402727
205601
458770
420965
258051
162527
243581
636326
768401
245264
609628
827497
942861
323816
277178
432281
717697
838254
928258
654376
900979
900621
505286
447976
840894
567
79900
230217
520958
128758
246243
789423
15909
781457
87203
151855
732075
872023
23122
331367
211426
908875
372787
301495
616487
607916
339481
108384
200116
342367
418250
177591
904211
767739
663870
66437
842605
340017
143367
303294
619329
785750
531082
903708
805552
523151
946667
459352
111220
832088
1479
963269
823345
165809
473947
869449
553380
876261
996738
271032
222648
636664
43675
825103
338999
138860
755337
62473
991005
469040
670867
779297
280329
760230
76972
106405
178061
189711
525262
509684
541028
814678
284479
897940
936003
258997
951926
903026
540744
400328
871319
28599
296335
698540
774617
259651
402276
541139
760008
678920
293842
715304
344614
238534
366490
62681
481453
561886
17215
168326
218672
653462
272894
832580
632799
822440
485980
156557
626537
346887
897687
691976
897340
458671
79934
348785
275880
833959
759260
679205
368161
180118
719824
153997
860579
782591
10872
795812
737264
715995
918348
370342
363893
66898
501255
990487
747851
854229
151103
669997
647065
920410
722710
796379
577622
423477
429513
360058
982700
580624
823014
621334
93176
950535
564506
187219
413102
418
459240
136315
308826
869360
364918
860325
759681
202236
37313
994242
196710
257391
413873
384647
28328
763778
667912
943666
962312
267677
908531
849212
854217
882129
257795
5274
476400
554927
385077
649903
874475
144643
989741
473937
833998
726000
844034
443638
801080
469097
528434
968891
750612
187530
384822
373072
7355
550737
439601
228804
378423
107643
656834
884585
808163
209983
866297
998628
347566
861601
442085
824339
607550
70645
135563
38363
767793
149617
904372
634253
453502
659629
997726
902196
133562
690809
716306
884221
485751
849499
374677
519363
553991
682979
523896
762679
767902
994925
249738
599017
275029
545459
291822
850421
228043
163852
214023
167052
618662
156805
767503
32030
906295
88219
994695
429665
446140
568146
308937
102977
325374
277364
579897
5988
303835
636009
77338
794136
874334
664368
237373
335964
104266
556024
689428
208008
548918
833565
60516
413721
322962
889026
299865
949405
163975
958663
418931
695991
835901
9895
395870
983568
598902
576433
375840
399003
28183
386209
941100
530178
761095
712795
219667
279858
973616
96067
740762
947840
539875
478651
421734
461302
950360
854202
570836
611070
637075
511301
536613
139754
359329
677453
197719
186078
471682
162918
591183
316763
642081
498015
590641
465640
543678
423042
250898
452639
196268
950761
914053
92689
887158
183291
331730
195671
161885
761538
222405
570358
801469
979370
800866
740078
188493
973593
726390
21407
195077
597541
776136
803801
997530
545462
216175
444094
453605
202298
859197
996502
455970
941886
751257
754351
117523
753776
401962
845487
580676
527854
523055
600504
340970
30986
119660
284662
845733
276061
741311
499336
861925
915076
782545
73416
56552
84668
788200
277945
23009
601686
887640
326092
868981
634454
857433
420879
806174
485358
741364
504819
817266
426194
102424
933432
260286
314680
542025
99767
979276
941678
919992
450443
986052
554839
681389
314653
753199
25027
92961
619659
45078
754346
977384
456949
425161
717445
269707
443299
897916
368266
241332
918102
923915
373250
468290
358954
95710
908808
973565
703460
937959
142880
82851
718430
33224
921393
79649
240076
959314
140961
486557
727850
503145
693323
852912
382852
746243
153311
973425
725281
981455
925655
941676
66125
470770
810002
204338
285954
579820
227343
212170
502578
599449
572871
214149
844532
841556
226086
839983
279688
655606
466024
102626
739209
275644
87949
27316
596718
321350
936184
765200
95932
840444
458026
925026
948940
116491
917397
335788
82228
854861
574816
496694
929301
964871
917814
955426
502209
738636
991499
101661
417543
820926
409325
295026
966108
456884
598402
244281
144039
379832
233316
426668
369192
343207
632150
63257
882374
866107
679969
88372
343605
172838
994127
924868
105089
810708
779395
411390
744057
704723
124147
220655
707194
396047
688900
17746
732759
773814
557569
725633
401634
823098
938999
597960
151770
125557
247535
906838
762545
561702
898952
69901
56184
111577
763505
933240
264361
786981
815361
10076
580753
428879
780915
76391
913496
449292
405633
472518
589870
618596
976731
835474
323540
924594
324292
994602
723204
226760
863754
40668
425726
805615
118752
525052
106097
342924
219033
999191
581634
605406
232323
126402
921275
960227
352798
781323
382291
96538
581304
660945
264086
824356
845862
804592
314097
408900
33825
356820
278940
289669
834234
353903
41636
632827
855739
947333
264148
851489
324444
503076
947711
59362
209119
178226
681645
55923
726024
208094
36448
943197
288124
204344
338753
991320
535733
100381
764396
880723
531232
774987
663765
942929
390228
456147
536661
870573
871214
182508
321749
189182
402957
910563
247445
199253
25255
67568
451162
771427
980614
886821
18034
345976
726051
133504
218533
974374
298397
373407
666874
600324
153302
583955
566370
649230
360171
458572
534149
25130
197645
150836
930664
827461
649089
369817
70200
241564
119920
192450
261750
747479
111595
367138
489534
712975
375232
266282
308981
19120
771377
722425
729742
641530
416535
829743
524410
186594
357459
286943
357354
143253
143660
250083
528642
832796
966026
308745
438235
764122
921486
607658
783989
641267
605900
819547
146616
41799
63526
333117
963621
26652
358214
412144
798494
879834
416055
239716
103246
693807
21857
555791
33078
782547
150431
475451
870741
803365
321343
963447
516851
635060
25813
272493
789771
868763
943804
683284
373587
692228
272682
945084
776809
950477
900143
294982
613723
363079
156810
183350
270739
799835
925544
327329
456094
120007
594106
867456
261015
96262
140850
743207
727988
580814
275865
192719
8940
458547
54160
422671
495940
651625
712417
957034
964213
903910
289537
5697
425084
61286
879012
750953
429374
801032
401981
529623
358037
809750
955985
62264
291771
185122
155383
206558
976402
618635
575662
871508
703501
53279
661466
977170
322751
649370
616797
58828
670846
719757
341774
121637
974259
835546
668697
692161
742529
955036
490355
194103
567888
240547
389688
588198
897653
20829
703970
292127
664832
546384
56488
269055
668513
833347
652145
352608
171703
829437
922995
310694
883063
900325
190637
415988
817717
14984
840509
184961
921874
822457
351902
803269
109635
607955
656066
846477
335545
908186
653448
644206
338098
944000
690010
71190
401500
875587
234534
160830
282081
173875
41527
70203
751763
503378
942127
691124
469430
61972
958435
751918
603236
692549
965331
104899
493409
124618
36869
968946
511996
803903
127292
193103
214302
552384
24730
950299
313010
434179
634447
13102
677681
451746
672381
503633
970504
771255
590186
639528
465129
812705
497953
555980
405611
89379
32485
454711
360159
175978
34387
131096
687408
294063
850899
379271
795894
196659
500154
167955
523927
205671
166208
345590
352282
598830
49113
332330
662922
375802
648690
219412
697475
904147
956809
974303
258524
845622
744873
76452
417904
195930
598913
807493
76811
476558
18656
148569
269742
766718
400656
104449
89472
32532
773836
33177
970449
942906
294238
516299
808715
791998
685594
254141
123703
678223
861937
839082
830761
256868
923954
915854
666122
906108
593123
646011
860096
810432
483128
460489
85180
447812
223534
228139
104287
139884
882311
984412
890889
376171
784354
591031
15424
254695
89718
382822
842298
403193
257707
152627
194760
287184
342421
444730
780895
242421
816973
539199
507075
648168
80494
698332
321042
753706
915689
860883
972586
98196
882502
426690
705144
20389
913976
137780
541342
7577
66715
718355
58496
357812
672076
854972
690476
469662
353829
928107
533475
710632
818579
994325
544712
604076
474326
43285
779748
260819
360981
481406
657492
548081
377116
819727
549776
708362
647091
776260
115160
69816
442524
503817
771644
683620
564072
131145
475849
145650
481206
288677
722443
847417
102089
118785
122820
507503
808581
299512
706855
530468
219846
373807
611793
101989
864093
393863
482949
892737
754856
323500
392290
615080
408589
410891
933156
328942
151059
672864
825811
562479
601437
885229
171979
757645
834115
904198
152745
937429
42446
552329
303055
797504
732176
101420
622485
360853
442654
734895
118156
116396
873708
409712
789680
580813
172675
705821
940777
532086
233697
61636
921662
309883
55917
273926
211031
109960
816341
223978
982893
145666
127110
924557
541520
912460
610823
587447
402132
303846
375027
124554
355033
197615
347729
391124
22710
438923
322513
253635
858178
461663
564197
171704
683326
484089
102266
596148
218594
757645
473042
966063
876163
110490
831680
616903
516061
984684
29183
857429
577667
211322
572718
894812
334624
944111
826028
105371
406121
902406
774924
775426
199777
977870
499701
530881
412104
354125
481625
269307
264353
850497
104784
944537
991519
946178
378320
948411
709099
795331
215755
839434
458708
895479
69285
956073
393620
843472
95313
21962
373371
55010
823303
976605
375483
452774
297060
250274
410895
141339
523230
885984
684616
506567
189729
560878
553013
90140
242891
393518
855854
362293
77377
604058
39805
78655
352236
404598
988330
53557
281940
653541
890850
867779
286935
477272
53507
744268
692741
10017
676550
817479
848219
932390
786314
105732
918427
629616
104697
166093
764804
422947
597529
307687
11187
302408
527473
13944
648726
336518
905045
369282
223752
845872
345233
556877
889487
966391
379310
229027
640494
97536
759012
114101
61670
617041
2652
914203
292560
888228
920287
657529
922384
373918
828833
508093
614455
772825
904932
220740
168503
708382
472843
620188
145987
910382
70972
393700
124867
805247
79920
505488
785073
821956
921498
387017
43859
133221
144113
559793
6229
351310
629532
420740
982850
738659
285433
802074
230303
812881
668810
593417
751588
822528
677245
978983
121432
602725
769175
356269
737800
822003
326268
639479
93731
144561
434781
822887
778805
998951
199230
772714
211326
218162
770403
295570
219694
900471
309399
143971
809536
54708
472728
945065
375088
957106
629154
635462
318298
492951
919446
167498
953393
490136
513607
563515
805528
750795
943586
919092
200288
248986
132599
329961
294367
624659
172456
686536
988329
189981
985388
265915
124718
87366
942849
120586
777328
719031
549100
544926
483295
18185
344750
756512
674258
879728
381701
567808
956644
142101
810459
403858
673257
351490
167247
526866
439308
530295
880479
627208
999942
134233
774959
851527
267645
84426
629240
864975
228535
730900
525008
862098
696057
541374
89361
623188
328512
959937
954985
395883
223515
783765
368254
364262
492707
845924
809532
106954
620057
933152
713084
978487
855514
346096
587026
87018
597185
325765
834867
326364
33305
818827
367041
31303
940541
190652
966197
494920
946959
125262
887912
948256
858321
788941
51966
683668
305379
738307
613103
849781
509785
605587
976051
12026
327096
508389
895498
822089
356046
28347
678501
412372
245035
17890
137844
111200
398719
57605
966285
984737
178577
171100
113910
107074
491354
560577
86351
14080
392316
715811
783519
166134
787234
805011
777913
545779
284789
325372
293066
657287
286967
685680
133378
134045
850496
882269
845277
206722
495827
692510
821261
574340
535197
911342
801414
619765
25737
616695
20197
796303
96258
922504
554622
154993
261702
407270
983937
693640
50852
307321
994055
444937
434194
847079
750719
352154
977069
809214
294192
37456
864141
474827
944362
984019
737988
277960
809741
169054
751860
726385
267317
265955
691658
783351
823809
831371
74907
80526
805055
905563
268697
522465
355189
429106
395313
111269
711822
543791
922949
569611
649760
776751
829377
313359
459030
481972
678684
578990
837567
501985
684973
810932
592305
801633
79399
742195
108123
332264
525299
881744
574247
785298
715369
861879
894472
217383
889194
239662
310309
4032
111900
852359
94433
27267
397379
254384
704135
31433
384505
689444
489487
163553
155210
672004
472207
29998
48046
498944
759233
195371
100067
730159
510701
198607
727015
591871
615411
809932
29007
516678
599415
420721
132615
629815
131049
387375
959655
288624
245039
860856
859437
982383
198706
805699
522653
419557
952002
240300
170482
840611
564647
583225
129599
114033
253189
544632
404327
1086
123691
107523
656629
164337
436728
47846
440985
857181
659434
317527
590400
164308
328580
388259
700303
62098
453339
231722
210235
243162
474110
752065
201671
357087
927936
292661
35163
412760
28388
964911
561790
851446
852963
895091
284016
938482
955612
121218
761447
123775
633753
15712
905764
366367
40121
503216
170928
884626
976960
401595
796280
399401
587255
395983
530050
783480
82369
448068
329867
452265
745020
617434
907839
374765
566736
755198
546900
910094
525271
3563
216644
605537
846185
658286
965541
650775
191939
915586
83814
65906
598291
623641
973928
91732
112994
627836
744502
129074
367198
659849
180131
421032
533635
855644
968831
589543
100198
104201
847221
911881
497246
473797
992644
420357
938511
649892
57240
712318
462740
149308
41797
159030
107848
288873
119263
17375
289713
75754
575096
563666
504650
801257
138679
274137
663148
603288
760273
679782
312728
27511
926119
39143
793379
745714
895996
382769
605439
624294
235153
858457
366625
53892
618015
86434
934548
857102
111857
192208
857946
818623
178331
123227
423226
701383
19802
596031
190443
568820
234570
694000
763995
237548
789182
914027
698460
179927
864575
63336
862316
519705
545572
849324
375071
771645
797771
959418
580331
