3204
708563
337480
827820
628837
392595
420363
794662
655317
605347
962164
579622
480962
760014
495062
361702
719546
436359
704335
964023
509056
679762
643649
48887
846803
226562
152620
379934
121688
905949
987749
377463
104102
887899
632885
642347
715886
417037
983313
85816
983493
889947
472945
68673
905168
702694
893646
298752
50891
828236
373309
644823
670262
605577
432611
962115
303260
350074
140948
160689
14273
490429
228621
873835
102503
281845
645897
942187
845757
100266
197123
512720
122341
477261
956170
975278
841760
33625
978362
365312
182041
406356
716188
336184
250891
611253
534236
186231
598991
2335
828899
835545
958085
990283
613713
984423
345695
109893
118360
258480
890693
334541
429432
323953
591016
204702
922514
8945
357671
284363
17580
815274
245527
218436
179904
214625
920371
370040
860481
869271
346720
661653
870251
927384
415898
818602
46149
141680
55745
139054
109878
807293
493050
570842
801729
666208
476163
269809
300319
540173
775703
861728
112376
182274
584762
508735
905341
470933
148706
44087
396005
984485
102338
470782
192449
687602
599476
511102
17918
411657
519105
731605
31031
790104
128336
434293
573685
328352
184746
404842
878084
227976
787238
19196
516146
437069
779638
224746
541671
693719
718668
304151
131676
169959
918442
601089
308858
508077
731077
577707
828943
415607
645269
984541
383407
975747
629372
969154
352165
210165
812048
964079
434837
266212
105223
507779
381359
755982
399166
708521
409490
438060
857446
169914
308155
680161
638667
14784
58984
790155
265218
355478
777165
282620
508911
669867
202994
462275
364336
222501
30311
610403
605034
247393
431013
343397
366574
33753
184707
511433
59463
125151
16209
943064
474850
1414
293141
27733
191002
654495
427296
626962
132640
637409
61451
727966
100996
455906
177683
883804
483490
751810
714830
141423
295595
56679
67081
770385
542159
977634
317761
422595
561604
690352
952954
420063
406518
245661
572478
541001
752715
998211
888117
811908
9937
720817
302686
64352
128775
125671
49896
797265
983301
889469
187119
44892
209033
652066
673750
1386
530782
338242
35901
411775
400234
20737
980191
136900
763669
236261
538443
840640
816146
688720
214653
144165
545995
911466
614169
502407
410285
43549
111555
317927
937357
800378
934365
68654
144309
457337
51678
93941
456976
36125
56396
104577
417453
381302
625686
7436
320563
9856
875536
199358
224226
397609
428555
191163
614081
349168
322896
220566
834090
455529
598649
614691
864814
492701
296237
293737
996838
34318
240886
209398
956567
343959
965697
650253
212993
892082
3889
9851
524868
364884
128991
140872
557808
214707
82802
766280
618856
674663
370968
756881
560689
299374
14622
654150
396444
523594
18034
38866
832910
904581
76146
535985
133353
709013
792240
956904
183321
377306
984133
561109
513021
617027
485263
601761
460015
919249
750536
379921
730930
730548
622596
268348
76599
717521
451463
189975
496460
592677
501184
617004
543138
123779
204774
637929
281529
284345
421166
959445
513258
977489
711078
203869
199440
564275
669809
816269
894164
743784
945311
340378
692692
38073
661928
46748
620912
498166
937734
582809
498289
412242
525612
267515
882133
186923
86630
841636
83003
139496
592782
753368
567591
371324
957608
831321
50611
181383
638619
665872
273299
921691
83789
442535
68035
693531
718489
803891
562639
317184
555376
381839
277886
530613
571337
973060
865180
137250
227590
113316
439651
957895
873765
179510
333318
505790
313631
224459
220441
458530
288928
817199
6944
792847
912548
306363
546994
105919
665195
376904
339849
6355
746968
155134
626537
301427
644652
804938
805867
169548
846169
744750
74790
217528
81286
823666
843640
739836
723679
512824
952246
969386
996373
324717
501230
725607
108153
623387
243349
768647
340208
686556
578514
393492
391764
179754
342950
322414
187176
185873
710710
240844
649717
694021
606070
923744
745285
532624
972724
430873
762299
496739
374718
648770
687693
87182
27185
47880
661472
765515
47136
225368
97983
468469
354909
783335
457719
249814
459431
118219
38545
910173
543664
790023
618605
316143
838537
276260
507319
246932
892076
680122
421769
572882
80870
783374
805277
56279
42399
794517
566061
687375
806599
69847
945769
871830
408799
108463
36756
24199
220065
743663
449276
270643
102349
497504
579860
3374
692626
953702
590255
833731
734165
357250
539483
194311
35552
113970
611032
44299
831786
12851
258100
223723
244927
754406
327556
830979
598284
524752
439681
328706
742025
49276
114556
557334
829571
473979
886911
862599
188805
914124
655490
399840
532130
185750
704967
130055
233250
281490
61971
669550
699847
819141
294985
196706
771834
883371
911716
337217
854487
324016
92560
63240
814418
965399
872678
761162
851012
169086
659842
400509
165270
35064
280067
441391
850376
434650
970079
873622
298911
384594
541472
319044
998377
529520
399935
852793
251950
216968
255003
352659
345205
258480
590870
128864
994736
932197
228173
551252
784709
225482
844338
533270
19577
498512
239559
506420
142203
311217
777208
40376
289995
717589
482390
994194
25797
123608
130796
658612
380622
807395
724992
173373
40281
149751
6055
280013
810135
348232
219461
940791
874809
856646
765729
185748
216035
531766
476257
726708
412782
672575
403238
175472
925210
783361
976646
395803
409103
135456
463906
975511
16526
263583
815204
565379
198521
425958
317143
741842
674555
132262
594851
742967
446165
333587
403619
829692
751622
729680
454885
411634
896599
921961
621501
936195
14464
453945
309382
22883
357434
7980
583927
511269
474530
148127
980317
735466
60103
910692
225594
7476
492432
819937
685882
297176
3341
478936
227022
964306
387672
896321
523752
347763
236455
576723
715985
717557
282802
857057
414186
608879
914619
809313
425213
134179
971583
535625
569727
9461
525943
121875
898980
563895
10955
290079
268895
919903
781268
753590
364533
601178
970892
304492
212477
356665
611541
249888
327990
135946
526370
442974
671109
342786
919814
896291
549961
46037
869335
186816
862940
476136
558910
822423
777769
765022
793502
509506
509477
44111
489375
285332
687852
142551
905686
154551
665976
427658
883411
107252
687744
439685
515206
293714
305643
74848
646990
70677
228847
801151
135200
916839
850507
305864
604688
917333
212829
51695
941631
907440
895136
730476
409250
39060
197638
813006
683114
352965
433262
592425
141973
352501
96707
392107
260753
30818
548720
405261
152520
453596
825731
135205
600141
932132
887837
936792
669089
798768
682387
482348
438241
284812
381669
834427
104016
510746
2585
835
142909
875706
745331
21723
785745
122436
311186
368960
161015
645298
332266
463118
589032
532571
450265
640138
467602
623066
225384
131996
865956
423117
388769
447066
788344
320441
331528
414207
259230
948555
986359
636474
243073
745721
925849
249507
583865
442951
725699
91848
797868
664550
360234
313638
5345
959479
914565
379699
521059
96301
993472
224280
817742
901456
787417
725052
731961
161181
796699
507324
873856
646731
2357
415223
144300
849960
611063
102789
625217
627810
908584
125063
226469
986722
100742
571993
949160
775827
376027
89380
164468
744641
350904
199249
297746
789276
240977
307224
803670
59867
626292
919094
680873
184893
919847
122429
736561
403178
586142
307973
380127
607352
970070
779520
465876
953931
284497
416492
72177
683284
865966
611361
710394
105658
702692
744010
404901
340565
893083
562224
382533
97238
271463
575794
917966
387269
550753
286609
382404
316707
561572
802920
583749
896238
700833
976312
416367
962115
193504
971873
570671
545309
471700
750317
337511
594299
179673
872519
365755
559264
216268
487689
170425
566132
513159
824499
295138
194632
525943
516791
298649
246711
435164
241840
264743
327592
222877
484659
461609
604079
521478
157374
79447
999443
888095
298830
426609
302250
958314
549261
385352
182369
877688
17511
644390
694360
403560
715773
959579
609002
19453
938867
540325
932938
75867
107812
46587
7945
181982
86773
13878
87540
57239
257735
564764
882457
171621
745286
533259
925994
38635
438622
223423
911355
115443
865294
355648
291494
97631
331156
363115
649166
873159
577800
139354
766016
560500
148933
626867
522229
615992
600770
260490
768116
358056
991678
343604
53588
798456
340698
255337
761631
862321
718016
688660
91603
563537
809345
333435
636226
865663
28093
388550
542489
667497
773435
394542
194301
932284
356697
78275
261457
364671
830493
369625
539092
827725
917801
428944
194152
572269
978829
671807
540973
676367
467639
407357
738252
136486
611973
270091
189520
544988
860475
345889
116846
94518
313232
669140
810213
444998
202595
713120
262080
508231
955147
381016
205305
202840
625356
419623
70648
541720
566053
258114
203577
449498
960453
510124
846539
100933
413022
229221
711860
656331
204051
580272
76018
342404
441995
19584
727068
747174
129511
867646
390055
994595
780432
6969
295557
25568
942313
519979
545320
545613
73700
791076
862885
501413
306800
207446
695731
984900
692304
331324
559122
24736
753671
80615
606024
298661
392304
266406
766214
133681
523370
217169
101994
262633
396783
634610
375518
426486
961030
849361
762781
767776
949327
861211
2646
103045
835708
538030
790377
59573
640863
315332
29710
901613
110941
634553
635989
150319
791938
347258
869255
253690
619439
494668
198188
21419
248174
852918
668326
24752
852262
299661
469627
174309
439401
243738
187568
371405
798123
685865
475024
658734
297358
528561
275852
689481
743704
82203
593468
900916
657414
144817
738820
820630
888890
256548
538258
25471
157071
82873
371907
72929
209357
617298
477413
156783
787256
327957
487895
553681
970371
986427
571789
554369
446114
988791
233456
331333
183101
985408
232546
317193
231808
596797
286175
713112
229199
51852
166911
522359
596439
150640
636823
104670
82688
614997
520256
25108
564478
699648
32687
671334
383303
338071
625987
718979
214879
162186
345054
426615
330831
912157
890986
694466
925044
862612
889149
790421
314675
187706
533143
729000
630474
578317
757192
506938
609666
58953
797935
255398
139200
905743
113501
69791
115195
15154
854487
627720
179528
493215
6970
822514
232914
849062
598137
633459
357
92265
809730
386399
103657
251040
701312
463974
938859
883142
120249
595082
753239
718499
855126
423995
179714
600951
645699
779088
112228
206464
571309
914532
939555
68648
973096
931851
930954
352911
284851
537712
559448
415408
905619
681421
538549
357362
844955
677701
542464
463437
238157
416225
185027
91159
917211
994597
327688
393003
500294
231054
105413
86196
865000
600811
265906
419099
482893
715605
649083
640971
974971
187853
175697
467229
697682
621936
533340
221221
26830
883929
743371
427608
636586
186323
825995
257496
562207
922361
357653
422686
644363
918253
555106
446723
204204
161713
268666
716267
313291
784485
156522
871311
176949
101853
146196
101797
567844
750814
408672
692077
679933
776502
504721
787866
243763
586357
851890
927708
980105
365835
538799
224262
864564
860416
659263
92833
327710
230410
104383
878796
71175
452558
433115
165646
577158
390390
235237
740346
829230
199723
294279
889853
276620
361903
306517
819016
250764
397850
585148
585300
404795
863023
483032
837014
684774
398171
3745
634241
128098
943753
219588
171955
795301
360868
608592
116541
547794
816426
291335
776210
443090
396074
528021
642379
313181
760730
826781
396436
374169
226455
269806
469687
296921
615289
162644
713539
834118
957778
596491
974168
205403
736580
552207
199570
60426
216636
590351
259152
472828
513423
904767
229152
189750
95535
277005
71560
449815
459529
582315
531827
557245
15807
602059
943287
503112
137277
512361
264703
909110
626810
674561
6874
963438
515789
850914
422495
645592
520681
415899
190842
790441
391415
487697
423640
839164
63695
384242
514155
515100
846034
394820
790042
204318
551334
307351
312009
362347
178191
70169
815808
651612
537319
862344
135162
408830
315770
534146
971212
737332
894080
973688
204400
918908
554551
845761
883822
324554
599645
953739
525862
436944
31239
882028
67196
304607
917857
924054
579296
723303
878275
751593
232120
904538
707115
618979
676717
460015
13469
954483
83087
860547
360340
350507
823846
448026
504611
721299
768790
46466
159661
899481
736366
397784
634749
741478
504589
507492
750915
150029
973681
327072
163948
244509
275741
667030
204893
487894
704871
377191
844939
817144
350107
213479
357625
965494
148175
534118
905039
795338
8197
16394
855508
429090
336758
654616
758857
993912
476481
152657
187169
297663
638832
166265
541664
890233
246306
794675
675342
184613
549275
414791
14232
69270
976805
664966
92036
977887
901472
273157
65551
628523
43565
163525
118245
105833
385203
615987
442237
633764
680972
800714
379598
442608
966288
274902
999601
799616
483836
831892
737172
421269
312766
431414
652824
361553
946783
286594
686345
965034
840013
728410
503607
60794
753604
546454
138549
100018
712281
747341
786029
141167
690275
104243
260830
615589
57990
880220
340788
939064
377437
38431
773827
700201
662595
140502
355039
980653
134014
579841
88026
710618
414793
256330
161051
229882
370749
629923
537943
51458
709979
955339
75887
950109
734904
277424
551142
171553
929606
468911
656765
869795
948731
449911
498990
713445
539743
96459
514945
804910
388151
74598
805453
910323
176585
199544
795727
819633
163468
80975
751136
350236
654958
578513
576406
778097
816449
906085
752954
332712
229187
411506
134561
71493
359368
197887
12905
678606
560838
92602
853713
443415
48253
171732
17846
536761
181697
361737
577318
927137
240613
630141
155619
283268
948166
726082
837878
428336
701425
192822
586220
614590
376498
821322
135026
337444
960570
380317
666184
25895
468972
810886
617637
620397
365124
520561
833512
474672
264164
202464
112886
872271
892605
739475
10484
148223
921430
674051
675426
355294
178300
804168
795858
269352
54151
938842
539076
303106
913924
609780
701856
243572
277124
497940
999312
939188
933824
927775
52663
364445
119335
395618
938257
495231
669126
564532
528040
847695
527699
191223
78704
866303
97494
989309
465472
932265
86709
430535
816237
13476
190682
628456
966533
689017
911427
892872
327589
826096
518438
866692
496760
297667
188478
173235
341004
298356
477302
723204
820050
352634
16497
406147
892082
923031
838068
719098
219465
736389
416881
49588
8256
107534
658673
248029
719946
74555
965276
436101
382585
239396
821608
132419
391486
622887
223964
967542
583867
755828
449088
645927
395015
646020
689251
636682
941757
644393
8328
358243
767937
793921
691694
309190
755153
623236
678523
192822
644419
402557
116804
540655
446753
368918
744444
417472
799901
570699
818998
289295
74226
369537
829144
510721
79130
568495
410910
695089
318886
23802
507720
161565
85245
14943
560226
485024
850803
321482
173038
751513
305541
91651
624495
46379
95471
773704
9428
131422
109226
185269
487104
518820
868613
409184
501106
530677
70047
144257
914006
123035
658687
602574
789927
787082
800528
841893
163071
113959
808252
696035
173180
946537
394531
3154
355345
605789
174648
608382
306406
173699
600504
878952
869677
835222
90568
914900
763267
408041
316203
776189
211838
516589
673693
70249
683481
214927
123790
805079
686201
854654
470910
502420
33435
995722
552625
658605
505629
900008
968784
451134
834277
885010
973788
326057
264370
640075
297999
351395
481021
238848
512593
986664
320459
232074
552147
788366
799122
232145
245580
26615
204677
746250
149838
358305
378494
742560
682820
455640
821512
720945
105099
991435
849414
435567
87017
561467
928706
537511
665774
590031
717654
904286
971174
413125
704241
730967
159607
593987
880199
192498
526942
480011
590743
541551
643392
59085
817434
862351
523503
525911
577669
498011
164476
901160
995323
973694
552308
869346
802643
841485
117816
895261
709185
76136
591357
963800
834019
109432
105692
206538
386986
440279
712022
296279
613667
693008
109992
383198
487329
69691
807559
911471
441289
429451
512121
179930
835258
662179
94992
876706
261079
188514
856195
435217
572274
512704
770538
195493
214102
946768
581334
299944
540401
394661
578122
211229
653020
93073
12570
449110
266249
134537
970783
226595
159496
836196
736916
3940
35253
442306
253713
371648
932482
579465
225249
698542
683229
230475
767554
335152
292925
952963
675640
727136
468814
461566
993934
673763
250871
401943
497898
790970
266628
383259
27532
409143
99445
22219
23075
114444
266466
267391
810572
6335
580169
657639
70824
886330
593846
802733
136984
7166
940686
608119
332440
991608
912375
991624
317109
997228
48487
31558
43820
985934
579784
910166
93793
375599
193605
226595
934264
775124
339700
998590
176788
44771
918880
768735
885482
308407
200114
468490
132737
604434
392379
797197
819144
609714
63136
581990
879891
237180
692770
462273
730676
738517
300808
437534
913970
92688
672300
860049
195433
752769
895712
286563
861245
60720
624827
355222
514236
656618
931395
48262
986256
463281
594296
985707
867997
498003
831867
973307
814077
79512
578137
437804
944149
294612
804600
304343
165908
225629
586973
55224
952520
252375
974872
148114
443612
680427
731981
616240
515442
864214
94367
22982
415641
551326
81338
292597
813291
669535
799741
192429
251462
938627
558147
656365
767717
698064
269581
521766
187866
817434
415053
599549
415402
940954
142609
463279
728453
308183
672779
469200
631264
358593
950009
34220
329521
508253
872245
104078
400966
824409
760219
388382
92547
164097
623378
405477
708406
376906
387129
120877
483736
192012
226608
828996
76835
89293
396096
683743
756747
863992
770472
809626
593178
285677
200069
933085
761835
232242
732125
133723
110530
478215
167816
914100
536263
293846
803771
431354
79453
637577
514930
436305
781027
593974
383545
159152
249223
991734
626712
559812
129218
922323
859545
105395
775412
225759
886455
864893
713948
302945
969253
990783
116659
272107
340599
3282
210662
612039
200753
497232
814383
325263
368875
263863
187215
764828
545885
224357
693738
216471
510925
980611
539902
542827
357778
674751
216129
848283
667396
804401
416983
368367
729986
743839
246765
402570
667679
242076
580981
524567
792873
627211
872574
72098
93464
437761
480623
804931
14352
686856
83615
133876
826131
283776
719636
920388
466374
880481
264535
541732
441118
126811
181360
15455
246183
861854
160004
363623
276081
250357
893255
435466
724055
940941
108959
162436
66989
700052
532375
742893
896389
457789
592508
693587
678558
292832
171544
629026
239978
73277
752328
564224
862651
309217
764668
506486
482633
314081
973195
514376
447906
445251
428017
408229
914415
755581
218854
887865
987102
87765
764763
554272
739313
849831
702548
963254
770595
791365
120220
234186
948274
771384
954602
522033
240846
406181
32399
482806
933212
47371
559128
220655
464167
661417
871302
197227
219108
278589
146919
199175
625760
128614
904208
855008
790664
461803
268282
46882
482068
757588
900087
695103
758418
785654
107791
499644
877579
270221
849595
632485
718931
844353
873533
789281
133490
886283
864922
711200
877034
535089
571253
651824
962661
423597
607114
76847
889213
511276
218563
634011
540007
388530
942970
390277
29181
417370
69900
485029
107302
644539
814422
710854
703908
435111
954447
296546
747513
139469
255810
781448
925815
369726
884326
746489
955363
136268
413019
252115
466821
997263
514308
961189
985999
499073
884731
900321
122151
732297
217653
897391
40403
869845
91828
655774
691200
342560
368483
372853
237487
728787
459217
362088
37437
264839
667277
177574
622477
417961
152410
280463
566484
245495
358671
986051
699328
292391
558542
224598
890054
293030
871454
991903
777991
463421
507368
859568
956702
785104
845835
881568
306632
519617
135452
35011
705712
200433
759165
698811
927063
641575
100056
903080
520285
218377
950521
326523
799470
858054
754374
944552
420492
549334
473627
301498
395892
410393
35462
764608
346544
123676
976668
521317
214649
31803
398710
495965
468870
748704
754187
642107
842293
571305
681131
544416
225301
789288
170198
543439
55310
41540
348791
435291
103981
686780
327168
890241
981840
778188
286179
452050
261610
751592
481770
191689
537972
648037
724979
279931
902193
275767
610188
439020
151900
340949
275687
377725
79407
396025
808570
639235
75602
688579
521078
121972
539167
551613
22369
872699
343758
461433
419154
619627
205570
881623
577288
511311
98543
617059
202728
467616
64038
894299
717842
860880
145470
48014
124959
872579
351521
847903
564856
416413
735088
613737
215766
555510
82452
648380
522065
548650
352994
864518
252263
68942
318122
4814
881036
550269
351964
201049
188328
213008
489880
556079
532082
712492
401361
378423
499559
402676
277148
806335
267622
921247
251035
460184
299051
729317
914688
115678
902054
771092
827840
198230
52151
967359
759191
599344
994633
2325
944177
3371
402376
670287
861756
280983
664192
662723
948104
494198
256915
982806
784599
739196
766423
976207
848263
414518
641482
149958
621465
807367
619314
158523
764573
681357
166678
364674
176444
60193
561810
767708
727521
22269
979803
709090
258437
623993
52496
273946
127895
500782
693304
935276
684868
195835
46622
732206
852584
681958
959942
697884
290449
351898
631627
278883
363499
840014
724758
640988
154574
911559
453501
41110
527073
983028
928182
676300
793577
180534
208182
906742
675058
13827
399594
267259
106648
941408
80273
80643
241906
300235
422388
594923
253148
898875
463235
841298
49696
228287
857998
503696
518977
592899
625308
97671
235555
683506
23467
364433
638362
460661
245381
986969
660109
501849
829820
10309
427718
895502
351106
379601
43994
811979
659047
292663
212912
712911
89199
343114
354159
312003
309839
333923
784712
756668
389188
231346
658525
265308
81233
444790
399436
736151
280723
599047
616093
597523
906178
590928
320644
544553
115590
458075
839058
243081
438259
49349
500990
971066
765795
626640
44364
643006
148271
951255
943512
492499
422922
809500
851649
14678
763449
656253
593909
223747
584435
827142
432404
668503
787793
457632
974723
60438
305393
287206
559952
423209
265133
100632
398717
989343
294067
505640
376875
327380
866049
407794
781605
30383
226496
545289
77445
409157
179002
622380
767046
790363
806584
684184
947240
454984
159548
961079
334138
474617
296727
642102
299079
612303
193897
911284
424223
620067
65907
268822
984897
235113
68122
586039
182754
984754
316283
435325
770460
988299
52453
711559
805174
896323
347319
76226
471052
450442
848215
105179
479643
976693
673932
299855
60075
