8861
426070
741105
451626
756956
31432
87661
594820
756262
826576
577565
998
531249
472462
302627
743263
647310
950395
592760
737196
694626
741171
73643
188366
832825
90083
166149
520135
499827
932943
633166
786096
424540
167936
650024
667322
675098
722697
706072
493951
581503
220405
462949
710660
467582
441551
149017
866190
636539
382158
695140
897693
570171
490074
775200
498121
422651
652415
120560
668536
496540
397869
675649
798394
712251
829161
580786
120129
776607
623188
256784
409728
832332
208726
585338
692638
883956
323495
531108
974295
90957
719418
682806
920240
518782
694470
222676
329813
403955
644274
676217
727376
528847
115612
140092
457896
71745
218566
163637
120596
739184
472221
384953
213658
19920
704551
912704
402633
819030
789001
69032
993423
334344
957939
206547
434552
695981
978281
615275
875268
986596
876782
89541
666531
665681
330703
455523
499983
289266
71625
735380
668934
748368
907160
77238
8291
85776
982301
244380
433432
12905
998890
872650
975434
521968
27118
645661
944457
772494
85944
87944
133739
595604
858281
250872
82628
609381
20667
983641
224131
296209
831592
32498
659180
299715
60408
957548
935597
616208
822698
252400
390176
922095
657150
547181
334364
959624
615773
928249
307576
45413
195750
730255
54749
240133
847062
459703
536583
877647
143059
739843
153176
56612
828053
737589
942489
825485
897202
915454
962382
997460
101572
975137
900148
700142
727352
516022
785945
798805
168182
500875
461400
205172
590184
227109
790512
922940
989994
170276
798465
920148
351372
138820
979426
472749
169606
13376
213409
684531
264953
260049
613464
900511
400862
570452
786344
820265
292621
755401
477589
915227
530540
829687
490430
827201
516274
444846
87159
505149
197655
769508
676101
780791
692698
284545
441333
639345
484910
151670
49625
9400
36226
722824
329056
92086
63532
684651
662993
663653
366385
297161
789028
98078
414835
436450
907005
199247
951992
286349
752837
29771
105363
259868
169255
563836
774257
604957
970660
83187
57729
333821
643860
563808
348801
436936
769914
509917
401506
466507
891074
298852
42903
725147
421529
586146
382335
564142
338601
291619
595373
262630
493552
500524
574480
170798
272956
380263
9796
580093
204805
704185
130484
669624
74791
679344
750057
765492
681274
376792
700340
131673
988496
677741
500468
407010
641418
751146
709893
410176
461527
644864
145221
464222
80586
603042
24900
793344
204503
777853
589576
945733
785963
996165
699897
27595
629861
431467
144111
106225
286324
415338
475031
335671
236750
538945
729916
654210
230409
676987
775864
956477
759322
236842
837238
765401
500137
495858
209698
479796
632461
69761
242800
761559
574505
191132
964806
849370
692898
829333
774087
610594
656700
134297
973501
999179
258576
211493
377442
166496
753772
984345
714379
269063
76615
365349
820786
297402
401823
478368
206494
11824
845681
983287
690929
183770
83796
781378
782414
337225
527027
244914
621605
813868
645221
699175
414876
941879
21035
158622
632859
469984
273669
871304
850868
558019
481329
91893
372846
801638
45761
630447
14509
902806
55128
83236
311679
938672
394624
997755
678597
789244
589675
823239
30716
146931
344709
972505
540839
517665
31602
356399
715803
25253
609257
562827
627942
92502
340588
119263
207325
735552
97571
910820
851969
801356
439508
155722
42957
566141
742018
665802
481119
660439
30303
164631
977984
457178
494574
73074
836370
476652
541434
994269
538197
878100
558316
878183
959702
425186
933901
648486
301428
611309
725721
325187
412048
829045
487228
948335
13840
396774
581676
468980
23248
738814
432802
988070
116071
345733
27958
457592
678033
893947
588822
43115
382910
980304
436706
756256
10998
504461
567463
284047
784679
734288
873847
905936
499021
921204
565793
583319
415484
200783
361491
106109
339469
694549
675208
550201
299939
997401
50287
848365
471768
357940
853594
465373
693257
118462
775583
898810
535931
416185
258447
467548
410409
239822
24720
277967
557547
330863
624026
98180
33668
185051
805386
372265
997000
580608
34086
561811
435624
925050
860270
905430
267292
94522
900763
907127
976812
865666
271031
273529
928730
823884
502168
763411
442735
202698
302714
650563
417
939529
867000
142972
86685
47471
255079
584827
984823
288227
824463
859960
877036
108619
984071
777399
558224
998000
849580
614013
885464
272063
891454
414880
997382
260521
511127
803832
158701
437353
551560
748210
560224
731109
334865
517571
208507
26606
138621
580152
156749
535586
964312
512172
47201
15857
800974
625684
362600
532540
333730
214644
729924
61913
819143
937588
449651
151411
667742
183885
413078
174607
168845
749214
825053
203497
617912
218459
286353
845117
594975
342820
231998
164193
394708
356148
189307
148495
51415
733104
423704
958529
821520
178783
235874
406005
869736
364281
938325
983056
801796
303320
687519
363679
46622
679627
896205
845176
442818
227402
312724
230271
480099
303619
964286
484804
555352
258963
374896
953802
67318
683984
887508
592995
358026
822915
316327
978550
393011
296563
564128
745251
779674
740252
686012
530621
137936
265919
197219
65846
780674
620307
706296
360921
176219
917273
639490
61872
617654
360845
961970
581701
237631
775800
584080
845894
667237
892450
52934
425921
618877
220389
708937
362511
369270
636957
480096
647566
260277
791996
855890
741127
957005
607290
614576
309806
364380
98217
454396
449415
289541
718310
473781
203493
359685
273388
589376
159629
61684
76866
595381
570810
968347
236629
941123
300666
900332
68512
200384
42038
910498
316871
786640
80463
799926
474692
169073
510435
887611
165048
740386
783662
992278
670243
894830
659789
643998
90927
70873
822558
744780
297703
851493
93636
358751
425925
316609
580999
363983
939880
728783
898840
349355
994788
280465
305329
143121
105460
820335
121179
224522
708426
839271
556041
961856
799559
903889
22882
23132
185670
380878
783836
51456
896787
611789
14788
826782
204154
588537
133082
46067
316793
969731
736600
697508
272343
975111
487123
432371
237966
912925
930299
86238
124259
471231
530365
787796
36055
426130
619143
310228
379446
368275
178731
885285
917452
948383
105053
858348
181367
878046
842583
246829
285080
605774
25948
399265
122659
652968
228056
883119
368598
987440
256294
460235
913735
336670
389420
360168
773077
704036
965857
14427
539072
36060
437039
257421
933141
15632
998772
421789
44034
351781
683042
599824
858248
13924
716933
50613
640205
870118
599844
865498
360081
453276
807425
424676
99577
595704
172924
286735
837959
236476
619028
489603
988331
835549
585612
407567
99826
190547
849644
126148
104285
713344
346398
346352
799053
502842
457145
594998
189017
158391
794588
102023
209922
177748
954800
893311
180222
65218
183247
718302
345456
622094
419267
321761
409657
339083
101286
575804
945128
484125
689257
246327
94477
832293
506545
725474
489323
808900
268124
79606
42379
345998
131554
641802
589997
158541
160854
516399
912794
842607
395082
29736
339541
819917
681362
598793
977392
549400
23330
905515
577466
423266
779217
291529
857686
23558
163390
384954
328231
11190
748945
66827
863335
32927
161691
902136
448151
563451
206935
610311
117648
163442
816530
72706
416313
281582
298278
222671
882642
71162
99938
899053
631916
236309
665990
956941
185403
144281
5481
940491
498948
960131
934333
638919
291120
184926
775211
133796
864579
886161
510872
341277
729958
169473
706953
251391
618912
664292
337891
267527
155107
919140
161547
37208
603395
345643
811116
69656
34817
759313
918551
392361
943622
353952
549124
705023
917483
333184
341494
568163
101045
920260
890813
192515
454622
361487
877077
522739
346254
670116
357932
896516
392873
253962
495489
533183
367489
262040
760616
466879
991404
575074
545322
337512
575921
779712
917257
705160
205404
990712
786656
242760
839473
267527
353641
816334
537405
60625
296793
415923
984712
80482
377190
128348
272806
205472
94632
603191
121325
786064
569629
417428
980288
523841
925831
490013
283658
755032
397936
780084
993927
59961
285198
123111
31612
409743
231553
267730
786567
423737
366968
329170
971857
498770
630324
424225
485279
9178
227493
969683
159240
643910
668144
361068
321025
83680
123602
447900
103572
865180
829150
756376
814575
522553
372962
517461
552537
85840
572136
426723
710719
114365
819096
943909
263021
673639
266363
477289
351384
975597
464090
946600
774167
299502
465604
256539
965746
248821
644911
448247
767955
449920
14710
564679
826586
152939
125121
75237
399820
847038
614979
482069
743659
946000
958812
883582
164512
46805
477982
240710
995285
576459
637740
561033
222751
397246
527422
731061
178841
219315
164034
107013
358028
320311
865821
54935
531018
416068
886287
692844
245594
851916
201653
956540
716237
82853
504551
424372
955183
397906
541761
387213
682713
880170
484608
904074
267108
184808
261442
871246
752824
290190
557935
310615
263746
410806
873591
179355
201795
421686
418481
584957
501573
323119
755875
375340
447914
474546
606559
581401
5469
746512
805578
811026
551081
267645
964472
34432
231272
181024
856179
782777
312915
394490
345051
124995
995641
141168
366887
670502
30219
160758
117577
550573
704276
407514
582576
992441
3589
619371
173607
632385
201134
285828
70619
143017
767369
784824
710201
980414
634289
340187
278070
824204
26992
878507
851752
725596
41461
648282
101137
923598
953700
700409
745725
84431
994952
50818
351617
545590
553764
143234
347363
82176
217319
155297
338776
308262
914109
906384
93032
909145
952450
846989
324270
511386
535057
479958
299259
926583
607547
695080
632475
504741
230676
144626
683183
650487
370663
726619
835001
781817
416329
674477
153655
999339
228107
179484
150886
580445
221385
870711
416551
394148
343711
22314
799871
710518
218683
956589
101881
214631
117582
514765
441062
896065
699741
102549
147077
186297
997364
343385
926845
266324
348857
567070
301382
375382
950046
929513
94120
645986
255856
975139
759196
268403
435853
343333
397839
501813
42802
401382
602052
931009
367154
266750
839768
670580
399427
922518
478625
965675
908595
358703
786032
92700
342648
985099
936310
339668
572132
848891
514691
230409
841335
958790
559913
641179
305743
476339
539839
233644
129914
371700
114818
827416
533804
944239
344597
100179
577868
433706
462697
496030
602664
718673
294327
425574
85513
639399
731818
298873
52450
571079
399707
767141
854626
247574
623412
951279
358825
554696
952501
312749
965142
992459
212885
933633
810175
409875
568832
644274
841082
388099
486911
421160
123544
357365
218934
297412
802418
114406
967238
95642
784923
399553
784467
465036
834677
868550
450336
765828
817951
404119
237269
733965
562636
4063
419235
668110
441711
915743
677054
806181
174802
573591
543753
327900
105670
586829
141456
884939
372405
683645
655726
895562
632723
979613
623247
549136
16051
742795
634192
33709
857718
980373
142979
182496
360926
751653
722062
809430
871104
169671
911922
935552
875992
914840
359658
205391
687991
79886
25898
425231
470551
813534
496198
322269
880847
99982
54708
383814
110305
549527
936042
600894
700977
852406
413793
39226
752593
668175
399164
776106
640119
918590
615425
849494
70480
827004
367109
226452
391917
645355
167527
193188
117019
90431
325746
641000
489938
104392
967270
285506
28035
583199
393233
245836
262740
799789
241750
474927
153576
51603
599247
87392
725207
659961
839247
14205
623933
204407
967232
83456
901230
759577
715371
53277
989511
286930
559639
190270
785632
596481
188040
152409
250717
116440
753064
394986
501540
4655
229252
251282
92329
499492
428909
361356
336164
739436
998655
349064
57188
433147
439166
424294
871293
243212
542875
138064
339037
113037
983
541876
481853
205610
422655
300125
372147
723253
326037
842029
638307
808879
734159
741625
322262
88630
149368
363137
213987
125642
17397
722058
822217
169469
303459
515802
91167
177975
273947
68303
636386
746851
187031
196445
590574
998842
720558
212386
609800
755242
647675
245352
533656
712930
463196
272950
921332
113917
362518
525075
489879
636616
581526
649432
295024
142066
201426
687153
93271
99471
173518
750768
789210
795401
137851
654477
214582
666403
272954
817854
936737
581867
207102
596527
677956
711036
964303
942367
29382
284909
953898
680535
428996
228890
916933
457735
867548
138381
777585
66110
181353
913608
997273
332101
508041
453233
59879
408473
677657
771546
736198
329156
896002
565484
820674
434327
143597
64241
563531
885638
990866
736315
345112
687840
349806
836339
94055
813609
403667
596609
659811
448085
487769
409237
967519
115940
439154
91153
33599
408661
603163
675795
855159
640712
904751
414882
137770
513395
600982
311668
971956
634624
135322
626969
150339
235202
813722
788040
888992
265043
310551
348996
828108
941707
318251
723307
577413
217823
864602
559067
41640
449811
748289
659393
644720
92573
175467
110080
791644
218456
41987
236026
500655
116129
479587
618173
76881
52114
23051
546957
204499
921433
876013
519882
564752
910708
624100
787774
906863
117963
5573
918981
660868
900841
852110
168089
322198
923865
774076
271033
264187
80345
305528
100022
363936
66685
551409
260634
164389
399843
554629
387381
47397
857679
253912
476933
923859
594211
147400
179969
610175
17212
89143
859394
480440
486315
722951
287823
830604
157646
164324
97603
199531
325003
441402
255261
41578
925224
232904
391588
398947
837578
236364
164277
935033
657097
813662
453483
749625
957932
824473
118249
990236
992774
51059
88902
602089
927084
823214
763990
629175
560913
503527
688017
562384
655105
425292
152867
409202
592630
496491
989583
633135
267674
875813
439616
538036
482138
6977
387566
534118
420003
796957
664873
522408
636988
322047
894854
29881
985664
544457
797667
74747
519670
908235
641176
343310
515599
32179
79419
764123
349051
971359
294160
266477
903720
648019
478604
235769
447448
147782
170436
85374
546077
132055
754039
14023
299636
315549
615796
625870
17916
143451
484521
521339
603601
758675
743114
330761
75530
257137
941786
135690
958219
624424
710233
879041
386887
786330
890315
744557
37077
258417
340704
871525
782574
797579
812677
853854
362369
580754
926150
308042
896755
237673
801758
10587
13110
849218
649885
724389
340933
312780
646452
589218
511289
886282
232096
592719
308747
448831
203633
756723
274983
698181
89846
142527
740969
633598
657351
838673
247478
591649
387503
395923
311354
896374
950323
294848
68793
315997
589187
618887
722388
625031
560445
232648
490395
473416
201176
254843
13193
502213
571251
234160
325216
21704
131578
473200
807650
840498
212850
828163
295273
201360
361187
296587
183651
3654
147039
320334
812206
377831
993010
910865
446220
954599
181224
700447
473603
8232
714229
513001
190356
317744
441669
647303
557973
5180
46113
756829
919277
718382
794298
460568
957548
732513
220182
756568
747781
20893
837396
42920
518249
17830
279837
559912
387648
33135
757353
372940
674054
400748
201771
679485
716929
517381
777499
286877
430874
967846
422878
332648
212767
504627
210963
892918
794260
732889
922300
839708
295858
86592
711111
867506
253437
478300
437048
756336
616773
841443
52726
654642
506041
544473
238703
421531
484706
830086
405288
553749
287044
712266
896356
531190
193612
109959
48048
922110
466165
883452
784585
183485
684798
97330
301867
191122
58368
532814
432760
508493
562734
271559
839553
857206
83374
290290
8819
790247
279310
283833
231777
517780
582884
243499
111209
255403
393287
207405
286534
163286
269028
88013
298866
850462
411389
28023
873462
216745
496196
120640
682575
38692
759888
110752
789630
108668
679290
603709
968813
526277
163479
638626
657081
193150
516305
688846
31456
110444
126756
415977
388424
190818
794610
133522
919594
425506
448388
684243
242969
903582
308958
438198
992947
147735
179454
794929
61667
612583
634993
679996
296976
285913
557713
475331
952421
180790
953822
480119
564478
52891
961080
706431
14380
638469
747702
146445
121765
904367
165223
341003
53835
508178
603427
680307
75799
937099
757644
318
581218
220891
327846
660916
828816
111240
178320
656354
605849
60000
372575
89322
758005
974173
29398
450804
494179
811236
177347
38019
783959
566376
591480
264546
404222
458220
46693
787516
990703
885285
992911
69963
722351
774909
359279
276649
457249
271668
189161
474818
959560
598113
166631
288491
115706
352471
539666
275787
896868
805410
478573
261943
841460
834737
634190
506140
474343
686349
525881
941333
740079
896263
674266
664029
747328
538033
998559
89310
954295
865858
825264
495720
455463
323805
255628
250365
67522
453291
965249
912713
148065
525860
841031
560943
911664
506477
703290
775102
927289
878428
948403
483778
595723
153047
129666
310327
295175
265754
846281
276121
191942
860439
132024
314519
433962
656823
802976
173221
558592
951359
110134
465840
419919
760590
853671
58477
476992
35394
323602
903947
406953
632763
891879
486727
741880
877943
834394
727709
915704
752924
139267
883356
497091
856405
627221
327827
475589
695700
72888
491815
243880
715637
725190
62790
699041
701571
105375
790262
203606
217363
24170
941831
744043
17422
492712
7207
682344
94157
794230
467924
299592
665501
307871
652652
594977
259617
693083
3296
165035
980119
847913
736391
415854
852147
97156
570447
143436
490151
556101
129998
203176
765124
410324
3638
742834
652986
667980
279911
349649
999739
354027
330335
102955
300478
723762
899852
431956
146272
374815
645250
659664
682340
214213
788488
890695
589787
606917
111245
166468
176031
773163
138552
110313
514361
865959
453021
774131
513507
961510
112011
10982
120871
428236
193218
690005
630310
732816
802690
488656
663284
294709
175870
418794
165729
743841
719408
692965
907603
842268
579526
113596
217166
356262
225594
357773
773974
954868
586367
883554
900076
821385
313303
908891
463027
927918
3457
313593
791862
747662
904528
5193
541891
136240
895767
351915
128943
12049
345601
280574
841533
130909
605437
895082
942298
5642
865494
914505
52927
34065
68960
156978
67193
83402
263246
698724
859717
773220
215521
468556
343509
690750
961531
696755
564399
178340
678354
160391
280757
642409
595648
404676
114367
562525
420790
596991
972644
550059
76625
286863
284120
435346
741253
666712
54447
206078
546037
522741
998976
69634
421541
330114
934052
595188
489543
799491
340382
268838
372529
549044
182293
72508
946992
157037
125052
78255
688822
15474
704338
101533
922222
753749
359429
538698
20721
191176
138290
777015
108112
528131
934855
287965
947025
783310
837898
359878
654392
737580
388850
44297
926586
631204
809203
847456
805079
37869
999575
983847
686848
267445
684616
366131
323699
610190
390698
185037
248680
966261
489125
352586
712611
988993
505600
706184
23210
21157
771241
825927
894609
506145
980817
39969
204081
269067
673716
313831
788727
792886
582966
464794
132696
226428
434281
950723
313762
514030
569323
693360
927022
242900
30253
536267
170994
741410
622350
371352
572211
348282
672613
425610
371223
806168
516766
948035
749848
443999
888635
612519
88725
819901
107324
590556
102403
198333
974618
793056
732800
324713
333548
151814
350856
843609
305901
775822
518784
836956
817365
159904
19760
906114
248099
185317
666318
699013
951932
864066
19061
725650
823917
621042
150901
115703
604749
320767
820611
128042
538942
620509
717905
143283
650706
666019
451193
557943
780041
980903
484818
541987
957113
70580
557221
250737
415495
882794
243258
692826
272849
649075
589131
771032
934126
907358
14170
505047
225229
516889
444126
823927
537658
630287
733273
295424
90815
626588
876933
471523
595239
924905
257452
489961
535005
968553
241879
688763
676660
264047
253790
315852
185216
279785
30878
824295
335073
757053
940361
926288
554144
406782
652760
680474
224305
100171
942299
417605
982424
737668
410800
297489
49705
918186
675090
663203
128999
594898
350281
145747
159886
257926
41407
23504
140461
314489
17267
246449
263914
539044
51847
351960
30953
505665
364147
189893
164168
638947
441180
617077
425217
711856
820799
445300
312371
716477
680967
527686
504250
125380
988095
145454
204922
668612
442530
723161
253499
347125
640461
111210
837486
562919
555285
798691
334798
735286
190453
246188
436578
79980
965024
316739
319455
111667
660085
157377
725354
667957
751313
644421
298874
765650
665598
354367
199772
153213
463816
469211
461072
609652
129968
412551
465169
111258
293306
102883
191410
639730
19041
591045
378148
850938
455467
363173
252180
373730
208023
997548
828081
291751
424242
688596
1931
157393
31560
818811
894743
938885
593784
972042
22223
948167
648289
593084
272566
708880
784184
138574
408569
61064
302332
954050
903089
503009
584448
113871
531078
12240
39527
211112
34221
898856
965551
108839
285585
690068
507364
185558
353808
661552
490548
662810
939228
110853
938595
364029
114306
370847
302037
833750
652999
427981
602440
80023
717294
363445
590437
689523
395223
586897
284651
567530
448513
258954
102539
226930
374768
623599
693971
164099
997674
558610
918338
55808
557147
860607
631674
846013
564952
701850
346899
210609
553920
693588
648779
319865
945983
53257
136220
623750
406188
653882
451046
623781
950866
178850
345676
330473
91148
567607
130075
390647
349578
685118
962020
699310
116528
235979
437610
452401
531741
941652
155319
93458
482633
344049
781257
977692
14855
487987
962794
325053
695914
128478
322205
790478
289540
257604
443700
304129
516361
418751
241343
599206
774675
330
490398
973082
33791
349372
447672
93452
780020
312867
51780
971373
142404
147577
939140
450420
650474
965637
15762
838091
649651
114385
582099
400409
539706
585988
328456
737453
362252
589211
320707
743428
373098
608520
511990
859895
102060
300839
255527
123012
727682
929241
938751
979446
965206
203199
937410
25524
650509
803093
949594
933540
576493
562920
999244
227002
22041
910069
258572
571297
280503
562464
52587
294724
997426
92174
648750
178169
419675
498335
803131
638730
505130
359115
627565
420322
187939
213528
288774
922193
969428
739573
38980
529980
847674
46071
239052
292644
619396
451693
1923
704465
173615
936417
133564
105626
809360
842862
51339
755924
271856
224377
13240
492117
349649
396557
144399
116900
219151
410135
378581
88766
410530
45178
17109
378951
375296
195920
333720
192332
520799
94975
667890
720689
150936
212083
371577
449404
575271
222845
883281
451388
125583
543752
564835
652119
781659
873203
73324
141807
816062
415504
701745
178161
666140
239865
288337
663802
755042
356042
714995
256229
847183
295102
996637
863285
198614
520553
430630
461404
402844
306127
410180
827494
257500
424928
618687
794885
500906
226833
292679
443449
970325
561368
354464
730524
480485
837636
2363
796295
618499
350198
969889
711204
286200
222336
912648
908114
880142
160920
668488
469230
216595
515640
461607
25860
396923
398742
522320
796114
744421
627003
781219
848821
604086
823491
620646
697395
160738
668464
699032
192420
100425
77482
61158
164925
92413
759127
535287
120698
299874
625555
841890
110184
321647
676364
47103
811020
936465
169149
497819
802419
782638
824709
170437
930200
942086
500259
911237
42283
178038
388945
102061
631492
162775
544889
336135
572580
449411
732440
871853
562595
31735
240110
133688
853884
444756
742559
475664
297777
288576
343018
472547
852444
295529
591811
111921
764948
275818
220302
700163
133688
698438
890810
614203
241627
484625
857144
65735
526156
360813
868375
368
161792
925362
3454
14799
377566
608871
613893
465822
430567
678893
759152
631084
11585
468668
270024
711018
591902
887364
628504
264099
443469
589365
512641
412297
970397
659802
578554
641002
575402
903200
596456
258
485189
295669
944214
879017
183044
870476
789201
340973
145955
249020
256483
757242
572821
1992
654954
291894
844523
299898
237524
582377
259680
454120
633081
211034
165502
476760
84820
299829
871345
877120
576223
791015
824167
440806
709963
930892
746208
406822
239961
149888
123607
981650
623256
911762
254797
773107
728059
876055
15214
236910
702998
909914
384610
592834
1845
724721
771443
506158
868633
707435
259734
983535
73488
202405
949528
739751
607600
75388
810086
465946
343407
519644
383929
869713
469026
89399
498716
962337
370832
246994
478171
875398
166131
510265
298250
475112
583050
699667
956335
352448
606301
870800
246093
202132
444431
567102
277646
783966
425433
348027
210444
699275
198889
753861
474171
555039
761302
22381
697079
250549
861502
924523
110694
905892
438206
676170
306954
237246
456461
742660
518246
566002
858037
390504
992457
923985
534767
963127
575163
415725
320923
444943
943043
742557
520217
277823
886739
211038
866759
799737
619346
60500
935703
176165
905732
722926
866955
746706
157527
527591
361872
589255
74508
317352
78325
210040
473151
638922
317574
946004
173013
22522
646729
309755
116290
310198
329492
779853
164084
731379
609929
600286
187680
354593
531568
454597
317479
69510
528495
91796
87460
23687
334120
749922
677717
764678
96431
571715
407523
828196
348070
479769
137231
385319
783928
173188
243643
86967
325038
215924
719443
777155
450929
921376
449622
476161
131485
224975
663621
779346
486653
446164
987750
264835
850409
628695
600245
568944
456057
51789
220904
575363
293541
423113
47198
782874
135547
427500
872355
355143
952699
26873
246050
711792
197010
241411
482600
30807
886385
930887
711568
874933
508682
726998
805649
58303
617319
954283
94496
684042
839591
253147
233475
800714
992789
83562
697972
68150
94566
142969
101038
262408
634895
669789
554775
681888
702337
243532
397257
262216
140482
284785
321342
377874
881065
364575
707160
331806
902838
200033
805323
261880
671627
511792
40872
664862
656139
875838
279238
66206
884814
99055
949903
47198
350206
460135
287652
782006
748753
473086
370734
598839
385699
533520
370562
926031
518191
854962
414064
10564
57130
381759
190889
865182
454268
457104
475530
144930
816987
80969
190921
460536
729158
6672
456315
68334
272604
80857
92543
267285
333014
105309
615243
596937
132903
342697
88913
102863
720175
505555
300685
791575
931158
680903
562990
278880
732619
840639
308830
845306
71065
193233
204592
935463
890595
565282
368293
792091
728508
16696
837211
817315
135013
532334
121875
538146
114724
878144
772829
122677
903421
402694
214242
556920
582160
609086
103118
596514
243022
931266
50328
333836
698073
400536
261551
806991
589688
809192
367106
969098
762548
622792
121004
527683
941522
674868
110779
37861
888812
153369
876956
679015
202350
506704
22244
4429
876970
997992
628797
454280
756889
629788
938731
843385
325743
38179
231162
40532
794905
354087
985926
350431
537494
634829
891367
723864
218223
564147
387383
660982
1620
90488
453120
83528
240085
452660
850759
629946
865850
367112
688495
540087
558207
404625
128076
400744
156143
757814
142341
44505
340251
769249
541221
560829
277495
797131
776190
84552
571858
583151
855930
130234
192881
749024
96895
182460
253959
576694
49726
763426
537810
247652
923161
184849
231124
404837
516591
935354
169004
735189
924357
47044
464849
46236
694802
641928
627244
350533
651815
685430
524175
625261
906361
574549
454933
849942
561804
112679
226454
517211
979966
54762
379143
916990
854446
261499
917677
485405
607239
200918
338236
11332
235245
666808
614416
62427
675778
974629
5383
834432
861461
254278
528825
814064
122023
337322
583701
918494
495580
122733
116249
139750
363707
431670
797101
991195
423202
780697
918301
606076
821641
676830
923569
290758
701424
485145
311851
75619
453288
133112
341149
585088
636603
346523
849124
140604
631802
210269
355589
722300
327713
880626
898466
618523
522216
56361
797720
977151
823849
114384
893304
626119
165800
962358
226337
552992
695876
492235
609847
442423
732665
536228
870658
548104
234192
281179
195109
178133
881188
907028
555768
393651
730001
362970
770437
514558
176954
336039
659612
650029
219831
916034
792659
407232
767450
405379
453086
539350
658332
887410
678023
687835
287913
481486
865482
917982
211397
899113
705103
714304
145881
962352
854404
814344
842846
198153
748438
402964
137829
186901
247437
906731
238592
414037
386754
377773
445073
387368
461565
987627
823213
786162
553839
282259
601259
976409
708296
961028
514319
728873
686582
493568
366222
609431
116028
619327
427390
525475
782762
300576
587676
162646
321343
542779
282233
656491
107223
888785
566785
261194
163602
323813
620393
346735
929924
416868
2549
534250
129746
730751
540707
909439
668847
295258
142391
442541
138611
528284
332452
890060
296469
60967
155732
58511
518789
308961
166740
678186
874281
31345
424543
461517
326705
650758
869254
221645
588825
904657
468536
283428
210619
417555
180148
906063
313102
219984
697608
796181
662271
263331
501764
653736
405994
282411
685440
92388
365045
505891
93255
684404
299529
180304
930911
882452
97966
30355
161910
461489
488642
949022
438379
845100
963478
656323
279221
179261
19877
213608
518452
491316
3890
892759
616146
376283
885565
536050
307606
947000
472417
440068
915205
91503
391629
130162
314805
231619
246813
160784
654191
260029
914324
332367
838080
204325
810424
468309
502364
516077
8331
413989
766960
363502
281505
113725
439491
294409
780771
139711
44360
421872
120990
737991
253826
649725
121096
342875
107092
233215
228177
929024
398628
635222
763490
243305
539371
349364
574902
30091
748509
347203
929361
120844
82415
60005
879072
510041
636169
222039
962159
735574
431050
913647
93505
136241
876850
873732
455247
369552
706929
905580
62624
678568
666953
918816
963329
491183
674722
871868
918690
724009
865322
275427
597773
621087
540454
651520
951939
879727
939418
999271
229877
511612
538129
22553
604316
613253
409226
555366
317685
285972
688895
40621
357021
966861
265555
247295
440260
104486
739607
171682
129425
15669
468281
8177
290962
768100
1865
996513
139998
276034
242089
9822
743882
63348
494609
568980
155460
964361
986876
67785
919823
883755
174515
855847
272987
586992
938548
345048
835136
603984
67263
949578
65879
998450
540988
468690
454069
154847
200460
567340
1413
863512
423914
632672
685057
30210
58686
121729
101261
783935
13566
849936
115056
391705
460929
815549
54127
915608
83938
727117
124040
692467
770573
559319
388360
346851
591273
23848
167881
720786
638882
251014
359692
422131
846417
180434
660143
339499
977355
452742
368971
825388
377155
616990
92268
854691
713949
42836
566446
623175
786320
808643
115440
168274
245750
131309
365112
904141
686643
178072
474147
567107
256192
291603
116615
535639
871763
33558
304871
126834
589421
52551
462801
768276
514239
136665
542936
657164
467322
97039
397546
324931
31858
917535
336589
255410
404781
333553
29242
227892
561870
900230
914582
395061
837977
789046
913097
591498
598306
65042
245373
9499
152087
88552
983733
428667
639846
444068
298375
573400
88268
694803
838200
299854
108988
115715
665458
641110
920616
511751
911652
220763
893358
96471
476342
316141
878114
659731
608744
883278
136436
228264
94278
258282
247422
809547
785546
311204
439981
491619
728014
93196
598281
731139
102572
444652
2082
505365
515444
897282
4889
728338
124489
751879
358216
938093
267544
932526
470479
153488
387318
590056
199228
49789
419541
936676
239446
523927
130275
120789
60038
270202
320384
274283
492899
956740
881753
197667
258264
311031
151142
609402
9076
729719
504252
814397
409166
596973
17487
11388
750419
28558
1032
243804
37166
252598
264319
3980
33106
991406
545302
165008
810791
365389
443377
157625
884047
308090
554197
50613
847187
61199
687708
536450
361967
550809
589074
673662
507126
705212
855984
76635
431587
119475
575347
204590
818494
833334
574167
804006
465640
773940
614453
618073
333763
952191
189110
971066
157696
410184
245811
742823
559366
316799
541419
765727
330556
211292
753760
198737
945715
705980
982798
659919
245363
530211
199753
9314
353632
106464
658930
550391
581577
647374
536149
257270
418766
257590
110626
830451
372331
248402
161414
945213
430181
695405
210982
480468
666319
630950
15480
955577
937209
26707
969021
821917
57398
900097
562719
277307
716169
816922
111011
615745
925676
488608
33802
60905
411644
494293
846986
65575
787204
947581
184100
659451
604324
893307
960994
304102
558557
22232
611695
163449
741372
979939
595730
365576
919457
131506
307209
71230
756972
834118
307390
497290
268547
994573
680424
729720
528897
229568
705601
272538
131390
949165
164191
557796
193207
937871
770738
642840
22170
920153
281433
831254
251953
715474
775521
417749
765672
706649
914010
651311
900412
169162
786264
939158
866562
654713
379267
37092
475090
676251
682011
860113
904526
484869
639629
554494
801746
535884
865002
670318
559802
336587
704330
724372
462538
187586
396860
670086
978686
564251
920104
332049
513583
736969
658372
665767
670815
940809
840431
266228
418081
967882
920557
289807
418344
128297
180544
350539
851882
37717
797663
277868
160304
100946
708438
125878
939133
787993
931193
373857
214680
48988
599430
601450
943160
925222
991062
49859
906828
652193
827968
828971
168932
356018
514379
973464
517055
126719
99853
177296
542770
177360
215396
666838
735089
612691
119440
846530
623037
961209
381100
575786
549226
773631
880583
440828
641612
777415
808803
613614
381310
609124
272137
971596
334094
973429
844423
635632
424072
261736
337096
513488
771229
199328
723214
4657
276336
911025
411342
29114
287614
969288
991208
689571
300263
168424
406785
456204
928349
760719
353855
46186
447080
17911
635808
727644
123219
290552
806839
78748
718519
620938
740997
550096
558049
892265
881072
526720
518499
189137
965858
717923
710900
737065
267457
177618
851780
524924
218310
14046
905633
886306
28796
636093
760447
86077
695063
441375
711015
850399
415855
733215
117951
120457
525271
112277
983602
558478
720542
316488
354363
76567
133282
222592
920339
134207
791820
84794
474741
563550
609899
319413
42122
447204
246384
638250
696759
825627
672068
54616
58495
180366
425858
93949
678293
781896
25044
198369
662018
275701
7021
662219
525487
333414
418400
247063
833232
599408
410780
780512
246829
77363
126981
80215
714958
239416
797743
604917
525699
688116
69561
866125
968141
335338
263556
203450
381741
14892
757327
655800
175622
160193
87408
346639
877873
829026
951537
845610
420253
37855
604805
487430
485793
99551
122406
466694
197472
302468
676940
553187
342872
806061
537483
185152
82119
264853
593802
177947
338106
203096
167643
957728
531571
889366
254396
578648
277558
514288
568297
45886
650224
544496
264284
953074
667141
598085
197283
657031
860149
241323
456603
710839
663017
549801
343118
359414
499936
746164
999271
427235
14385
975665
262478
436699
578748
258456
827044
54184
411569
96628
756188
913495
572412
47751
711860
38887
986252
341258
424335
743581
464383
387857
21809
582389
285868
788813
906070
279027
437260
174060
908271
81111
273989
938779
411514
847982
577685
964011
329725
397509
26775
708625
628190
701817
180085
582791
98530
837738
372139
61457
135232
839694
153139
641818
567585
44449
856339
468477
2167
254842
53247
334815
250871
298809
58668
387001
2996
775453
599922
970483
289242
313394
439644
795692
279555
508775
346192
132438
948025
806974
47509
436991
974089
285532
403590
282154
176704
728576
148306
695067
352325
660176
639149
651378
101522
497615
134807
409263
268881
818092
531335
38228
64911
832307
385780
481000
655199
953446
572991
130327
205774
880871
671296
404855
835070
668940
421931
228901
824609
80597
624479
365134
76564
273977
138955
896330
246229
431772
162301
360226
28515
200798
519368
383666
911281
390413
787538
763946
349382
425018
813816
335470
919796
49577
962078
160733
360498
592482
722198
406255
997336
543908
654443
237688
918519
223865
449548
245257
187155
641509
729680
857078
569407
714872
573290
951793
622867
198787
279658
483285
915979
286183
141485
983551
360767
499209
936675
653463
159547
26593
376187
72557
154810
484658
976109
419965
916868
565204
601955
445077
71777
785069
195461
559950
799352
951998
928480
402613
731657
127321
234738
244622
561988
681585
423444
956782
774020
185738
531524
537799
5675
56079
349262
669697
290778
888066
913431
41283
749133
558157
722118
257360
26770
308152
691984
59534
379044
867892
145502
160867
384744
550804
383196
243384
351619
817051
843552
968863
185174
2736
2741
883281
369111
630958
441860
672144
854477
436888
804830
144235
6056
580778
774632
82016
965498
578122
190180
417499
766294
319325
554968
146973
291076
324150
612957
692408
859037
843882
77765
866614
739593
284799
127210
694234
26195
292419
931343
988094
416102
171704
606134
763995
367271
191021
700478
692455
283886
741160
824949
944921
404257
767295
855426
571272
864687
334278
298216
504753
782631
664866
87544
44824
30066
2940
535190
604101
742131
805009
786853
843887
465082
566055
802322
872119
445919
341146
305018
347339
448129
625941
314169
633515
886683
469916
507984
540296
371647
115717
226162
417608
458867
861703
247019
879655
638181
295658
170990
642551
710475
862046
68153
187848
50267
856360
493799
377634
567268
806455
56338
948399
667016
402965
89250
145014
103638
390521
447479
79170
822536
428409
216303
789665
501206
93212
506132
307976
16756
626573
107173
398932
582383
148204
381119
610091
618336
597375
144296
541697
445194
119238
52088
927670
259862
610540
584741
198621
11432
562777
394153
966040
286877
546404
174226
101215
658724
65894
338470
810783
651382
310442
552240
938367
638131
409920
66283
781757
112346
341617
281290
449527
498341
880588
445730
475142
658111
648991
592309
320389
801251
687362
612700
597103
51218
992397
903376
866086
348848
524329
921301
804176
79356
665732
309955
81500
162858
46494
894962
377507
752159
60673
563713
412265
711305
962957
655747
201474
717016
59761
2695
605137
691996
702006
755459
81900
231868
852341
965725
795355
991568
748521
420437
172800
573276
51935
301329
789712
350122
578186
498438
66495
656771
239539
965697
844346
684553
639629
354384
304654
13812
207334
415823
389350
154535
550394
87570
885553
584110
215778
104236
85474
468695
103785
958234
825297
361898
500735
120015
626559
507782
667719
886493
986614
599449
614731
843965
168911
614907
88591
723003
171726
5032
360515
655233
158631
760152
924434
443454
701284
347837
98135
230578
180190
835544
548527
915353
392232
352120
780969
683057
291980
791697
469722
117226
221805
604789
618126
474090
682379
981105
339673
781305
386341
235719
78411
281488
209529
911363
205377
787257
869863
806012
972376
203554
722292
674025
841725
752132
913322
486365
24736
267883
552860
594592
664391
23521
795334
194924
562687
633915
865299
741697
628781
139775
818553
760613
93890
944496
415104
811388
894668
831673
963936
912255
815338
976562
175367
279900
610200
614673
281593
84714
689192
775472
893522
691655
753682
188918
182503
444945
919458
623141
266827
754365
64591
440448
407853
297111
370924
669399
581342
152470
792696
580848
148209
467739
279760
470356
439164
942406
468420
205811
931578
724341
341126
347060
111634
845083
427262
980125
372019
687480
369147
231964
221014
962298
833157
900784
773733
524784
757518
14071
685306
657319
52806
931668
893824
530723
381006
527420
618614
508987
776068
81054
546066
299922
482877
207021
437826
263470
354513
214475
381389
124598
977679
145875
783896
129036
231313
735171
872325
436805
328875
741957
540598
855745
532285
715480
599407
924460
244072
460831
884570
42384
833693
569158
359715
941460
397265
342925
345987
36500
13581
949427
804635
474398
531873
44799
855222
176839
74488
843053
415153
132265
260743
752052
344567
583610
116704
347248
246180
199753
397987
684721
553611
893655
68947
888736
997587
178511
484806
444488
723772
842723
397430
456072
912127
524933
711670
844052
553684
975423
129534
21859
595597
45936
425703
655033
201888
364132
661362
366097
665410
473870
744962
939238
514286
769444
438890
405854
8644
543575
489121
130644
668367
665326
724242
765632
233695
304574
226256
211397
842197
28552
758439
152216
799485
488111
486926
926664
497173
929748
4216
615981
454380
626000
848009
211569
617702
633421
561254
767542
770652
709314
992613
435491
904096
330057
90212
399950
595742
127006
852149
840391
406686
283958
717879
522431
172453
752697
780288
321812
309371
659038
177654
768698
119176
852706
605885
87943
316440
765477
708938
914651
671806
744801
55062
196841
80020
18439
224815
125927
321504
736312
467880
836302
203154
553693
587889
772430
916713
568099
595841
447506
577078
121494
44591
487019
702457
96281
148385
867099
169703
106047
82523
166849
278221
487370
704249
23772
303822
54078
926840
541117
787208
744928
441582
21838
225557
992400
840026
264376
633902
83648
345750
916726
821993
570064
166121
60980
703459
800392
86265
170147
374776
660081
717085
637916
65583
706448
20433
813934
973939
278720
831810
552454
108668
400619
564234
224634
170893
120613
698166
719922
11798
551653
647938
759347
721401
57888
158886
455369
999337
604035
595977
664721
354031
767885
895956
657760
234759
677320
236386
333523
495143
21538
311123
169780
249183
417388
270400
517254
579803
553134
344456
702382
655238
257572
132681
381118
173385
404698
767659
575646
58737
330079
244566
481753
982703
984681
166083
557442
673336
997829
300464
667137
677901
403448
539053
290621
225173
717176
470036
504359
456166
207040
728598
332833
64674
47700
328431
361546
662014
885521
845883
265192
123998
879408
231139
66672
3036
245271
180464
108084
870312
684187
840768
508266
955785
5719
985813
799764
249474
333602
118731
947921
427599
83951
9698
498304
987855
621318
688825
701709
631611
801755
665884
553689
685588
452360
754036
788618
882971
604716
371101
544812
525754
91487
853973
672514
966528
455377
365903
561966
939658
481214
464423
54072
770493
211791
699569
195774
755631
904017
764330
910969
324517
127370
587984
251303
957879
257533
958093
49498
442960
427644
867279
957149
629970
178725
664435
836990
336662
989370
496159
762173
45777
597473
967151
65295
623122
128116
405894
819215
441831
669126
966023
641730
366304
651956
961180
630469
98091
835299
909491
20246
25438
440987
597193
199035
721300
533119
26206
280402
346158
739304
223560
687926
661371
772254
346212
416139
350706
457522
276839
164199
268892
822075
957650
548637
461646
166187
578948
584295
73748
64909
150697
7727
203498
398877
412881
132602
162468
157187
175195
169458
313005
93038
779088
375630
888492
829962
980236
325088
811138
546973
594582
891899
59568
802051
672529
793918
419414
693188
752140
774466
11670
720911
282996
899804
712087
578262
169577
522383
981093
662277
311661
747857
341430
325919
70521
600888
214920
250104
787498
917249
190885
711561
455832
128893
32520
293747
442375
711769
59482
664211
387959
837512
391701
164094
612758
142927
467466
272217
926486
517996
310525
159448
261785
333220
757358
210769
917639
249064
665523
675068
459138
717795
192512
87241
732081
75427
258441
441950
816377
86177
161342
172908
300490
547886
754677
745261
956117
445053
63910
793852
101979
48903
943887
40464
438753
53086
38328
995606
422592
709778
149457
387179
754393
290682
341431
479539
51429
233120
747477
990681
877738
234955
679975
272035
978249
490345
542554
565552
827508
527449
103952
830737
652094
676819
841279
521538
368459
356149
750777
229316
504678
324586
679622
209432
116017
117305
644269
433689
543799
641128
877074
212599
315870
543690
3513
734284
485176
787244
198057
727580
368376
372888
875051
375342
948737
811140
397362
946369
325402
393370
563540
53165
766526
185637
238902
22680
249617
685845
399175
235345
640428
313519
352995
508236
996057
871316
576279
339194
47578
753387
716612
812293
208804
784366
892508
555045
354153
512846
113034
982754
304275
559876
915886
372966
8332
791285
551366
641086
703034
402305
743272
132717
153096
554281
543467
730093
317472
987354
465510
755011
578293
154842
6864
748541
454844
309390
821510
907339
207674
596005
929388
62136
552696
455781
467435
915331
426324
569040
467544
787678
311538
999666
515572
521986
309519
989898
346512
496685
970550
200915
326153
848505
370443
329902
285233
719066
674180
442093
716366
652724
508728
317758
645628
98263
119503
40498
366125
164568
106458
386281
221969
460877
577660
481308
693521
354148
748357
94023
914036
493088
31775
668529
792997
73394
924641
495769
697292
583088
556545
387135
155224
380084
430374
784140
352094
645012
447836
591518
363483
732729
653281
764788
370197
401118
80348
529843
243104
923367
790509
847955
458173
81563
555935
377385
754525
352128
814970
433745
424131
80594
507062
807095
626567
278815
529098
107906
496310
104386
303905
20191
166167
93946
146734
181157
630793
432102
655254
737642
26248
7583
251788
827810
816270
996786
825915
192942
184918
3576
623004
196617
662715
553236
881639
844234
40127
685321
817830
765846
545896
53558
365028
377510
602117
751918
685061
489265
759631
902136
637039
113462
638122
325216
48230
623720
228939
769400
230774
745461
210611
196782
8713
874421
476761
217995
253400
576684
227941
725318
633342
962812
88281
73027
241448
651498
22986
255339
739305
559434
943628
104
552682
730890
785389
311421
761023
489497
262295
299585
768660
315506
218649
836150
365766
800649
37951
284490
739406
265360
602525
917673
654296
38630
239851
628413
26610
467165
168330
130115
675680
425190
259493
687883
164236
620187
496243
726796
608538
840681
459608
675297
628954
427544
297707
168932
64663
816825
319443
847078
874764
969899
485066
63368
844470
136457
844739
35129
248517
463604
586216
273996
56812
679416
37436
23732
929879
932765
34912
167392
828924
179277
300657
493357
13707
671453
786318
144268
796607
42937
983479
267762
645142
955313
976273
775861
579357
495770
564806
443978
964005
991906
581001
620824
12754
894452
838967
487672
76049
734596
615257
792716
404393
637943
79814
137785
874795
101298
924837
527234
956164
59070
466577
850242
354097
82133
915477
427398
116177
72204
242902
425989
254102
39260
782928
267196
70741
807950
888696
377706
858942
686723
237057
955045
261477
48989
837115
946520
53886
345678
745429
927962
222760
789115
677059
841259
845024
438220
29563
991437
279958
618515
575577
512765
764188
121046
114082
32268
440251
918202
571173
593567
502496
223886
805053
242943
878388
632818
724404
720926
272713
360739
196610
356839
115568
599460
726643
468352
557927
823241
621094
948191
42095
288611
706225
917830
612540
719235
957922
898204
691398
8749
865377
491306
874813
685659
534193
164463
172121
727530
711893
934368
428047
829349
211471
792895
198175
779629
470595
559638
711882
89282
348155
988176
635106
55536
513220
213493
605305
688792
306933
752960
84859
17050
909647
641759
677528
494748
957760
342663
505241
72570
409666
21937
416852
301066
788448
343668
420155
139786
532889
847168
616654
432232
706909
876980
305137
201582
400244
90589
41880
406601
401278
177228
164318
734324
889813
692563
635253
673350
352526
416219
907000
715284
196895
336549
168029
847428
852250
287451
428550
375727
623576
852306
946486
375794
24113
118047
986208
622354
167143
720915
859419
594057
541794
468308
451379
12977
704918
134041
34457
537484
701376
452353
766970
406126
949648
964177
138925
556167
127329
870537
114373
361425
308451
389281
626694
189906
86938
645861
63157
235662
448383
71722
80328
660173
779524
773548
533821
707076
407093
521477
680647
147619
7546
901324
455586
133115
978297
911112
214664
540745
471384
306960
645372
980131
103648
683456
264195
198013
929917
997018
121714
106264
846498
822902
853603
554825
812297
846247
674561
636770
771864
862892
917571
871871
309855
226768
835446
693998
243390
346591
843314
690684
927076
115013
602990
784920
604274
591428
641776
289831
644733
831825
721885
322595
887858
916108
929966
175216
339605
460187
297603
285757
838818
750626
417554
869011
951444
593952
634104
309566
748419
152041
704688
35348
11752
721660
769121
524838
225405
984896
821713
453763
347135
580960
289272
458531
902357
993983
665455
315191
461003
61082
125511
39051
582711
240185
33846
134996
33148
37650
289389
405468
14828
427578
164037
397575
594569
338312
951639
238849
689700
654600
698666
96582
781159
409945
964295
336205
627310
20388
40553
135058
179983
364089
30353
637438
842362
989256
38581
789430
669436
433208
139864
788029
995550
501351
95861
948167
978922
522751
976085
248091
61965
992497
227328
604771
916952
694225
922192
922899
637153
921550
175073
206964
820550
286348
85220
688588
92561
45856
259219
736236
363575
300071
571455
603030
874555
183555
139780
246472
637680
692276
585311
395817
464923
63183
582998
438415
833078
459229
363477
365483
209937
761042
760473
466322
196436
440039
878277
845800
441055
511127
280466
302635
250770
892148
58276
172121
403048
784931
712055
149119
153726
192186
701496
374944
407346
518964
611376
950398
494311
814671
942491
936904
921508
935683
151447
484063
78556
346014
27384
108807
305032
367616
897528
834087
9584
218737
512460
30460
187082
601946
96337
623072
264249
348199
14373
597619
760694
453238
531411
607331
395660
223036
186534
342238
62013
68789
727774
899665
996866
109829
408193
275867
541616
502320
151176
398355
445110
286899
208058
907378
315587
780925
610199
492255
692100
590541
899114
54294
446219
999401
443714
484852
454731
925816
614714
34913
910912
760829
529907
240410
725996
498224
517411
1561
159739
124154
261319
183908
936648
823438
981236
457327
554296
263327
981707
121199
982788
12929
693131
616701
58005
933472
288257
779106
450184
73111
134810
23301
383377
488366
132121
999534
719739
478003
778467
973174
387917
212659
913463
720014
491721
636565
841020
352104
429134
913748
834483
901445
677597
101335
302540
428444
392696
989551
895060
429092
675814
76396
237963
491262
404372
105692
691284
486146
712981
959137
786117
274533
454218
877486
123550
758468
148253
489886
85271
606991
326439
859889
637522
322133
41394
283171
618480
223143
431512
695339
582272
336940
977226
730061
987729
974465
686829
847580
396712
483082
174366
680144
977101
319386
754838
428991
455680
427963
950377
230524
696393
300890
449961
949833
90541
777938
963047
744377
910268
762899
516377
469543
298184
764463
651287
876237
225200
932417
302912
803906
30234
709242
57209
264978
370559
423177
538645
516219
654687
984678
886865
233346
725910
661180
311030
3056
810567
928497
704865
968813
348532
138899
141855
592183
376048
615072
277234
1919
117547
294514
561265
91616
312877
991749
335755
873149
669086
591526
143852
852085
213377
515386
305080
230150
507841
829993
624564
564283
806884
893285
948548
610963
537884
225051
457551
116656
832828
120884
763390
863032
955336
336392
259108
531276
525285
340704
323320
86755
945903
750886
816061
293378
1769
589611
254850
454938
442703
995221
640133
32830
100616
801763
984499
607295
859448
961055
288203
523878
149937
349791
358240
877261
776905
210167
273021
308378
365702
184702
292130
808985
627254
392123
333165
926197
667484
446061
955028
559699
381380
497268
42383
778444
903736
506015
648595
137284
77643
370259
478712
867243
728722
503252
40636
772752
176115
739571
844704
753693
16277
992596
456816
432243
675383
525467
858784
767843
32732
30003
608210
493445
259492
973499
122996
83577
877303
805261
206087
143224
887642
308843
593338
208725
860643
713928
580020
874774
969865
221809
368945
690153
61397
154134
547012
115845
935925
532025
184314
310622
975023
663026
207327
602692
880691
60188
522010
686617
694409
512736
244595
895917
210729
531548
103350
414968
725033
437807
270127
131891
630737
625123
425620
251603
483530
148728
488898
137123
816693
490185
585056
165757
690009
112797
435680
629796
270580
295693
920548
53441
420722
583501
383421
635513
946683
939672
896142
375335
483303
542396
685519
878203
481293
858495
84973
366190
609209
424045
577743
548321
581819
686015
515892
549201
372636
66282
428024
449081
277676
384897
106678
217221
428663
372039
959238
94702
957718
661973
109287
30902
949793
407652
13496
753346
137154
338936
136801
162575
648869
209898
661263
808786
846475
729360
51868
998384
411262
199178
43340
347991
712287
697580
639859
993719
998363
696067
109877
162465
960380
285126
96742
276346
260956
624859
703183
874907
842548
81858
592914
73481
23314
9250
977509
657548
464937
402990
168314
316398
418306
165172
194879
366162
863249
807938
692289
634030
903202
899317
285420
528294
714418
949791
392941
254534
186586
322708
911992
135900
989222
154450
15397
378416
480260
926410
872757
608353
841240
437583
86003
714398
806573
566938
593782
179517
840005
490039
750467
852795
362001
687824
157391
852497
86908
694356
972577
556719
406689
124036
818326
885464
847966
782938
216255
312921
448448
705046
788389
619687
247645
150566
103020
763220
685761
363313
419157
205806
907008
434304
813789
941044
295915
546953
569731
433334
446045
402650
639079
586504
495797
664351
927886
636514
810526
77584
652034
329559
567369
185145
546006
387248
696508
527143
106119
543205
304644
323628
114302
640695
192518
936272
453363
58285
533748
382868
142571
949288
930203
744611
381729
607397
709400
159256
468227
58511
647915
993318
902419
245567
36323
404392
836142
262353
74681
67078
241770
54180
813433
401856
593048
198957
807963
691930
465961
223672
903728
359205
630380
665469
497592
688229
574069
856027
706768
180836
489498
677044
213704
522578
131223
124004
269907
634839
266833
825502
445784
655415
77367
372709
88165
608865
343301
818917
308995
630740
290082
519148
561124
729263
383850
682440
818489
324563
722694
208125
912352
482934
922614
825827
425339
574727
729456
41562
594844
547641
837794
151275
164060
166255
274964
971389
358923
804482
169641
71985
697921
855218
180676
344474
365843
543270
500744
263644
595233
976609
828407
106400
813581
388228
441724
174705
879750
956858
424452
524470
933122
313091
7174
695692
639754
606817
689764
916224
932783
634841
800425
600870
186074
618214
335282
498712
44929
867520
211306
41742
659382
72195
461294
492119
60761
289600
218703
673586
943214
655645
603765
34571
624585
345065
929184
776789
334310
445504
759114
193344
138837
644247
101225
615704
432146
406757
589521
379002
176115
715055
789109
918003
849466
620846
899085
867766
758090
844126
932884
457914
442807
285990
72425
378222
876086
497119
989973
808474
407091
29314
440172
782995
466050
212211
54668
484250
703981
514532
998595
325907
152492
200807
245517
356957
411186
232660
430394
945170
236644
150547
385390
686428
315748
677191
475906
394290
258892
353944
128841
513134
788151
250650
699693
91789
857785
664991
477431
27202
869166
753622
275565
151479
484592
663006
196757
276001
531042
610347
335704
620926
469417
553939
623426
954926
343995
240374
803622
401452
152783
39880
555806
51047
157236
590909
552496
936001
715518
81487
19981
129571
890843
818415
442675
493755
403715
237958
834738
879315
359694
452454
935115
144847
517407
564690
734579
962435
846718
473446
361912
22702
591236
508324
91003
448663
414255
642397
455835
399491
640981
888121
289011
253392
119606
396323
561465
510578
966186
852051
586823
635783
299577
58681
346550
910040
454217
437379
798246
851502
490738
116491
23771
252815
380334
511712
933122
9108
252204
941616
899601
922536
658563
598991
350732
266527
123331
323110
290403
694192
909800
438203
559225
619473
684136
764632
343423
886957
517932
700443
310847
382661
58843
608218
268213
870304
808081
921584
696855
119664
861806
117352
417846
618115
954123
926789
775100
74658
698632
354220
70357
959754
429441
929263
891371
26820
754015
980535
341001
97315
643402
443853
349921
586778
819708
225541
659881
125047
823665
245575
232223
361600
582011
128123
632622
204649
479601
875473
642665
118447
583751
784490
588532
174739
417465
730598
90114
121782
541218
157515
63992
797390
672745
590286
826480
382402
306650
746242
471131
705000
258067
141658
196542
664152
518677
618204
268189
944173
426874
334501
543285
190232
836742
43603
321186
223904
845269
518674
758561
677818
952116
390534
793776
119424
626124
342546
181906
703697
763385
23683
358830
593030
900154
802269
506391
662732
494657
363008
295655
66147
345385
171189
21124
83186
235207
878299
871172
384324
805848
100584
755693
593123
889242
850782
780501
134991
905464
196237
500136
946203
31325
150014
667272
104741
843050
244483
25871
199408
327810
996569
433520
65888
932802
210167
76923
560017
988494
575734
31423
203284
181191
952412
750601
290118
88280
403782
398347
598479
303728
30578
384536
570356
489418
818854
654988
881818
489767
208449
69449
478552
531614
632156
811356
201207
985802
325405
534781
768585
504161
257240
930677
235299
388900
982049
207514
902648
797618
89650
171318
210643
234552
346229
700998
22832
566339
858224
543902
484600
894518
896459
657450
299352
605335
346750
22095
216509
154691
288539
597039
748141
401474
278645
970571
765637
786357
840044
830852
763787
852972
174614
803834
725807
381908
97612
314645
586723
658061
28366
361570
38292
246938
130964
684245
8899
648690
656754
788397
395909
694643
893286
583797
546003
546486
217346
459430
425679
154109
3952
826602
517844
561865
711847
951035
899256
151881
57769
980202
876577
232236
440758
154812
896640
273752
575249
191918
597551
82419
694060
566682
196643
53470
254386
409586
973902
850497
286065
455656
827476
902209
959779
721840
761895
917774
575447
26589
245569
282842
875841
709608
582397
403364
242010
963728
424659
168882
954805
171099
416750
726045
889696
216186
793260
619526
800883
989962
811249
671847
13240
726071
442984
290372
91511
484219
180696
205887
69148
299268
284318
519371
183431
522228
760397
400441
886256
748866
733407
990062
890421
918206
6422
399798
521346
671089
267507
77233
607452
476450
746194
948395
317386
11957
84256
822026
667744
650543
178426
389472
459113
379860
531300
830112
295472
927025
699747
832430
737835
398902
599224
583887
666565
403515
191993
498176
637639
95907
480077
537186
772898
199390
247235
318866
299035
442760
693712
717591
569107
820719
618275
887861
16050
160370
493479
689374
541744
918148
459988
748104
197056
404048
302322
526426
193241
228343
611116
956864
297249
593012
882381
822942
751160
922785
688985
622048
459359
643027
219018
627056
80068
546335
444390
651393
144939
110848
311353
935368
127482
702481
697013
330187
738017
28212
617122
10513
223268
109397
706243
838457
315590
877065
846663
434279
664084
676240
375784
286745
120011
601465
699940
323672
454247
231781
993430
144329
442313
930403
535857
143139
755459
358843
708760
96443
887747
565126
820060
264955
508315
886842
532434
664369
711849
534276
354384
150787
566696
997006
335813
714049
786001
135136
407090
120595
576815
913634
188489
75665
841150
137599
519968
90481
97279
810918
540562
669659
150107
740394
169266
436761
595889
124938
932909
947306
310782
764938
431867
442741
726952
232768
529409
419547
193447
181163
486983
784997
785936
856380
840849
37917
68864
15033
912156
320312
640609
666423
22775
989168
420060
517637
663355
38000
950619
687336
209704
502633
397689
547264
780701
973250
792585
254537
311539
167852
816704
683581
331959
822291
856704
804375
383171
24624
421826
460595
248184
214267
901982
468113
835354
156670
695546
730425
43144
855685
429069
937656
162070
862194
528143
480712
155401
776877
135935
230286
243054
63288
576720
725948
554519
61600
725873
370263
775923
175951
754872
741971
677449
580991
368362
196570
890257
723593
443241
52907
654255
295451
915322
463775
456461
48776
521714
50631
517587
660346
340605
259634
803270
920323
943371
389899
817338
127696
215576
46942
230773
435710
656534
92411
369442
951879
549560
766579
806191
30997
745565
730815
585348
351799
891864
747521
946015
420337
512344
343458
839312
345133
29625
167386
353230
590160
755366
245006
38773
861352
595944
617619
172637
567297
970064
209744
858520
260695
497789
709890
766599
154533
970763
749274
118169
946716
171224
554305
419746
842159
182708
928507
813716
635915
868132
576361
483932
279652
48595
146344
199323
44395
695766
346008
18687
499292
598298
211127
715966
263347
150637
367915
920943
254782
322341
662878
453253
378510
13873
202755
170408
994183
120634
157624
633073
429015
776757
622724
680642
81091
503944
81599
327360
524125
237590
277201
646959
931858
458089
876562
193064
825183
977659
917969
587449
532644
395233
477041
296473
688081
406869
521581
508422
522621
777758
435195
576061
877525
901278
114126
823126
625137
289080
907638
183929
126082
269915
802339
780032
919976
685872
864519
511595
948448
32156
131481
613626
204571
160370
60789
688555
553641
310520
686432
159888
712276
66580
651306
374988
618442
760276
101420
485610
977330
748631
103921
94105
162399
307482
235825
443848
750178
803491
732665
805210
249017
371972
645606
505542
533798
857868
257999
211791
168283
516752
809411
545242
68561
141521
938087
745073
418104
181770
24002
654419
10569
422937
833620
477429
499575
183111
787168
407002
48836
357174
414347
191882
42479
205606
64925
714866
266954
867683
431972
374295
711402
893711
375863
523768
969273
236616
621912
242752
683429
901493
236019
728997
184699
751666
701443
73952
803598
411413
414548
211529
896529
516765
598307
301006
912197
87223
733153
629263
806539
37932
643030
887834
90395
372906
335715
920638
160653
687212
47840
253326
554965
433801
171620
293428
122188
302231
237410
320303
409897
362169
171120
86058
206670
311628
916963
676858
17535
255210
211031
851380
723373
376217
488395
352105
956081
289876
238313
36160
355924
8307
534498
823982
767626
669625
309304
883924
852544
101306
881109
905012
788875
560039
916697
613969
430335
761400
586993
54947
720545
954228
744354
50356
357748
296736
313446
407450
21103
434690
341933
35665
612688
254992
201220
207924
544202
99898
775315
879640
591194
7505
18944
990214
668984
565010
489458
120402
623464
28947
374832
932956
469167
580681
889127
167331
571235
746740
248778
137409
488540
874216
864916
707143
427271
825080
991017
90357
969113
929536
295194
938518
285215
187151
907400
161654
689972
659055
693983
363329
872973
664403
112580
112698
646062
131805
257674
742548
743807
725257
618653
357937
848889
196793
695105
164916
542523
27485
16757
107333
133305
267838
