129
106760
510359
343461
976200
788894
430324
35074
651321
799016
743240
764709
602859
121458
921104
294822
482344
428521
743487
524614
107342
551539
850791
425104
526411
240281
718208
143770
213815
430367
362521
561771
912526
811317
739352
480502
369161
164550
973551
774533
109399
274285
693917
851633
274301
572295
766238
713293
347271
749411
231089
403555
803690
255830
698372
129110
880184
358892
18877
475943
376702
231289
880039
167762
338557
480461
565175
194264
572867
603397
784827
34520
312934
715006
943710
803031
831517
86949
69466
231711
218363
594986
14906
293763
592009
744595
659851
420160
919486
110125
327583
103166
832733
961117
101885
478518
273516
340500
745384
927151
106572
433825
800586
837217
685754
205536
170109
779258
449825
950992
229303
246910
636185
161218
513743
357449
384192
445806
744432
218032
834739
737888
432857
669062
559786
906319
446286
868602
589549
16014
