7514
745535
41172
438309
499319
355024
511702
330527
24658
500072
697374
788965
470344
32376
354345
481308
207056
340746
842160
717698
970184
729832
598413
711274
664489
451882
862647
755412
835932
666848
292009
954920
372261
260887
236898
803535
440446
768972
744517
81198
323711
813035
880736
35840
48376
122754
517705
378511
437281
291463
95013
43919
297833
146562
302722
665687
979754
440664
788580
787965
617086
970038
919453
761420
55147
152150
573397
887461
106105
713457
825002
183855
912933
598273
774704
637564
148910
422962
105945
510010
643212
827300
711984
819922
921216
969887
758336
601632
986695
723284
750865
342288
16808
379212
50898
445713
790125
199408
185874
225465
434158
526068
202920
720885
604424
739552
314163
961323
81773
773692
755580
268334
838293
649367
612344
34653
458195
430580
731177
751576
587650
389266
188323
53984
977118
983959
748844
141707
452975
758872
995389
637536
632735
266951
653157
459733
327277
67322
391181
784866
837690
750548
147606
80577
63169
644498
88414
207941
54308
607348
206882
427220
168737
54277
246333
429379
365219
58249
35151
197900
439861
807555
326585
535214
63185
341728
546308
241570
862871
307395
711457
768309
344729
26798
974859
560262
646163
476745
622345
218654
605240
689939
551055
311911
785255
349602
693764
541643
885308
475608
125855
354346
759171
971428
162730
866487
237512
680178
686889
550960
79370
837552
690836
2808
954574
763518
781631
821266
496527
196786
629339
739836
259026
250693
330069
550246
233560
508701
881692
60237
672877
924471
794688
534329
765406
213488
8822
800207
809864
245233
199352
622804
276426
764981
329929
214399
613020
245689
966422
22648
263481
349439
679864
251571
488888
651902
828566
435172
587705
145513
420328
355486
927802
469338
836054
254220
342345
119771
810238
630218
166164
548689
949013
115809
734748
197190
259621
626461
293000
447569
42484
206349
397206
996
360901
177175
445804
428914
292920
277813
393613
711611
544908
165392
648167
650485
303877
164407
211913
296217
544872
902652
876977
78983
174308
708779
670211
899158
731979
379240
562774
523900
257725
816740
239145
748310
805477
949947
783603
907158
355037
554670
40600
596038
101677
239480
919223
576637
202737
626639
241376
298077
452568
181176
912035
735685
555848
8711
745668
627610
716639
222450
998410
99565
890645
29393
497910
680393
57469
915829
280145
147740
182122
557666
175967
354944
771887
28522
433903
105252
503934
36903
458004
768283
709105
617172
652590
77953
947751
152776
20001
433286
491655
863057
731432
550488
323872
729001
140034
485297
137393
552152
545482
192378
774084
386981
264228
682010
399541
900346
372243
401312
97488
635667
898536
10249
450072
125154
665429
677806
643876
401987
520288
25869
823461
259095
160883
501234
440898
812863
215376
215169
812644
973239
493409
702307
503246
512140
901997
959627
557155
336124
126823
67364
101771
63656
747873
449497
108465
395832
242014
803712
208228
330635
54980
106916
124957
797593
513136
411949
185952
176232
195492
327406
101435
431975
703771
314763
416171
577771
434110
550853
666206
652739
387119
364644
658132
823226
861634
784447
716638
481704
248331
561835
454729
425653
395474
863550
300820
967596
49763
800255
479772
506871
181250
31148
62937
879293
326140
942502
581569
359380
136089
639421
421002
869157
553518
227476
886925
681499
996175
124145
907526
671239
223521
498403
409400
59732
18829
848400
440109
819170
926928
650586
331227
212417
8943
197294
288418
199499
259784
209129
749362
898398
567044
392294
865354
386292
961193
532264
524763
815585
906124
527713
429259
99113
789219
725149
389205
580028
833337
85710
228813
819407
448122
844020
788481
673304
872814
155625
31420
954470
744195
925574
768420
754522
939842
637558
994691
843590
15396
127061
239522
383200
280190
105604
940817
448802
824023
793292
259524
868738
916186
14635
758744
723337
288550
324608
569651
759315
395139
22736
300552
705570
487536
669683
988410
117214
792536
250398
207192
468973
587555
599373
913991
515243
897320
915021
575805
522054
399615
705059
964905
84665
201268
76957
540017
194659
694617
351603
16659
475459
983795
498840
395117
975251
460372
341539
649239
870974
513545
766997
280366
376574
806441
902662
770796
21206
719246
220913
146995
835305
514720
255512
598185
360310
211788
887253
458940
375985
204116
357375
244934
904190
349953
679029
468748
270028
907187
985418
189217
3404
880665
575693
229352
521357
724603
492147
465974
130998
170676
34788
824662
115679
139774
897439
546662
581836
775718
302218
226910
954182
694366
505690
714417
473176
215153
202587
19532
677731
441425
907612
991739
65183
708556
787003
10795
470702
699997
515528
23818
498654
290463
182617
521098
340284
928604
420202
111237
222671
236996
137838
36347
946296
565497
306614
832886
839524
178503
96637
408142
526123
776561
609934
181513
456456
222630
328082
722906
996405
267347
545722
125898
595299
684882
970693
396084
126035
888000
249774
496938
710932
165932
432886
609526
496921
768042
931785
496955
34166
387720
794319
400569
197559
253272
600850
179439
699741
926956
68871
200154
352822
757408
721339
855836
945752
835537
413275
806904
179129
648876
46368
433018
915886
565345
98645
872692
592383
318517
37254
345250
902563
657719
10823
26287
906909
773706
473246
921488
637362
682209
303502
71439
793669
275146
912833
798242
303441
111265
189009
673657
127747
113573
308787
811607
70130
608615
860224
186584
73788
855518
417505
818449
805566
72920
179479
140884
766319
728075
310757
868946
921
375754
648922
147483
618358
556627
8958
495298
603555
683717
61017
60188
381699
384622
890843
570407
876211
291715
420587
489670
566885
69353
101647
284330
871323
488047
229364
271437
649730
713887
360731
133592
487081
736362
913248
337125
548188
86720
516328
871966
821793
728705
444007
784772
342606
455181
524492
914060
48965
166199
14281
259428
456078
172185
699010
296723
285327
447233
53777
100926
958698
665737
231988
779782
721715
257413
250516
892815
344653
193621
377394
986140
225824
949465
82224
213718
739128
115524
222330
844972
976893
84298
151183
641043
513611
725363
768688
206894
582446
616081
673059
849866
155259
523022
64868
437696
83213
166623
350569
54206
888411
338773
101521
198367
434227
836626
325352
19317
763669
268376
137753
549161
982766
279677
651825
492282
154672
121723
987532
876129
231818
533924
702750
649813
647049
628338
356896
28074
643083
216828
13460
831637
75227
318213
49079
666506
319086
348207
31619
833286
752377
911245
853534
575209
990701
205590
101666
726587
896720
843316
694922
904271
67129
977148
417973
879492
119336
180153
891546
249064
318528
876129
562761
344312
146785
855529
577690
358083
944998
326324
454388
602925
797432
945831
709819
868238
857869
643288
884375
794362
830273
243300
399518
828636
329871
962847
672221
590907
441324
932518
126408
174559
593280
306385
290555
978252
60481
910021
406892
289453
155502
752166
886768
489932
320870
785257
913382
629694
243491
404295
215812
724124
6486
913933
564668
355243
8927
592464
445066
250909
731944
981759
200797
647345
581216
839185
675935
549877
294095
958237
230499
348076
614171
835784
806058
406538
613398
690264
751698
999451
593409
564583
240668
138308
123618
833460
323096
625826
891261
921300
211567
638159
934514
800198
49933
332803
141875
207459
151529
838422
951071
990708
514674
759843
787456
780638
161752
225097
851102
419576
104627
14667
916670
96381
646164
861655
163002
615453
601063
804
941630
569902
907905
22836
34524
226048
73164
985657
724301
241869
192588
123988
908229
998415
288973
172216
669617
128236
647019
945133
495376
641933
544574
972721
4715
613644
436512
118713
938355
635147
40988
779925
811637
106594
784116
83505
368060
929264
261583
409975
360899
388243
372349
414546
493013
658098
828777
513230
416707
97655
826330
631963
785217
145946
250597
587249
893534
998809
413747
676749
12831
258244
948011
53337
96055
393908
271291
557673
860772
153691
592264
83169
389608
108023
256304
972917
301283
958241
461496
721033
435210
988802
566679
345463
30982
327972
445598
482862
990443
659558
179074
126839
13075
783178
387848
941267
463767
967785
284939
531393
135465
484230
783789
571356
293393
648831
262744
336480
315714
605663
362288
445517
601752
227729
292247
193252
484145
928752
261916
933902
287205
150521
709761
77660
376419
231138
439399
996841
823401
184452
640920
658780
419423
439347
834737
543306
268049
214382
493034
636856
779208
307378
760963
587774
199107
828521
673485
86599
622999
113471
515539
72692
41568
843221
776675
618272
913315
169679
598652
932094
945346
432777
194965
857055
222234
957798
374408
92112
940029
955464
331930
543137
368903
898460
785575
680832
819743
111692
74222
973571
399884
702488
490487
309124
610545
706239
264413
79142
384678
351383
206524
572534
118453
761468
741943
996910
9582
906917
345574
655443
747175
425682
566683
857917
608852
763425
200847
271735
18367
773760
949550
258556
453412
876285
566396
670690
752107
839290
70434
996755
378114
131388
191513
618549
230423
375522
638706
617452
484015
837938
564863
210805
534886
276495
407010
285939
583299
685383
266928
79495
481079
696969
452673
797144
765874
449332
405334
772082
496866
248330
488551
89034
68234
438339
189129
635359
431931
678334
88569
956605
927089
246546
902600
585756
815180
449731
827618
469989
888616
923280
427580
187092
361756
175593
57946
528312
801996
134527
14522
966872
651691
989043
785888
721776
21137
622320
623295
268057
642677
84948
763841
267718
213895
211273
150963
624874
692141
674803
524176
486839
402199
749634
765865
878530
233153
784294
425581
649283
60165
376546
721115
899832
677082
355130
35265
360
203117
921606
550063
816005
771994
511785
540926
288107
758151
955355
700918
889925
999325
365281
511968
773966
290020
765407
191145
157109
623482
310212
119024
558490
170416
110371
702765
274038
360002
467682
337277
836119
517168
675595
914254
65032
199613
506688
24419
412047
260483
753739
103684
635023
38129
369235
854342
999950
798435
28203
779122
908753
716764
712645
178453
628644
372195
252228
299428
116726
344119
589231
716041
605280
158191
254657
830030
700998
905587
120861
281893
760982
707409
828958
924625
511214
77181
602573
713717
234842
768296
572076
653879
648443
89595
662831
645073
395075
924400
501258
495412
129116
259277
609957
371928
364328
463294
219821
496421
275491
958479
904772
334967
212901
886083
43096
801810
931588
1747
85201
303458
711383
31430
322404
761324
460757
644393
111301
228951
90523
640492
808185
535505
698508
486361
873033
738784
527122
515377
683026
718533
687491
169061
678650
246606
525152
51630
160381
640377
100407
142409
762085
293120
918888
464019
173464
700998
523524
128124
951691
574812
529809
159659
801877
842160
347178
841519
237534
767314
163843
307228
348150
129124
53643
36874
910594
611870
318314
44838
775057
619132
382634
737395
341580
114564
91762
405985
108236
96439
825580
782088
777542
605972
824584
310337
817505
517699
876250
961185
251560
496613
827103
658899
399771
466805
839773
862289
771168
677595
55400
693247
940695
110925
173952
672292
853259
656034
612440
704581
546308
442165
500338
479072
88377
498930
513381
987778
366242
147584
462720
122821
340908
499019
967177
597482
909190
38253
733854
700495
959129
669304
627389
48141
366676
898914
692959
238960
641253
373454
488831
287508
537795
907443
320760
253208
686888
801515
5388
280578
239260
672346
33217
602927
944429
998649
710885
653685
120891
269758
682099
931927
105519
877866
737870
970340
381516
528622
724778
302636
306014
855099
484554
164000
381582
747493
195683
120965
976343
952755
374112
791125
987859
560581
976447
765106
148591
863266
7576
6343
452478
475486
960830
707325
981608
986084
443070
68247
914307
864677
352261
390123
885370
770781
454494
86270
926057
155135
121880
811194
96267
207933
46533
786766
619659
632374
583327
489186
883190
851579
426182
60086
531666
584255
182565
492886
801544
573275
523698
370236
792060
489020
122259
153474
16701
659946
849502
57154
941336
72693
843129
851724
213063
867262
358497
766915
154567
85663
538374
264980
518151
603064
384786
870932
175676
697495
305162
6390
198034
376131
463117
29157
538812
852837
101370
401924
887468
816852
844655
563520
559519
705980
546796
950542
812431
327977
874773
155206
880460
689398
942550
306971
54181
14028
613025
70454
473088
154777
771411
769775
488969
792976
839092
114024
392519
433494
981213
378501
134154
851152
702068
623179
819137
704198
463635
413396
146728
570868
673479
760429
403230
179629
485492
300940
230868
323500
367126
23409
62818
267001
520866
954583
551668
13493
191051
433815
52641
416258
589536
604890
45916
927313
273618
8505
375747
270857
178068
274227
102357
888465
976923
911562
527361
404154
116485
491642
228633
3596
41302
65687
711781
138924
648477
974658
791828
555366
431733
611975
416590
995485
320039
618134
232997
97676
672813
996125
604137
842488
521553
782142
320218
564020
517876
230770
381816
539280
283051
631354
222711
941472
499076
8445
540623
224740
419110
273603
112559
328281
668950
964108
144977
266011
582486
112078
534441
379765
570216
900874
579255
149319
274544
928266
121724
341202
932151
276729
245640
702308
929932
171358
112754
942107
702853
559031
450018
907607
994275
924910
134728
523072
571731
306234
183023
635888
655185
970645
972332
508991
305191
11925
350640
523626
738964
616554
302333
230111
919303
276851
331446
472616
254986
765245
71758
875505
194236
720665
907618
714104
482039
910488
966435
773520
179280
500837
241580
763921
943292
385728
847218
657631
974031
698707
62873
910165
733728
841778
632547
751183
749769
566324
203203
906577
389003
113256
786960
406360
774478
945398
222997
297914
633733
662804
969093
398012
672560
900769
5388
698416
901115
154337
978176
156233
818052
304534
467638
607933
977146
191351
840881
900949
670945
312272
21110
977428
799729
569397
971003
139202
584734
847588
281342
862228
412915
834486
261937
44665
686808
80002
431762
991683
33202
158479
84057
50480
751593
308147
732747
426581
794245
223500
173484
555686
143345
362970
35217
959908
652514
24184
597779
829667
419153
154293
732448
834999
825572
331539
903019
318203
619371
945884
874628
884925
755653
573339
727618
529673
59171
822014
544668
861585
858148
685638
984791
244086
910304
898536
938841
788917
378817
680964
473949
305585
339659
732543
703872
630104
459068
606719
292280
490165
798605
105538
102756
534290
401625
192795
884477
386888
232533
227723
704236
782181
125565
609080
2934
645240
28560
690316
372626
748475
619569
591533
887964
94429
105327
755412
936673
595948
798686
53004
152986
27356
746212
744586
757814
954486
858128
934179
722128
736288
42276
729902
917760
138053
871731
309366
979021
135521
150629
645404
902848
781866
507224
889096
725588
956830
838049
108489
863561
500902
801968
918865
898775
654564
431441
47430
124864
840030
510543
42118
422015
343878
167603
79930
917788
80677
886762
681173
43873
897252
669956
508906
503207
583031
708185
591208
630217
93734
84550
320691
724090
206201
799701
94687
415539
497152
422523
777035
506180
38652
851130
504344
597196
633646
675111
120069
655364
299641
771462
915177
579445
272502
797713
334987
125322
243733
934744
805729
15232
292330
114690
219108
7801
522844
72945
970060
294320
463589
95364
428973
227656
647622
715381
3054
982013
856203
957603
111841
11259
61046
492651
25860
117837
31499
404271
566612
256366
231031
86584
735688
350076
163870
968952
722673
163338
543360
273064
874796
544468
871367
739472
865088
797581
82351
345893
823515
553813
383762
38284
237668
578695
108047
390781
801276
787694
820758
825027
465815
499991
469587
927199
956336
134849
836597
873036
745390
824817
804762
1438
231057
659682
861913
270212
717656
345178
735211
84076
585651
410328
265718
334981
501216
710314
681720
479776
629157
500763
336525
430896
603624
791560
205212
840816
974766
599571
355044
467043
820142
951345
893663
781239
518162
680671
346320
321923
724105
949874
286510
725872
965579
693579
328813
338803
350059
375017
436773
813624
581458
875160
801825
65050
733213
924103
391495
705999
708885
739127
370911
205537
217607
130960
300801
705239
13888
192462
936287
365618
701415
413848
474860
734227
821879
269425
472489
269178
49879
475271
510282
530729
473367
62313
365065
924199
591881
355734
504838
333408
85434
556528
638425
703017
465612
987024
397622
377570
86833
703859
856828
789301
32838
990737
487002
370298
828169
257422
737758
963453
297337
327114
870812
448663
278857
343315
351287
658936
282496
844154
849871
922119
655472
511043
284935
733920
200080
527029
498737
564220
10553
543314
746073
486511
957817
877729
905131
910346
895959
61607
309633
455456
748005
633332
500429
467494
808123
14489
336864
984052
67413
780855
162452
178216
747147
756402
918684
210729
965481
946693
530086
751945
263338
620591
633066
407492
145302
761932
240978
166885
652853
637118
940230
206856
619439
750154
177235
425402
905089
205887
527799
507900
963870
836048
931979
419239
766752
681987
864653
202153
412265
892802
979210
285101
702619
606735
122788
69529
586607
162837
27397
546481
260086
741401
854497
478425
242026
767247
188897
697463
874096
276425
92273
39031
111597
917771
759655
373608
389890
531513
433806
994820
829349
697713
254991
378188
453917
725109
759163
611666
902490
280001
947640
26256
670958
421244
880389
968566
750380
979337
646699
926593
844892
756412
764098
628231
294743
376298
115933
900495
999045
4569
287699
293148
204401
138006
911275
935243
59974
150054
791523
841298
420713
571412
71197
601640
457522
66153
741543
460932
140744
105722
181541
366845
497623
964827
785949
571472
105201
973681
166623
953728
494910
870246
640271
815576
972001
583029
730896
466956
246314
729189
439183
79870
151473
516946
192745
652828
267477
664870
476282
837414
501649
515879
822211
358861
144376
43179
836087
213687
972813
196710
801954
982495
256001
14564
751223
28954
420425
85842
804404
912756
659547
829686
494068
811129
951558
948991
114129
815183
529196
948342
600883
67520
192349
137556
608442
515798
105296
82350
549572
680735
738880
204172
865115
477968
668257
630807
256574
410118
720893
92976
272970
240488
640368
279261
715781
448615
233532
84510
160264
252007
401418
95582
366470
46776
998270
272837
98812
910589
153845
378602
186487
281389
612894
797414
649149
87544
672114
229188
209049
812929
99089
933076
229511
656714
773050
176414
270391
454766
863655
255092
572673
882183
644035
998945
145702
411503
397769
260221
900863
71780
511354
200802
443717
99141
123514
894393
946172
809593
297800
240365
922940
649903
727257
408002
251293
725439
796687
697278
608830
62895
375899
207621
718706
624659
27884
739459
592969
235340
354962
979265
226870
464368
590580
105051
635746
541450
1834
510665
913996
239480
381624
667225
659611
506355
595048
293629
927234
260972
129411
804416
839950
383505
636331
102932
47567
434286
600216
105224
352608
218481
962221
684885
439125
230150
190454
858647
346049
595169
575233
374681
109537
412441
754134
101577
535721
405617
780820
328651
311016
285811
623529
821417
543194
564406
274541
666855
992842
550718
325660
319860
540642
176898
386734
167869
104529
929416
439829
846044
349399
686573
577170
886510
78000
214081
543861
821827
755738
375950
87215
596718
656325
89722
744341
105659
657687
851522
918259
522880
72793
891494
328139
814028
774529
540644
52265
794109
587740
640284
806884
633198
775832
116754
918515
325325
952235
420434
854825
451786
99876
446510
11790
43755
594252
124899
169180
5116
196472
801626
325843
579108
355374
174538
795705
657939
943730
799290
575922
353688
539180
895844
694007
497551
872567
617973
423862
367607
346248
142130
821254
922466
736313
781492
859910
741445
625521
616788
6353
298863
69874
683169
289247
211287
768191
766606
617147
618702
593704
727529
38236
305043
601459
77062
745507
116421
360425
485370
562096
886835
775226
610691
356193
158544
354254
694277
349289
834946
120297
43695
917960
634201
734009
708924
467564
983773
642367
679382
197860
813248
534360
172373
975549
247218
363495
192548
93627
221011
871841
411396
560182
965764
49589
303530
728270
100502
875990
414212
585740
236772
567398
201242
731798
800317
562880
456719
441999
101177
232162
807878
843977
51501
29238
751329
607591
852601
983995
434212
931860
376126
983381
797496
27546
804653
32045
796620
28576
804283
333190
733398
465155
553968
265694
750071
55247
998559
365756
991165
635994
946992
854045
832834
521981
193369
725493
301489
434544
158571
840612
316009
59265
758216
878902
801209
61809
743987
917719
53963
302187
7424
609618
307998
413985
179690
912068
766636
960005
531011
209889
238890
136673
869254
517858
430830
23060
261384
680970
533930
585642
476237
37780
39510
72214
124535
574523
860524
283343
281242
393637
477453
569796
674603
315373
872257
105020
618070
984395
359004
472590
452974
355811
162876
832378
471423
242855
984878
117411
534463
132073
791856
308330
501475
587392
279057
174312
100751
774230
470005
736711
169445
772237
360821
161150
140479
207436
688803
962599
587959
668266
769386
266494
578339
661493
26772
738936
248414
316766
700838
145981
397313
776965
530406
921540
879537
480861
939005
182794
372242
869052
401463
498927
378970
36930
522214
324141
101120
578211
878950
224885
745490
931538
443580
709160
546982
837451
556440
354607
178792
239741
806074
889591
170963
446739
932913
876812
488315
270494
716093
473233
63046
337953
692758
442010
886395
959800
955334
563942
235442
255781
858481
148412
185515
757112
652533
398048
212347
301531
191468
301874
694817
578615
506766
588068
797047
193799
216116
734486
691524
803895
19447
186128
985774
37560
630199
702363
614029
386083
593784
970364
740634
572167
816934
482254
143622
974481
244345
796795
541991
982743
652147
187223
543245
669569
60166
204057
306995
219156
104532
280438
277841
206044
957326
502620
209999
893622
917309
951624
810963
819703
643039
628100
883131
459644
753321
920960
444327
700432
105004
713292
838317
77619
694546
911280
573040
2189
219975
222377
275787
413167
477428
492480
984422
628865
968934
83975
952555
219662
804493
727155
68435
626537
476577
498833
627098
966010
39007
278055
84433
58408
11185
910568
152146
722917
181036
811410
413837
550033
633139
308520
576961
989900
668601
261767
510151
313883
522979
998440
720904
182645
117643
113073
162255
924267
648673
549752
114937
446963
20652
350869
111625
212688
159086
592290
238488
817055
757158
574801
532265
880703
224239
469995
24091
865758
906054
898465
760439
291549
657513
877264
778410
830431
18714
62678
274828
737139
405955
641355
258014
628379
699379
891487
219987
491897
503558
472014
868677
594389
843939
500354
342536
48909
498591
44101
444316
746202
568000
327008
614460
975418
841244
656213
26195
266240
214303
424246
298958
222836
831978
759777
793868
345704
933657
170905
26291
114776
805981
717057
717404
348220
883720
661879
433262
399854
283880
253962
540232
662387
833482
229146
760408
425704
872352
964491
494345
352203
477949
673637
586649
778722
555964
590155
839176
284043
620289
780118
514156
70690
492439
57870
508002
102856
188857
321988
979359
992086
4972
976527
151140
928478
894601
229409
667664
827802
484313
1029
380495
559924
587736
932023
459568
89393
578204
303712
425557
231867
628047
540780
871555
151433
286040
157578
216281
591021
723801
214591
433694
675962
782801
725991
917107
65231
399841
61066
176039
352773
472875
254423
697769
415537
577622
559616
837464
635350
77870
202225
596535
851754
964137
554670
299964
72387
67780
728776
663431
474654
424652
176187
625840
595340
131833
816487
309689
562490
909941
356265
25699
716443
177210
30358
855644
575412
273240
99923
406229
175683
853846
674324
872882
546509
307760
846383
798619
712259
478847
877788
134768
354704
353975
547660
755033
312194
899850
576674
483707
575250
879209
285842
200390
407890
318698
953493
464619
881906
919429
767302
354859
77422
911480
460124
893579
325976
841931
857413
887716
605693
365934
712539
642262
279031
138366
55685
306588
648783
969830
907117
561083
7692
773282
470489
211349
329116
259295
211432
73818
664222
797886
899499
455838
233354
937080
580510
359749
252862
772508
271810
339418
874597
935283
145176
154431
235526
946948
784764
444287
243943
40627
405915
284799
628891
490308
610770
998292
38703
166589
773156
66990
601069
132778
757272
459697
728395
565498
385453
670564
340212
792647
758651
913218
928688
651635
474664
77550
757810
916141
308739
162692
121278
751507
288064
490443
896629
271410
904848
450950
923006
16680
414941
491433
566803
986475
936159
251241
192549
568162
972638
894828
60589
267185
242308
353824
833681
976722
713182
900456
189102
697118
298479
915440
422408
820076
807665
13281
394635
947280
315881
31344
389565
471045
589925
627089
751939
181605
125333
221834
869709
187028
823236
852770
855966
133501
344241
204088
572603
787252
143438
574319
803952
736955
256340
199687
537657
622176
990209
961991
559700
321220
496304
369430
118881
271094
719635
390442
283506
122045
380494
83224
758581
519796
455155
598921
742971
816656
385302
200589
785444
599742
554381
474249
588137
296935
406662
485708
532614
236117
547589
780736
825986
561263
45432
704764
207580
375904
329144
60342
923540
862230
292894
701206
182035
534695
548160
47909
886136
148430
239431
418852
271103
540242
322286
710330
163856
302663
65881
520901
324962
863470
390608
841425
255434
506743
38422
621670
468068
35880
22442
322299
463644
559061
705113
17993
781402
5711
733630
386875
684744
366042
617048
811905
516737
669973
235654
373316
118359
218750
619617
593396
386113
845006
324214
242557
552671
467584
790430
48663
103212
289456
850492
536572
132287
368350
872019
445365
357438
789969
339842
728910
507551
696536
618077
589672
440348
343276
838440
325997
412467
337073
142898
751838
447831
922395
85516
589192
886134
290862
473893
878421
955752
846685
584899
488254
83697
76692
972256
830174
463283
927441
736479
487714
424755
824621
878185
769693
95365
150393
393192
249336
578071
220419
78304
723142
348120
742200
270181
110326
806275
18211
389245
557666
747212
781396
220754
197636
644773
145180
195732
439687
967981
402932
281833
91387
842550
175101
886546
19619
850097
310818
715355
783337
577273
977945
877374
498994
463864
409417
216086
175627
904570
294150
605115
813954
793420
191991
999550
859730
931024
168409
279746
937526
600928
573788
705717
868382
912925
431595
994922
572927
718483
586057
463957
53509
999562
48855
994274
169380
53804
479538
357106
84172
20558
848889
317362
548603
356701
219884
693978
778668
802278
98159
941247
444845
401473
63662
127766
592718
264283
902555
434758
599925
812895
257428
630504
579471
855233
948703
130142
646881
966247
385687
468749
932412
255091
281120
512184
735695
729393
36565
863738
816791
154714
300612
274080
592113
567683
707535
642273
561103
925541
607219
123706
423049
529993
8805
771690
667275
706832
138392
927815
383277
28188
787931
285820
590624
982559
849888
897120
905475
666622
992088
307827
583893
585377
672569
754935
139782
955546
740769
858537
34982
636463
274260
578267
965439
662406
5218
825839
765630
396844
175908
819122
460555
897281
521188
142738
274939
152964
599132
521661
313691
550391
993815
36888
977645
942062
845940
436313
556847
683002
359562
171266
312598
384172
511333
935995
298522
890632
745581
549258
691371
695176
539815
937009
478017
660617
752725
18596
391377
240151
556729
378341
597211
706704
432120
89214
431456
631223
451225
846298
233713
547927
41772
306625
747747
293201
370951
116527
553695
651717
143980
176591
335190
379353
186438
663897
108113
732841
770962
957701
779238
734603
586331
948138
566534
133885
238238
121528
644340
843950
600076
206158
71184
518245
239149
729145
685969
192658
152673
222986
933010
388143
483201
831891
785667
430739
458661
597694
219456
599187
729151
476617
226494
445909
960869
373537
648098
900274
201644
941530
887404
605383
361455
223945
318224
68697
411695
906047
576357
569634
987157
500450
502198
173500
498706
294505
417207
983593
532199
899315
152210
955965
726017
830341
580766
964265
621564
641311
750897
273252
772424
396985
890444
709495
489577
140511
687733
40678
818968
654438
902690
748790
270983
403978
180817
267424
851202
221350
847220
488272
795249
377998
305930
467034
873978
846732
34185
88250
544131
196726
946423
681158
574101
592104
821529
444594
530972
31396
237442
316031
718922
574850
741132
941826
883356
1685
449317
949197
729653
501980
922625
176316
314662
441762
683565
81246
933263
456563
840324
673277
306846
149243
572922
857484
81334
42236
199509
720556
830508
746667
594236
112026
872747
84008
719016
457721
122743
807513
769591
313336
842894
455586
510175
92512
71979
949186
715199
965885
737380
922637
884881
962662
314867
7746
989436
334314
942673
123144
30343
503128
851134
622986
296423
573931
293726
821356
567481
331920
72573
367272
722443
441942
574387
611722
446932
526961
998563
279172
619716
902955
668125
280878
786550
208552
291811
941854
917699
568980
304649
909537
359984
133611
327157
866323
159303
407012
465606
367392
42499
116283
621458
986967
858532
957274
525575
431080
581987
14115
649779
334714
144320
915932
536414
316971
524599
259128
231381
474661
884752
870910
460802
340889
18390
504664
411126
608795
209631
322490
739593
237658
570570
87981
879769
599930
815304
852983
607918
610000
174544
731817
645566
346425
129398
712197
930892
434840
407318
115529
714346
316010
769770
223324
18400
907335
296444
507028
490725
799671
996213
137378
168138
704878
550227
102811
865206
259878
49273
418147
719756
645143
801504
369208
364521
930198
582059
552153
554121
962567
920025
291537
849097
627200
869844
94435
291975
466620
297638
946835
482917
639673
149259
106511
131821
413103
509025
416505
937550
838189
899708
792786
291973
243537
588694
74500
404375
689891
575011
803211
928442
866510
881219
659330
283220
909885
168081
757958
181851
581134
255384
733833
445275
882166
766822
810357
239510
787313
14456
19642
84165
732643
234964
616182
32957
345616
533366
708096
99757
361589
588706
855057
89412
961
641816
228816
34863
744627
87974
701241
893952
698577
8727
860329
599146
710338
984585
438536
152424
235017
695068
653139
503742
460254
11975
921157
476952
444587
535876
790049
67982
600992
776940
399647
845129
53427
879965
700464
878783
284471
417367
862832
660954
205528
894630
461736
604599
932209
470842
112764
165129
176010
211730
141111
877278
614385
836631
990321
731706
198643
235205
654747
132255
828727
544900
523431
212462
705336
667861
664278
937703
16413
300455
637535
141197
259255
413130
406201
312613
784342
6715
958342
95964
929544
757341
469724
166216
705968
339209
7344
160327
659646
259324
816289
338308
104336
181487
33502
615384
422949
356164
441462
475532
277882
268572
612795
433405
623235
694597
482193
736344
537031
573329
378584
97925
717080
539394
797875
385249
950766
877729
670197
33507
343712
475629
188264
897504
705342
222321
145017
841961
496397
992047
88579
830482
622880
986168
974454
801870
699151
288925
860452
48694
740887
975167
12392
164520
202318
241923
435891
484044
973440
663906
213876
795826
16363
172573
801635
59863
185940
867021
598763
952775
192581
489432
109810
484636
295971
388416
421830
435684
628015
273173
826853
798945
242201
454027
862057
588777
663164
52070
566734
301742
261435
995026
617121
753368
188790
110543
507848
626126
75368
225289
911080
791380
123488
652997
200886
404238
686745
213880
974174
918435
587768
164786
18569
573949
290659
486327
169615
182636
53817
116974
837113
917802
731889
810291
963889
826361
394066
634759
630984
742569
121292
970087
53924
282678
212018
248698
897349
418318
375765
765283
933618
346415
996478
604215
865732
878383
579335
825736
881678
318677
313238
950816
978535
304549
982967
804042
956119
821242
207189
526601
154202
400267
656533
401388
430803
686159
4048
666425
90960
384381
95594
581702
190454
542829
140947
457576
954633
139418
180826
892674
477274
797641
563753
566527
76238
212546
109153
477914
483142
153277
397907
531418
273456
119001
510807
949724
184746
545861
963533
243656
966798
457857
316014
986022
201246
371455
161870
74249
759949
217891
546480
441833
286056
87338
457925
296015
351711
357670
815427
102697
407796
670375
539935
592061
550911
982774
562150
992186
802139
653691
564797
730282
357553
17790
711603
831236
825631
826186
235456
480863
102276
141998
369053
929408
234922
838301
30015
367764
331473
520885
964593
331705
376468
443804
105805
242550
951995
343623
251606
722700
532252
971092
80437
316324
551214
376151
900687
318247
803243
638258
955007
377389
687265
863838
410357
256461
470550
254470
663018
271059
791062
786194
488895
978575
394907
529281
18097
158410
384023
164463
901115
236628
168032
498678
421129
866233
483256
947185
903124
914386
89336
77596
163678
840695
755609
624023
421260
244690
57503
740617
494875
844878
19875
658593
283840
93743
911611
891192
300769
997948
765640
291859
863849
702359
544475
555140
769164
199725
767748
363887
320407
310728
830521
820906
85298
444673
683808
535358
314102
873875
3193
502923
38373
153420
795819
418311
368202
270748
634281
584615
539694
785744
917953
786070
412340
328984
12737
167650
845650
546500
760134
472758
12588
512846
780962
562946
906382
636880
473769
578359
492870
382550
293017
746414
142108
988174
295267
387752
509872
505948
886554
263984
541422
103434
666359
599261
687983
741085
82759
93556
422383
14786
975281
242986
203175
68455
711528
727238
74439
982695
546025
946661
952146
483165
866801
505431
263253
803802
255
369319
830469
625
632385
916856
801140
404463
116894
376395
741168
796776
943519
182493
336568
946348
922747
652013
211676
297689
390205
789148
210992
116938
840020
706156
501100
54957
958263
5547
532323
215155
318962
414185
646878
160
171538
375268
587093
5314
757737
120645
51017
812862
864383
886147
881025
507333
813653
452838
646815
143910
973719
182054
544669
661118
348829
934834
854377
500362
473886
527692
97051
411741
523570
925457
775183
510189
920961
535830
932324
364231
186189
465135
299280
167843
277850
395849
246301
296402
750198
335927
129283
157971
486760
77514
606179
717318
993657
45528
749918
866552
283865
549023
290960
682397
917744
510532
333164
984411
285507
939188
693813
840194
79038
260139
107479
795674
808804
574995
756512
286806
303120
554628
89630
37604
777830
937834
861589
7590
252892
105733
868253
826746
487070
222473
146454
759285
419619
135141
743562
601967
294410
541857
518941
353848
468272
864736
897395
606441
50577
584709
91678
40469
990039
10610
997570
267549
464580
106156
672904
393762
229049
438426
942267
844886
489953
649388
601794
370220
178173
641049
301306
320238
196300
749312
362992
143148
613014
172144
296568
346834
673045
108099
434604
968595
625409
57509
150085
798465
937527
685298
131535
206271
117445
121854
668428
716430
222996
523566
117992
643011
350386
885571
555987
66265
369019
804983
946688
675683
725860
339520
732538
805786
375652
947633
55198
282516
702144
58944
538105
506454
804209
774242
800830
888000
334771
352082
63204
841574
589357
52017
571354
554624
264632
440968
578408
769015
671629
276969
797476
753823
328144
316851
473997
943556
107059
672051
753927
23773
546760
17575
657523
913374
809959
771359
717034
349033
212920
90045
915287
743780
632798
763483
392430
395878
228481
268491
238605
948490
562166
515129
649069
391014
328780
563949
344324
915030
678773
570989
873531
751729
473487
409472
333383
851294
977102
871757
332006
348991
836360
702177
584888
902474
807005
560975
562360
699193
304513
534065
720789
243800
304744
140493
973809
233723
960972
468435
12853
565522
96350
142787
71759
728661
842695
703980
684617
485849
926425
16911
877895
426757
961111
238370
702621
445534
996893
211120
921035
665533
697838
882270
500694
334563
811608
537736
807875
852643
729926
566281
860403
206333
833634
569882
178710
991307
987492
990801
971149
22100
998844
267339
444640
374143
77272
867045
575192
927010
255762
12132
750907
668855
46202
786549
305122
513839
607227
929038
840120
481441
767468
979698
324433
895515
275509
112916
815204
756377
77340
423379
516135
965524
657451
111204
544838
806001
422336
882126
745407
579098
163633
996686
639901
579882
968985
488538
337678
974530
910980
254786
728355
173817
877554
977715
112804
129200
136396
361622
644814
130755
947937
122325
157739
549147
75290
417982
522251
306976
301570
252672
258980
714764
515884
666257
234436
847259
871616
882802
421294
779998
358246
413642
97497
473519
145294
15727
602817
841919
47257
600644
837863
351883
704615
960572
259692
617709
134334
655101
800518
60239
842835
424287
700124
990138
953209
391187
140740
783564
74275
539745
184918
195336
421847
113225
346925
920904
531186
668811
239674
366541
118354
515779
103684
751095
422819
808556
153280
776080
897610
651525
459144
601922
960359
81424
835836
882985
601739
858551
363442
641411
228726
739338
872666
506628
341067
629219
688755
556103
479826
142123
120228
899422
186858
400693
614712
214410
73033
661127
138105
412934
172401
944442
780519
639294
818354
128759
610710
30941
170838
505889
728929
410755
961324
61265
393358
815318
751028
724156
380864
840496
383012
740465
510739
598134
425749
253119
851672
398984
59149
257204
77805
603156
62953
967232
607863
863813
503591
666167
717758
236762
348494
682613
493158
340881
418618
469531
894406
771521
983176
376504
772583
509383
122714
751428
229787
962392
284743
953286
373303
897974
399522
32085
391022
271038
450725
591611
994315
926045
165115
764533
454346
366051
785191
248215
901524
314416
457364
986188
576086
831499
386233
251195
512445
875665
82920
451206
670864
233098
276148
168300
539881
291863
135933
13454
153681
264904
78618
641871
859191
889098
944673
38932
703181
395645
989845
898154
736960
331556
286189
957639
160977
937718
900029
980457
52245
548369
561475
909531
435397
9166
478289
502294
95875
984687
385234
697220
694634
725237
79098
665184
935376
229454
759822
186169
296539
968940
167053
344788
147133
329969
686266
262897
374861
592262
133447
153382
378563
85835
199839
982696
540048
529641
531024
823465
804504
992131
520788
736219
204493
847882
73595
223058
494953
512559
426806
868743
891079
872948
384642
324088
296351
213020
749038
598061
246300
130817
695243
566742
426140
129156
460016
72977
136323
42782
218023
738759
359676
128981
29304
674166
903246
940747
650383
20617
143958
517681
701516
268835
644135
218520
944167
6458
714811
730024
709310
382624
966740
161065
127101
831710
914931
888511
406825
559801
517044
487603
573833
343574
866180
403179
13809
492473
155649
293820
511852
393513
297260
939414
45765
348464
596813
993246
885490
553471
54308
852249
713630
127534
889415
750723
827922
111008
607389
691520
668159
95428
889845
582506
224874
635449
597252
70857
470132
587849
727161
538912
516613
214422
624447
669284
893397
132499
825870
735752
177943
209513
123054
746227
233090
359673
670538
812691
358333
728321
152941
270027
700582
957912
51995
291784
509950
686419
869454
701745
529653
824394
373196
659197
227470
706229
273953
235742
125359
501615
106175
713499
209096
539357
196142
144699
895069
73512
647409
207133
121969
940837
967159
756069
102097
784918
446715
346385
998202
864906
645881
970985
24616
722143
699724
455765
34108
609384
100905
46280
979208
367849
570866
123866
312955
167935
154168
282164
508452
386333
195280
622436
394276
100401
854736
801809
426485
913892
891879
946312
270224
496128
256662
43060
150528
850925
291791
343853
781633
706900
542376
500519
298388
163877
783996
831435
628450
116979
413854
293474
958730
426300
451963
591342
342537
977799
477835
408659
397637
135782
304692
517298
63926
441243
331451
551319
836658
426071
564327
991624
228563
416093
659892
389054
117830
616774
745457
612208
62771
258333
654135
627978
747524
620330
923078
220541
197205
410252
953789
11184
141814
407935
680501
361684
167199
696766
914620
267733
148209
44034
528041
706860
304997
443624
214880
97873
72979
64432
20964
999438
35937
782369
915988
959407
49158
214795
520452
218966
94330
595685
265465
139370
983420
595028
453120
167343
191679
814605
243371
270130
76466
521745
81385
862427
134827
187159
362305
163940
726895
409288
542699
505577
781152
815780
817867
562261
797188
614274
481163
606844
552941
873716
448148
786632
964363
234569
76584
894474
191434
473195
192223
897778
746153
39401
348411
422490
178265
265744
89834
21884
655373
647410
182169
642052
491812
505416
824752
216641
255281
18547
137965
559924
492707
55326
327456
36043
155862
617856
635584
200296
933813
287486
478505
171737
945353
354285
91763
56557
785571
84213
562608
232668
482850
518545
26433
118949
24290
284210
116437
644981
781569
779523
733888
647043
82767
108424
230004
843257
144785
91744
62878
594444
276850
220969
887071
487212
301575
736258
458981
386967
969213
689836
795302
903369
192674
796937
295737
358862
447372
217607
927697
379127
397482
768982
375638
555691
901925
71956
794145
430485
796082
610443
901716
648635
518967
367376
837781
803374
551447
490636
549221
693405
841948
564887
229792
458117
806400
604992
578963
935940
82072
786793
422261
642955
615454
171919
678340
243632
93529
358632
589949
967971
157035
442725
257016
486073
920631
719959
4893
7076
972909
268142
698823
881668
953203
358620
189171
665558
919217
465815
677796
518410
2553
432318
300311
312499
652882
486931
32734
192984
348064
89958
388316
350183
153969
776339
644380
808777
714662
924898
213838
904849
139964
27660
972830
491213
225974
907997
106546
599231
120745
796853
219649
834406
896611
985448
227211
695413
290489
50309
563704
410469
716908
434356
304721
259494
561591
797945
609621
139249
190392
858773
422585
356089
94648
975371
120640
156287
824729
681472
761010
756357
657499
658747
944700
821146
1738
441677
413988
2388
665992
923786
645862
144604
933683
526645
43056
324579
470450
801082
827895
214515
946337
320980
464052
452768
357911
516431
90431
916509
623824
191399
739334
142250
595196
559760
761706
19435
818979
942095
862454
736020
163123
83973
626812
316353
468647
259788
14094
17250
321366
286010
326166
78164
536854
550211
938515
938442
521227
535867
458672
366570
443407
116920
355778
996788
673663
286486
896159
798685
451424
678676
402325
542714
883117
426395
721934
666712
123390
821535
4990
193064
339862
440414
283398
161239
385417
790470
219881
641084
95368
593907
549223
40939
729227
558998
895739
519207
145242
535409
388974
376307
269559
687294
105559
596489
531691
71216
953328
101412
776812
456145
886933
370360
923111
775498
888667
740994
91888
197505
742794
596153
841796
646748
918457
899300
738295
907813
219397
685893
920254
890886
171181
536819
939611
237619
427277
511237
437537
869094
907445
334314
318563
971014
226662
136726
623101
495777
777000
355799
391934
794776
919946
248902
975665
518234
948216
785368
135750
907720
303666
615572
950690
702072
38191
759775
203904
856021
658509
686771
117122
339556
922419
113454
184728
664609
870725
293895
435147
671432
203011
81563
706663
351599
176703
314213
916867
27792
386552
600909
777454
269157
496984
60183
182584
273580
3847
949308
729882
363594
752682
216022
258435
809484
94076
778484
433792
254024
695239
130061
198982
78946
981566
666194
246303
696362
328506
264732
651056
189411
610767
2181
289315
478111
359563
795986
648501
406022
782986
121550
129373
547189
882169
709682
447256
369666
358821
15232
621069
387358
99455
12398
886946
746196
362479
689088
56923
468270
395729
894767
383977
295798
27536
778885
897751
283354
602014
271178
546956
930153
588365
726360
889918
329210
335885
747403
148852
645931
231682
712725
664373
57607
181185
394414
455698
878401
737640
545960
399181
369565
375767
28832
322149
393710
456975
108368
507839
701370
158501
637378
625459
329273
957986
926943
731056
603132
630586
181030
46668
322923
686631
762616
442731
117735
786850
339727
68683
259598
85950
811535
390251
823580
936225
953141
968854
193518
653791
237612
483536
346211
390964
4926
837915
2395
543966
382951
323622
116833
126741
64390
669139
31525
208424
313901
386340
344418
694326
493399
849409
198494
381509
558393
10472
100560
450882
213745
840817
468059
99798
393307
355453
113529
878817
631107
18235
197427
251925
638644
113878
825420
694578
918767
628223
439870
921305
453687
381330
857692
539599
308041
136295
433494
190545
602730
856824
914715
636623
366552
634794
722201
162438
570658
485434
869407
307005
234068
246533
421604
570843
498186
477939
553505
917411
272101
956737
740697
470990
23132
149419
736441
7044
11818
653874
934937
747958
59109
810191
423650
435034
61295
618612
966155
844804
746501
338555
427964
37662
821429
649774
554643
573572
875180
817522
963460
377854
304941
926608
825946
950811
597790
876961
506141
861606
667709
701910
379084
288008
403888
31201
731722
429562
979257
217412
177749
97892
807624
260980
435633
780119
160938
58537
53603
140516
374624
149509
316761
448599
417290
900510
890407
548435
766658
802538
240684
466635
7366
293574
388499
207450
880333
542819
312117
219904
686714
275277
999260
77178
903406
54553
675043
231933
667704
418347
246009
952078
87463
636834
639428
231489
934913
729824
140833
818508
641036
217465
634570
307143
356233
246135
411473
31874
797952
984904
867465
553987
276727
864901
959683
379674
579068
933343
726518
145315
580642
638888
198328
991704
699336
515067
680553
419408
56660
185994
515887
545048
949503
777666
558363
96812
333258
835165
982314
894355
337039
955523
756328
97044
573810
419806
578736
3288
365942
80697
49166
102942
391980
328595
319877
112020
975430
993030
660460
822809
686537
970895
544242
811533
42593
679417
166275
726929
223630
303147
71619
555680
600253
648138
596600
23689
930737
349196
865476
574088
988832
39195
935951
333632
180442
738209
894915
431704
846948
614518
877361
884463
794211
178852
566353
307901
385460
375379
68774
799047
929880
480662
817408
35006
202125
500688
212763
469109
653624
40772
796773
328574
775677
864633
306589
753760
164785
204166
899223
664630
455463
12287
652700
793447
692967
403068
708846
485501
542013
925570
861096
97700
759533
229265
764484
880194
687364
493386
145591
613933
633609
248058
190391
396557
488083
531143
988892
950416
128308
317301
744868
123139
798867
188566
69585
554644
558680
261004
706221
726945
65280
954044
363950
646844
307472
964241
131828
950462
388965
745834
407598
432004
476010
963810
427101
773643
805092
2233
354289
553828
161832
558691
309455
391955
367916
89709
598964
788298
88250
80520
507891
396605
944640
338612
220122
124578
560389
613514
39155
773319
180534
155302
513510
653583
385118
579823
763644
241482
522165
232836
212862
806256
630479
628100
442620
708922
286261
354554
420777
386974
464465
972260
601699
677093
377538
342750
588817
345258
645008
656432
147046
60977
152057
556336
560258
326049
546474
598229
814839
846815
109065
739162
356904
781769
40687
370379
109838
147212
55539
742448
796372
353507
172898
677267
253602
966253
196170
160430
777656
714345
798389
337078
936112
284688
598131
986942
131046
171790
199377
694602
273715
360991
146470
99569
749524
155331
712779
714605
242409
308125
287594
218627
423322
627182
314543
604617
431124
994728
102300
772313
554161
750642
14713
768145
752566
245047
93160
443395
379765
543595
337687
103616
702675
781916
507022
23228
681892
655472
222952
341982
544882
11585
427294
399143
586781
25490
999423
775100
126620
504044
426236
182161
747745
417753
946847
660276
590939
863740
264540
356084
292309
497355
35456
618156
562684
300139
996870
382511
451646
33574
101768
301073
459597
366411
76947
842448
97026
690467
137811
20318
913375
194315
373805
644492
982125
621043
739116
745748
94148
454898
103762
488579
128233
756611
302736
812865
927953
987232
741650
813183
650180
749433
80049
900859
317597
838289
278604
60275
56238
552502
796081
407972
221632
199771
183028
76221
992567
611923
474594
56549
774356
185196
655376
943270
621077
598182
246092
299380
726071
686671
516597
180190
650971
238844
747879
34768
999495
377381
430670
564482
574979
462238
48284
569729
109091
252142
383253
590360
811941
910478
357383
184219
516592
948160
596696
302799
326333
596936
628471
755065
957969
208779
821109
291138
739496
283011
506284
168067
266350
732957
580637
796723
572646
758192
777880
124458
653230
986329
284116
213713
25241
168119
927647
106665
237756
8960
679023
779956
244421
938814
315542
81539
632644
408042
799316
828189
764302
443619
382982
566921
633206
56587
384829
159481
691132
920703
491562
651219
707266
999344
697780
595804
605497
130339
691500
414979
377435
612481
674072
888904
525905
560283
539628
271303
361588
819199
617687
44005
142256
246895
428216
765654
428997
757764
26033
184648
194343
857823
246740
724911
892422
789895
858299
967214
170984
441380
718260
492767
511409
747415
149208
804735
517124
692532
50109
789689
249732
273821
8769
708813
737780
367932
334407
119069
399100
321052
732734
32404
660813
597669
329501
854515
535579
680178
639659
252666
791113
581713
619834
742639
796963
389974
649780
211661
339012
428316
761293
279372
635416
624729
370072
403273
194364
982237
956022
978515
461570
219047
641768
29522
433232
227172
726086
647507
163368
585605
840137
655539
795394
647419
13826
732520
57237
518098
841069
708711
420789
177191
541472
911029
937558
869128
930974
898958
9262
666598
922441
822187
6009
139705
975155
54324
475542
590129
861205
811458
556110
635924
314392
593359
647413
844153
885137
323709
697386
958111
475594
351232
886969
979882
81211
729512
286431
444988
605592
433678
707629
48940
281860
303515
411525
695014
527651
510128
470593
944223
384589
414517
874548
873202
302686
555649
272840
143132
365866
333219
743430
583633
320014
684491
546421
874553
66337
907800
98137
409802
782858
688895
661724
393027
885355
959445
525579
738370
690491
498169
358071
213826
133170
466720
248316
23221
862557
214654
903390
266170
93585
47054
745615
830587
489148
880382
152973
573158
168535
480122
47144
210822
384311
47508
558625
513917
573059
483981
394606
901664
694656
742531
629339
750831
265416
243830
502602
89007
726554
171000
956571
447206
242634
333169
255398
48115
125145
980684
784421
189703
438751
753922
596975
952132
375461
37377
545695
562864
584143
112568
504595
806486
128694
681858
866320
207609
251156
866604
797507
854262
131609
239653
947747
777589
264602
187137
716018
263691
65513
661674
107553
696816
681727
77091
700051
253208
930390
153338
861050
142960
997844
153482
658974
593142
676065
665898
847996
885301
517209
818806
569099
790684
590813
501623
856217
909626
399940
197618
893972
104281
339951
7178
16293
630452
520763
891602
186487
473493
213455
315891
338006
908688
718420
597367
980914
960277
290564
64112
672002
743286
432156
73479
670597
391542
218603
281508
589027
23754
669837
91703
691379
713455
656049
31906
868438
293991
476309
887683
903808
626577
650708
159329
812759
881764
40213
193906
487539
169480
460453
282886
960198
785873
946911
608916
847957
261976
351176
21599
349732
441400
253687
618309
630064
955362
164721
566052
546454
857630
349267
993449
283985
242143
432872
21942
856992
218176
207579
900975
821254
44129
427014
243874
242859
273689
541736
663697
95456
413526
367477
81821
653952
17816
477640
93200
585714
934790
730868
373830
567818
957164
3640
170745
923023
237650
991696
765672
511831
305978
136680
670116
520271
802421
459116
319991
296023
148770
410810
348721
149450
21060
772729
207312
700827
827775
476163
151243
226459
320431
98238
215035
52119
606309
486600
308071
522461
770495
642448
748778
797663
314275
681218
957315
962609
982744
245722
216185
592045
866113
404186
481961
927542
998390
835351
732525
940313
500416
981037
323819
185167
598705
945042
42423
737695
641118
613320
854310
196256
296123
748844
693360
676252
393105
831084
315393
398353
784990
664534
275164
317777
922569
658251
165740
654985
618048
198994
289449
447326
879664
12296
208995
34291
581728
284725
272943
822343
477931
274747
549547
819452
377688
603176
640495
886834
586135
651178
129937
524562
824346
184930
695189
87719
792206
48977
332016
354726
884341
949871
670583
524430
817442
434970
983209
896298
780432
888300
613013
918964
17886
308261
380329
676820
283435
698055
316569
652742
165322
636801
338728
311961
399138
294211
270934
963155
108069
431792
317606
57394
401515
626482
457675
144077
874218
548583
538415
823961
580884
535480
408607
835272
636045
25867
533910
185996
