9845
879374
61423
880278
346933
393662
912415
305764
607451
891563
438830
732645
662463
541618
784376
619305
908289
703841
10448
73583
107429
308385
775774
813091
774335
236608
963424
621880
790667
987803
108945
368606
210201
462756
165734
245792
283237
160662
260405
460957
664005
467890
321393
266785
442107
72692
3152
128992
140394
894359
957645
930382
194022
336514
13385
115486
606436
774670
313997
345109
492816
562868
744490
392649
550270
262808
555003
148792
257708
355231
652238
392630
203138
995072
340708
823019
683315
279477
1108
808252
489829
210272
255113
254859
361595
231963
972090
319922
333215
197560
247297
46988
802341
244131
853659
691245
360604
836452
431227
201457
38966
993345
488843
971442
636433
774464
1536
655827
67361
429002
806872
459257
877308
374891
720883
533978
728130
804598
619403
750829
281959
412294
683154
400705
941855
539039
251303
962218
227877
85106
822324
550997
554471
460991
227302
71165
872081
523925
456138
575350
504372
263861
199105
15271
505363
103509
589727
212693
488202
474560
808550
902554
877660
49690
488346
767156
594199
766914
306689
953529
387302
176144
349881
771113
987891
525949
792309
344924
538870
670178
852822
706458
464863
350873
473378
377097
913884
495936
987491
736385
236743
572316
938142
966652
652336
197593
291887
132713
680706
247727
404030
353631
21844
166881
268832
827374
968462
282592
846028
382802
104630
678412
850743
441409
496022
320154
747343
314723
329164
655824
529233
582818
953518
702061
400840
195671
315095
977639
872675
92387
579347
44300
455985
40735
667427
397962
517691
637739
571245
984522
458366
454755
222467
472054
6275
834288
842190
916892
173021
777594
467926
207594
102399
599355
110001
992409
787319
337135
203719
880935
752971
369512
264061
522492
418158
785533
338310
918446
248415
170978
387778
894048
701791
234643
883217
701573
718157
1515
862073
603522
832671
392529
226736
97842
836991
330769
946502
463747
402048
599433
315249
340029
352379
499834
275255
816355
547402
692350
55922
582642
643104
857561
572483
406662
101828
730855
534166
989660
734888
270261
631693
872370
798442
799916
711179
873995
847974
432296
465120
508815
54710
80744
788236
697230
346055
297949
616114
5477
505497
833125
941210
946041
563154
54801
57571
388577
561152
747106
585731
607200
671850
234835
376764
625039
646673
955536
183134
182042
615624
73284
592947
326433
647085
180816
963978
794750
681539
69911
931043
99174
75821
5366
775860
283944
67017
693649
260054
142099
786535
164297
335375
994805
541605
44617
639868
811325
266793
943616
733339
192450
170809
393385
577459
17500
133690
541189
30240
124720
185347
379243
224383
216522
110941
715637
930802
441891
145945
561500
924560
682177
411406
556318
312172
780542
326638
247131
662592
971360
124868
919040
904759
892327
820109
916634
35796
830374
598000
451916
629506
19273
860890
304412
312184
122293
903866
934183
959816
874189
975510
799349
974597
91728
850185
692327
554959
192287
499865
150093
51517
782556
370809
560788
139365
691311
806680
632540
203530
774178
480419
303080
533347
236972
808862
53487
716164
958731
561306
264399
462316
448842
385108
969569
950570
188130
848234
987431
696684
868157
685691
934818
208229
313557
203993
687233
561242
959099
478253
2355
870026
28660
660200
19165
895800
432702
289890
684712
454230
686064
316945
726833
62159
858815
130662
370724
587057
333917
83719
709027
145846
643323
719781
674143
43182
315696
246075
284554
99466
811314
776418
952483
62343
271040
238162
923760
925684
213218
24121
216970
658722
980488
395761
245458
335528
512272
97890
373954
813328
427811
79540
680606
492386
153151
849390
36296
388170
835919
237616
147955
496360
310645
429257
538352
833973
184938
369590
201572
268749
206973
436856
682651
156637
161015
334737
232117
625897
414688
792410
71806
958522
170778
232580
192156
945251
478122
848745
154913
143599
220055
512974
713984
139177
145259
236344
562717
834824
468054
52647
307133
743348
301362
788275
733917
361209
90146
821890
585822
487943
399123
145956
464989
445475
930660
54923
506145
125230
154146
725930
923374
804240
52012
511592
694966
777153
362742
318721
668207
502388
472872
65082
872704
269600
665318
249215
93269
27372
652459
508058
12241
436790
28238
191186
379811
591104
947239
983326
504690
307703
544779
410244
37042
105313
901554
420371
584408
480227
293882
748665
64170
1453
378821
856450
144623
250179
200957
279278
622918
482088
108919
755245
503315
809833
877173
52601
923540
960835
70470
596880
932306
569714
775048
965645
459826
14359
40718
466914
415467
646660
630108
144436
211410
817704
481103
686739
853456
497426
67994
49109
238454
653155
258026
4878
424487
32021
808299
289709
801267
280546
388196
206710
779845
772498
896382
915479
736754
425188
452450
278442
324977
121496
912767
873734
43114
550807
43691
40642
645287
644800
284385
34183
826855
56528
211049
49937
441937
379245
692245
7234
490822
451599
805287
435619
747663
95500
678544
897080
567350
132222
873299
858878
985008
847570
888648
444163
274487
426800
687229
288226
495862
333570
785271
783578
139614
484004
6806
698059
475670
661542
251606
415692
959055
90688
643058
169771
948085
889491
149027
42114
323137
55960
95622
795122
290923
307239
211931
665919
634109
9958
439209
399240
104131
40460
139904
794849
173855
845649
585814
698255
943545
535220
187411
126303
556307
689128
641064
16675
72634
434012
144986
752202
793240
265190
689373
336219
433319
267723
496027
1486
765760
535853
704596
93127
301329
327698
759583
563887
946797
196237
858702
895089
645630
22219
944623
314510
66709
747899
364719
69790
831266
177435
259802
4068
874111
119516
630589
865228
161062
447985
777261
556739
986564
509305
578592
624435
439461
381191
600056
289946
823630
654794
133984
482950
357737
854622
374863
232303
2075
630254
695146
728497
372722
783235
704070
311588
618170
921198
349451
760346
460911
5582
713972
455284
748300
472575
916338
618401
795330
225823
518448
173876
787780
802494
803634
233057
65279
411938
489111
523733
273639
841011
561341
406447
493229
240649
142979
439390
899532
942033
103273
583320
493635
846934
844628
625267
20445
5746
261103
476516
19372
326992
542891
953299
101076
875548
289894
271511
939011
483530
976809
405587
499838
925312
434444
582700
277271
683425
284596
936870
798395
188471
769085
108058
397671
855676
934194
682006
696507
799237
594809
701457
887463
451020
862092
965577
553474
854680
733538
731963
500153
754635
978476
134910
848548
473928
868091
421117
43060
854719
157118
5519
955337
443670
510185
258293
251168
846325
928562
641327
151018
89326
430709
988219
908215
813704
629496
964075
586321
29479
976072
475682
331174
888601
624706
439786
678877
133567
898990
634421
752777
763734
38917
925039
997115
884257
862291
983548
646833
534133
128055
146963
139949
616736
244744
201910
487969
487735
69138
11277
939782
746747
250686
300702
270284
45287
697871
8044
782828
723737
624393
80041
243865
439450
495788
558040
743060
882828
177310
266180
163551
746607
256422
143126
368137
464592
118228
958231
500328
680014
396095
92483
722853
215498
716199
120262
889969
897578
674680
717206
681238
424010
796400
371692
277928
941505
234519
282720
221338
476363
486701
295648
65261
455000
363362
512076
563650
870384
915455
803185
576913
620673
424162
740961
458482
143111
732454
630315
73689
84054
309665
726141
781215
2439
952903
804498
90555
402749
932843
553177
80271
634834
722470
741156
994719
276387
655248
705929
88348
982709
90859
348313
508318
1859
184352
547194
682097
748261
815201
979044
425670
708830
697645
889716
973387
179778
401842
426672
176981
394370
434764
855000
776824
908310
808684
577061
632889
213958
28564
761697
440923
42964
900286
70562
144277
479177
583452
967012
319013
572315
979579
441794
131710
663095
328065
35153
57949
871345
643989
261209
611386
773638
954973
837553
192857
612618
241442
170166
647551
802482
244113
826920
41410
479104
470747
551329
273210
10311
73403
144626
229716
863706
730391
516251
816581
157333
36544
979623
192282
342663
394324
223202
52974
919611
34179
325176
512182
458914
408558
788972
476726
590110
58667
101233
293718
587885
692517
380136
484623
583344
426145
132663
83072
113623
990043
604802
688925
526187
562767
573065
585606
530168
329363
219870
252982
353365
699745
406977
459986
270866
946739
923866
237793
927228
128199
386642
896923
416591
773506
530190
76314
135097
2929
832776
299309
197383
993386
633484
395340
80494
5585
318733
280613
792056
47542
429858
411989
262538
213724
601760
933874
662094
387541
996564
831173
771521
933960
275741
983637
396762
459349
784100
362654
211990
129103
627578
837281
667101
316456
643660
965717
911826
819051
600709
149435
405948
206498
732544
390991
573900
960791
938025
415514
284874
677304
494959
875364
22112
800275
242983
409031
46595
686849
311360
674847
115258
930656
602335
84190
682764
839417
934743
951420
227850
705664
456454
9291
463990
840697
349327
321832
217679
217911
625455
257550
424634
247487
850046
901956
131535
131404
243077
63159
523453
870444
165174
82402
559770
276232
392588
138665
29194
196225
114240
400006
156555
599605
956325
887066
998428
470432
634912
5989
456264
285919
739592
267473
812883
213712
320022
996457
599615
543894
114313
719463
794107
818233
931033
871978
398953
246314
785045
516422
804107
838371
247899
793846
885065
514477
742580
919916
955553
325755
629642
810825
633579
600948
432582
748520
785928
739662
67402
502869
228839
897878
234312
775772
909811
633868
392765
878267
412381
675178
813582
412793
773825
3589
851773
858000
496247
546445
979144
502917
563641
780015
565598
386905
694508
207769
91710
190360
14861
562397
308719
403022
490553
642095
235414
276761
160728
280713
670455
826970
479592
670958
190283
904197
720226
847690
566137
430104
590858
611064
558965
490985
385752
29150
879026
235607
804862
245683
703877
514914
195798
551713
657239
112471
292906
992454
652359
181732
269791
648212
670170
726026
78206
757527
166175
608367
102496
801494
122276
617747
509366
917267
787534
615131
831922
431534
627481
614153
257750
214566
938925
4685
893143
78078
374745
402100
604909
522430
47854
462911
884154
247824
194874
268943
972052
961803
727008
767163
226481
836174
409361
534212
437422
756802
676841
952992
290812
577217
184360
454450
284264
802517
118795
655387
597829
316504
594310
867114
449527
103355
972321
383663
622431
894819
497964
573805
288990
104622
800480
369901
565320
920980
63124
838063
561959
801896
395353
744508
367913
534076
148850
4887
379495
591780
905523
309202
167506
391700
706869
38076
269244
674787
146803
672632
517632
666800
563396
679657
272400
455267
216757
248329
234841
127757
925698
302041
627285
496361
164913
647410
677804
307012
918796
936891
434760
548280
678841
212340
383604
40916
849591
359470
13487
397464
283831
426845
466835
684571
246677
313158
422365
73231
229489
499538
587544
771229
125358
767557
58155
275050
830023
337864
579451
23099
766409
756194
868798
716469
345201
353221
373982
889149
41698
457477
729349
603646
196866
747235
462091
137033
142451
765448
892282
579030
757417
109453
928634
450792
27437
612151
450142
811343
521197
550912
210825
231687
485693
711568
532478
501566
770990
126859
250564
954611
840329
275267
939570
228154
998633
233934
991580
840988
829298
235507
595290
644955
670130
289790
416050
775250
288786
988083
110625
870971
408952
564191
335755
28555
764733
844746
259644
673464
581766
910664
965402
315610
258305
464815
327594
971375
653438
246690
672955
881465
357479
251020
278706
235010
859806
15593
984435
407296
816113
704702
97897
932243
871996
506985
522803
778666
515228
701331
577004
23430
683787
450113
963476
197015
136541
64458
857056
877570
134742
377891
540570
270596
113894
359510
628406
761008
324418
792593
485811
307284
213407
365595
81962
27066
599437
596193
620023
630282
868399
182895
478401
709773
635219
992314
119335
512460
294706
563801
649288
259606
354949
723412
532207
301473
380929
674965
472026
922440
487857
141500
468645
813107
845807
600462
416024
315669
329215
361165
594442
78606
219336
412898
587055
256304
576112
7415
888709
277086
652883
770721
811608
522640
249503
78651
596973
822452
272527
563918
463057
913455
629633
861164
42814
435713
196342
35420
964262
365767
135014
115567
85663
967961
35838
874609
218668
690707
786039
879931
162212
345202
582420
836774
507266
752468
84152
154394
747976
788193
527649
56196
732944
895369
969733
328805
350256
425315
904519
456135
9481
747189
865750
516236
905964
961745
846499
530143
283434
433820
120636
384139
530231
632938
227786
895402
976186
235525
530979
332341
441844
633037
452045
656763
802058
738169
379408
226285
252336
85947
614135
127638
145972
749186
551779
336359
803557
320089
862475
695152
285150
779757
43091
580331
602738
84075
188424
178675
830069
358024
353142
473170
968421
986522
815526
235063
295156
125667
812536
368838
106547
475183
502937
306954
605084
929555
61792
325638
492476
439637
876618
894633
512059
61546
698064
364319
322058
800730
459043
648708
232871
240512
891076
715187
847184
243949
413889
799101
333954
380589
715727
247286
145452
74209
105153
977833
598709
851851
111971
317483
592807
923049
116405
990733
324790
571128
933383
666731
265137
655577
926126
918305
904708
882385
190112
841885
521255
380971
586353
379728
832295
620600
838891
868927
494031
686455
332227
163830
62771
7247
140286
357787
837528
541432
635872
291680
701443
484986
913228
109330
906077
716110
24765
908303
43839
558177
413215
640084
156256
172278
913995
316020
82904
765098
926430
213797
920080
12243
753717
594293
418633
571650
500358
178842
607941
242856
948766
416358
363413
642261
711795
958297
97088
732187
886309
859537
973965
625681
797014
826972
187694
203380
259234
134510
534153
193063
259837
956910
477732
582811
592744
916010
414379
798409
455056
596715
252065
955676
298819
172708
609313
328493
465743
887364
215376
206694
326201
695979
324066
134919
605527
967736
71301
770119
600779
345857
407469
800722
728092
936668
112957
501169
47026
643290
689679
729928
71406
737428
797024
85112
138532
126365
762331
846437
958070
619671
110208
242066
191822
128033
286385
365287
463671
478446
716505
924117
725976
286321
668281
455568
553231
242100
96785
215291
677286
784520
584039
577570
333493
866455
444407
641120
245076
248533
423799
772385
891578
477589
395781
904514
34167
557944
86831
163541
172106
37760
24735
118528
653216
425730
608673
392324
805354
177082
740626
392476
768409
690809
250408
806012
287481
367161
845144
673976
593767
254097
594920
156166
979312
615043
864401
266012
753992
921587
435408
209971
483620
247411
823433
868910
395380
720249
463448
397715
794816
261618
266358
727927
208926
999343
299589
82105
273806
355261
706425
275748
286898
469908
349986
799096
724588
190501
729113
94787
990038
685206
58247
470952
426265
505290
257741
563457
453354
882585
88851
322721
868327
77407
180529
756402
761482
380592
913523
313725
191495
958569
308940
471241
789192
360610
763291
213978
148803
451391
633810
707226
932660
196774
569417
808598
908156
774475
61534
321055
297750
278758
511174
703761
245746
797638
901429
794288
15152
863871
940326
520429
529530
298175
708999
544009
251326
780863
420228
212113
12615
497557
845615
886535
494007
486629
31881
613281
385379
564856
867888
351530
933515
160549
832356
522055
450100
881195
988407
753941
565220
934049
425489
343149
652345
553156
334621
931721
591015
139824
149396
819520
115724
505194
763812
995501
387250
95706
87164
527854
105888
647190
915255
559944
387357
40857
325602
392040
7234
32850
911468
55748
456571
755673
739305
385696
597658
694012
880963
360365
564055
906488
822525
107596
639080
760643
258213
221424
947897
32902
257814
456353
475017
659624
694951
5916
474273
953798
306228
822551
673265
942334
619335
477859
370888
102827
944226
711659
997615
946795
50667
162265
370915
92699
506228
418392
885806
991140
997030
982452
994977
825455
622347
886429
324016
864884
27061
672394
905130
374064
421453
521529
866259
60469
549691
685397
528415
481819
921967
624049
28622
795156
77195
414705
475295
880797
485357
635145
195378
668945
414876
884316
401597
920472
539086
143430
718442
865340
626707
605813
91596
341148
584610
322546
789245
834041
470590
533822
915285
443245
224197
665751
33545
196732
544021
451674
605405
523267
318043
716610
740167
448909
55802
903886
90914
990149
866388
925505
538763
337925
549687
300291
390236
471757
262887
56741
593923
879631
731332
600834
545534
505126
617560
288257
656245
984615
601279
621366
418163
59984
147891
243944
978883
193886
491059
704877
454051
908282
395280
286706
313383
341395
161172
485911
11245
111687
56655
981175
235705
132538
860863
74181
761261
428938
868635
872017
517670
385049
961916
606122
797045
20041
531497
878558
25080
584518
259069
49565
997205
146812
843895
901116
660370
643434
500126
193749
399060
728718
534223
799755
82035
65472
608357
835307
985718
492251
739587
898734
665904
622101
680832
988123
9078
392112
653936
185353
123515
316873
183883
342658
541515
974478
933501
225924
563360
554701
552329
708641
663140
124839
358170
240582
434052
653411
814952
768088
416429
81567
256451
828090
855206
900193
778944
188203
750218
579403
26877
497741
976160
433517
912082
918336
554009
846581
575381
494573
707109
782721
533578
249631
127794
889493
281574
62347
965058
55400
629566
943280
334759
863513
155409
322649
82654
179263
715630
741632
631622
623133
862083
17229
888635
660661
213700
263227
96724
309427
655668
59804
196277
374474
81491
54515
415825
992284
755941
780671
39615
558867
235738
962647
773752
276237
568991
79088
731755
7668
157056
724988
717821
377899
189176
20205
119136
944164
566999
178775
906895
997774
480078
181236
268451
646124
908442
290177
971349
747521
507147
241733
949457
142759
857136
662449
802419
566464
373921
491235
613920
180419
494761
421893
760516
955576
616077
848338
498723
507967
892797
716025
62622
114249
169431
32026
4869
619690
912146
268909
378067
49031
821197
981250
546378
368618
77876
427554
102892
114036
426060
435797
264083
807986
372701
656189
549677
219208
670201
424416
868568
496905
703468
598851
295958
99881
845890
182769
871853
544970
100207
908763
404126
133426
85407
848985
177471
374110
252187
512079
843895
851184
358868
438954
297686
243139
251984
363978
156495
447327
396782
68154
723155
207368
885143
485018
342410
753905
737283
853534
423472
379342
684901
728815
940555
907975
653877
902255
729924
259912
614424
323482
683561
485621
170861
416584
760190
549179
565814
251342
515644
466498
570657
386500
735847
65854
280114
682978
68687
930213
39440
610436
736803
901883
959209
924941
215340
225160
517442
761191
814638
899180
347614
745896
101270
818377
540106
278992
152415
728094
526595
436207
30216
797684
616133
398500
908650
901040
516914
641087
22392
362953
729307
863048
975704
269012
597805
980505
737560
656443
716155
4070
59406
336589
450467
590429
989649
734639
829600
658344
546510
908335
327020
332496
614087
812985
591248
283707
604334
94562
607881
408918
727258
970658
103384
191886
367076
73631
549991
455671
680673
794468
105299
573456
155387
60912
661018
757662
797614
452843
885090
500596
148828
488756
58724
812756
528014
167829
461875
332464
333576
672472
827117
518153
563848
256819
365053
91193
560347
558366
743114
180811
446811
538117
798527
320520
882312
736345
47928
788749
711554
930433
7430
714711
666016
529583
672095
449569
816689
341645
407525
36068
260941
981077
708753
639357
748630
836160
290044
123565
595664
783254
214410
243002
604826
873316
546291
527474
17801
487244
174767
128719
289440
913398
102909
235446
503533
295781
424721
35418
55874
676004
933336
411518
531279
48734
38185
207383
865817
828429
6217
679183
157209
718603
380379
827558
42035
603972
725986
502771
61905
576205
931956
163913
584028
240589
687998
659764
316439
465689
985454
828515
569688
684766
13761
400735
864035
499319
865513
986169
759204
541407
916890
506627
918857
619328
472945
852660
620538
676778
816449
638063
525622
537439
7100
422557
751691
275467
6651
264118
876273
877585
59818
397215
539716
378048
460691
504366
353501
439076
930181
824201
617036
603193
640353
652076
822131
677307
629504
491721
851010
972505
451460
701449
420170
350663
990266
229361
666688
76274
420265
628064
806545
621391
638330
804852
166044
309133
454083
71821
216849
189481
238642
94633
194852
89375
125650
621038
250285
857086
378685
358023
587423
11285
957599
912614
277538
521225
84962
974183
21072
660936
975611
24277
568905
570200
733456
327749
40244
602505
231621
760480
35538
829961
536866
711615
616896
910166
817250
111983
716425
173134
485659
806035
968165
287906
20165
868713
568019
135337
454056
154853
946382
108497
794470
643833
350639
322352
223138
579062
152030
319288
391820
167500
42614
553929
805067
249517
250101
996193
479621
390736
513180
85038
807630
698770
116457
488388
768042
154038
903727
919658
687745
295693
22863
657167
543134
391665
817301
517914
313763
67691
206001
672991
454285
114421
517840
449133
294432
932697
869206
776964
5295
269496
294650
817892
639690
389926
152575
303872
470276
898547
737227
177874
455519
993029
392230
187976
338070
928
119504
533020
978887
293832
408510
615361
700
620734
516147
542265
553365
852069
698232
137859
980947
46728
168952
800626
390979
623029
645242
642137
298757
503809
944251
378787
214776
803695
839719
705023
84292
913772
797556
195768
501059
214193
179099
919714
40268
562955
285684
751536
930334
797495
743086
793699
720614
862375
624936
94941
332973
161697
531438
952788
539105
187015
770707
941538
136126
874993
267111
135928
864345
284790
907541
749171
636553
629386
266652
405447
890482
440897
666344
619863
680687
284274
647692
49639
475164
334070
583966
844073
129021
369616
318768
917363
384014
921319
180134
221394
52647
868590
847609
259704
243660
365348
208775
352016
785103
686263
306452
758131
543970
894852
432609
890610
902909
613689
743143
749715
657960
510556
285872
261210
985062
456228
109075
285820
272894
998021
663562
856185
142183
560457
408177
856706
561103
461530
892829
859477
233480
106204
363735
72554
739983
297271
780404
994757
693307
676722
104018
63660
312191
335035
234545
186803
614299
286595
773803
45235
297637
50502
286289
117081
149936
800168
624548
986010
266710
240251
439341
690692
985832
77405
270970
893232
136430
193471
209205
347924
581084
340864
379490
690293
528980
778551
945012
571065
208594
144400
761293
767578
23865
765389
876945
652727
860471
727982
378278
968517
564759
739820
13386
361634
667875
389470
17040
977866
350067
587903
31800
911650
730902
481991
984426
735666
558108
548725
880975
623472
289215
804398
761484
773367
992748
924671
839004
335831
44593
155071
828361
144645
234820
48784
989639
137651
468781
781060
28269
107323
802897
308379
377425
695348
844061
181099
777854
942375
967627
337689
579348
887452
146068
427203
617021
441677
252786
233152
620936
921340
688337
848703
390179
625184
790865
336396
50809
933051
673274
399025
337830
585863
665661
215865
626323
104270
376227
533391
905203
789849
947029
357958
997977
367616
25478
279858
640819
434144
696065
25907
808807
774379
729546
980562
265480
980250
654836
2307
347445
264957
329535
601418
712398
304242
509419
714235
533908
515572
35549
40473
742364
331339
142957
286688
148464
712993
873738
246047
147331
483573
333259
532156
393870
56937
527506
832859
297931
855989
315423
628826
715661
937854
278383
322931
765306
493057
54222
948997
171879
347561
884736
811116
454478
869185
736584
948812
239598
420100
58131
227501
841215
547471
209604
797120
728017
853495
389213
380160
59584
947639
919558
150516
636118
266050
30845
202449
379773
6263
207643
109756
624351
840691
887039
214316
140188
432192
890009
23022
236711
510250
414805
335042
387006
624306
645153
513123
523396
206364
795997
481828
230204
645603
947231
179190
505636
190349
941599
985606
602284
843993
553222
937987
17297
749972
88910
308221
721435
607626
532437
453929
546095
390234
855876
421761
516049
516451
795862
475976
23546
318874
105032
466539
560338
259902
671836
742467
264523
703714
198089
427832
558618
140137
743234
985727
106770
879953
632097
237699
222494
626278
580784
887074
402778
507350
336084
373134
732687
994213
989911
597780
447625
406647
663760
909177
807127
81162
801969
46912
467359
269255
203629
152265
160155
3693
341380
817939
494772
433005
435116
22242
376313
736725
820189
162940
899708
736868
313274
870093
845129
553724
319447
832426
893572
396597
268395
218034
639390
954573
457811
654737
382451
645310
63616
975454
316484
243112
53439
678372
724044
200174
220515
763454
234561
512541
931537
160860
465576
243718
117480
810914
422613
190380
40267
370095
514366
724953
871820
898043
580859
690379
681782
685081
378141
539340
694647
122524
552744
362655
342440
517334
451438
114390
211515
563003
425097
834241
15360
923941
722420
265920
813844
397382
635322
775974
679046
800397
884902
995303
173366
406339
118150
898254
526972
174255
734324
4037
975525
67867
605269
431795
515660
761838
678954
207143
121790
478565
771461
779102
617532
824562
117528
425073
699166
625649
476649
497374
685588
36803
236769
160688
900488
477897
748676
874830
478751
798655
593020
496030
711263
681202
202062
889172
970603
717279
594862
228635
435113
900522
205293
318878
513988
791800
80592
713139
757133
109737
70717
757284
964860
801525
502415
444636
546325
213858
210440
599979
382822
605151
518374
693686
439596
801793
151950
402110
128854
759191
426917
642443
70945
698219
318142
499188
647458
323928
804077
771470
806562
597443
76538
249647
4387
285495
424049
798622
202113
948769
391831
760344
801332
898404
177335
856641
714866
187930
175194
68966
381489
894889
985044
821803
289482
587517
889147
959830
945913
962343
886131
176374
908481
6098
329317
173105
478445
620829
238094
327465
629616
213594
129011
36299
540014
522083
327987
998196
580500
245716
811573
659583
987809
475560
64511
284911
484168
883379
875368
589942
582254
347449
348838
530720
739086
93034
16961
304415
176956
867643
313449
366323
728647
701218
246690
931766
360119
766574
344669
812737
52149
732352
561635
195070
579338
569194
32170
822604
594816
390626
282186
341832
449829
306786
198217
886974
847213
918048
352338
490796
716279
754149
473989
516207
167720
554061
144552
683917
456756
76442
830074
771678
3195
802228
721640
915543
774479
245121
804313
684404
391252
945565
933924
381122
660801
38966
458465
791430
283203
199431
359197
721293
166144
395503
165351
477970
854264
657133
736583
478213
543560
77435
23439
711486
37833
170307
359689
795902
475221
420802
88783
754077
565545
670456
919226
543958
619878
95625
356850
560619
20850
880244
55717
747894
844027
347693
593363
877518
84316
96600
321605
259666
932696
566756
132189
41173
799235
422082
305673
867814
274495
783745
18706
685434
407332
682632
34769
228664
931577
491887
884736
211617
234399
555450
653614
252955
992974
640178
902988
824088
48118
813090
937509
398503
508615
110315
74155
23639
748940
604356
413228
475268
741810
112146
599524
609407
91495
549152
289259
110814
104862
647547
25615
559133
368622
658349
867452
468271
241306
561812
779864
525157
531564
34974
163051
17466
213498
701347
626876
62008
930378
864478
253751
885387
525202
801481
580361
768673
98008
777877
987534
645562
124024
325955
359266
580945
547588
442466
461524
503975
749573
7269
994233
118056
391776
488160
723484
108092
655380
124127
20179
125229
523744
337699
180525
29040
44033
659002
975175
788946
891289
439610
907646
942464
464108
599833
398334
15539
325571
886252
135865
481910
819251
609466
465588
492821
359352
771389
256315
726884
900922
150132
805045
211369
97586
762855
792210
786023
416358
518649
171744
779720
51856
957475
443581
623782
776349
134931
268327
933749
325713
197024
584431
927889
221383
850728
687949
913504
483926
508040
266444
111268
103440
635511
329254
884768
619044
117247
119274
596259
944419
574809
690457
71669
732895
994661
906385
277277
698031
49667
505569
771533
959184
819473
794299
550188
758054
927233
839367
663422
971808
761557
725076
810033
315577
451002
391209
850886
964570
659711
438714
131929
514588
536496
883766
463375
536428
829523
307261
539676
266952
707070
845743
336750
842789
76115
229600
146106
223667
239386
88551
325345
699640
645625
988822
282622
424665
633298
984196
670415
418232
345721
713605
99389
326518
500368
932603
392137
541634
299078
290965
329481
468248
646742
728013
166261
279611
511202
443824
566355
504647
36657
216447
22020
681607
617302
963840
632469
983315
349625
478383
637794
814211
595535
363650
53077
127823
234411
581400
861644
717893
567150
348541
265817
345445
138587
227548
241634
960668
144645
170434
965545
45339
134185
39946
353255
514260
321624
248363
763281
500369
957197
228058
928508
615601
117277
39133
591132
606335
22732
422958
298664
224304
829371
403016
127066
165689
438463
524369
2322
84171
194766
375395
76954
215276
938707
397176
977668
564019
66081
104178
600048
550688
859459
717829
697258
495189
464690
353922
948784
816757
541920
90496
712208
210392
965489
2921
24112
764840
876489
558622
716968
897243
459520
561928
611977
935949
994866
810684
215809
331897
366132
958666
343190
486292
38689
881251
116304
113990
438866
676516
854260
415685
257195
773443
322154
630224
559506
68501
961024
463302
537531
696249
718407
765536
786719
720997
280731
469649
38859
542347
139329
608249
903125
246311
319465
30912
513705
376424
967378
563285
415745
701624
984908
960259
234291
485546
801881
897965
636644
585215
18349
153894
211866
812245
602133
92399
562928
395245
422324
687694
276130
758999
387047
556167
975560
261756
878922
469114
20768
667464
211732
480152
577732
216690
401502
562499
70778
248489
811009
739906
878826
375388
850140
318558
882026
965862
766901
291676
574198
809045
31479
739094
81659
689302
398873
91192
659538
674494
672735
798676
487114
627319
224186
956707
159134
125573
184395
69721
931589
366580
980422
17507
452969
467808
47217
911936
847407
369953
712266
261625
653429
577553
988744
985406
609946
62714
652794
841311
93174
799841
890188
71716
882346
312553
302185
919497
349139
602022
78778
774489
652568
207295
353035
812325
350499
545471
944975
370017
705197
854136
161914
494236
307121
351060
687052
499547
572866
441593
515950
534097
404792
80600
556404
150012
607750
743123
257091
15198
339431
467593
603404
101590
980919
393023
113334
998299
372382
56684
617562
871190
34471
334689
656488
751065
455791
620115
280103
412543
181944
515270
665
964128
543069
292312
756540
747185
132640
657896
378605
770231
480287
503137
4904
373606
883686
694887
674538
43226
559965
822556
414711
271409
485666
65679
194232
563779
604722
423233
6972
46271
807552
189142
650911
289443
456616
475541
855304
885079
684989
118556
350603
322087
515902
795427
126512
69851
862312
174250
865227
846645
205925
340546
233994
808135
958754
93045
537357
693678
997566
731732
491375
573999
482398
21275
268324
39084
757277
140802
741051
604290
221793
311267
703618
940930
542665
370178
769544
98507
113218
542654
244669
225153
89017
682515
172214
412972
768554
359114
500813
703343
363799
253502
568102
48674
991125
715659
383116
900623
445440
586068
967097
539846
871951
262129
571572
671965
981250
762100
387541
594824
400120
416598
484900
499537
543645
859907
75744
374836
931456
460991
939483
938201
1858
815795
829378
311854
706090
799448
982779
669728
275670
68671
950311
267383
757005
332154
50567
702668
722607
100267
338554
765223
935885
176295
12324
696633
204181
12357
953643
62770
341158
255625
619675
332800
37890
846824
920425
754022
107361
807800
502037
12404
380578
540726
615976
194345
251677
11571
927325
203617
934931
385243
822940
741116
943431
137507
716065
885710
813030
448975
609852
482940
582177
955229
370801
398073
536540
789201
718463
53661
179710
718110
619646
938335
600425
369774
34529
443695
73219
140814
362524
319347
913715
477753
510111
380507
709800
7232
334079
645923
88979
545746
850742
411621
763189
618414
735809
647768
205586
95842
228199
735017
264901
506302
218330
988788
391085
459418
53622
446175
392325
267329
41894
658579
592786
664633
399846
791896
351989
38000
873315
537484
44832
495621
879038
395072
791909
648047
574767
205871
534378
837582
811718
770012
438137
272652
766029
266439
52212
871536
373002
8715
707430
494463
249505
163415
261940
969039
143637
577031
526898
498729
354799
383774
626961
816602
648631
325410
833335
135766
494239
885909
526119
180682
200256
835339
274399
489661
278523
532589
533761
430242
131074
542344
740585
531580
990575
608722
683933
586990
345873
926779
918434
876894
11016
459052
575211
425093
438470
817952
111405
762263
131701
836763
282190
57801
840375
646410
106235
15683
187017
728057
948248
892836
32385
864363
194835
138156
872950
637081
614290
937355
743294
919498
537930
782787
259154
938059
121073
787388
518158
197260
926731
576932
585877
725783
696673
323328
956626
175405
318609
67092
401561
77823
824894
357227
274219
512838
885991
834500
685272
169215
204118
34393
233471
156167
546991
232269
192049
898382
586088
701809
901812
317371
985047
235187
512803
37468
133734
389603
981299
233608
520740
956195
664976
586644
520438
916203
210342
249838
350379
457398
668411
382681
191277
244813
494137
114373
148370
533486
361354
453898
654994
609945
709980
507073
72532
115126
171588
360383
84385
478310
733374
872431
205946
820388
618962
118411
241028
646296
264787
560631
761569
15096
32642
386170
654427
47259
353423
257305
515642
584796
529343
22738
581813
603943
103465
185842
845637
55395
70490
207891
289748
450876
448216
344950
935637
182475
258820
866489
933357
967397
484696
857973
323086
936253
553616
560182
326501
659959
169190
57816
52521
260298
163893
660922
587028
995600
956031
317410
614959
325229
791626
23341
941829
443354
7397
788017
396857
404109
485896
924145
106996
311175
474009
518843
100918
454713
544907
626018
634574
474580
573729
32212
880293
755628
549265
497815
704052
934343
935491
17636
178198
633928
219768
39200
252663
858291
568328
13939
983980
970396
48644
696903
75037
833201
417146
371551
586717
68128
360278
832081
880922
685286
260261
336290
753008
955958
607349
949820
267736
685122
872729
222030
614461
634152
47881
386048
264495
161084
426725
924626
868400
282094
679514
545808
224044
982936
967197
433524
897030
66983
239829
352152
339790
462371
3989
887446
880654
796956
105799
806974
884868
20595
669924
350963
807529
817474
170399
604578
315760
771689
664418
617056
461578
664502
555055
76383
604198
280944
158697
419597
703223
72064
751276
317322
240621
321085
274006
983619
853061
647954
420009
614128
112124
658766
718729
936422
152479
256584
771487
309337
329854
571501
644448
562162
947838
916648
435496
822025
548750
692332
897472
246272
150258
256801
993343
158011
248763
813033
596108
931967
249751
688077
969409
572198
968836
265865
635627
566588
220192
34096
431854
869946
341469
374781
291525
89501
661456
593528
192936
507681
613672
18114
246150
724703
636987
996285
492401
383424
538300
569370
571866
239773
736073
820928
207601
184949
706273
217238
409134
53578
507123
289069
897838
47832
747601
851725
605301
781811
17156
279578
404562
642556
128377
104803
868512
700607
36248
233864
730408
834604
525877
830085
517796
298736
296223
484127
417631
745968
575254
792681
282424
722786
626587
597299
770949
944775
894239
226768
508051
757129
383005
176963
497996
438381
968515
686406
883954
382900
776459
241718
529607
309524
778409
906846
342543
82446
148765
160926
413933
865516
105000
64375
629546
990809
683419
354870
925077
161692
224202
297723
56004
893491
474016
652390
347192
180616
456204
626397
135519
701010
395738
648059
454066
145419
934620
903000
11455
402633
988358
204913
663873
608636
511130
801012
567083
646723
992056
528171
425924
850987
891479
66626
788843
875780
8273
33334
355068
735906
64088
79516
129675
818221
924806
858316
67981
820325
865875
112424
798231
662263
687968
301388
217854
222196
614896
613588
559389
323828
461622
21636
47284
495494
453064
403992
573677
250578
694451
460905
215611
897998
181417
315193
193435
59225
226070
677531
759868
184823
883537
512002
91259
618346
229165
790884
640775
636713
375214
502922
242916
642048
906200
699383
838603
64643
929187
808434
5422
655984
252940
926706
450136
353568
618565
780902
884979
189930
161485
875806
907172
40021
571162
482009
372561
157943
60210
727468
235714
295470
931928
746955
727781
606202
22116
188087
805739
413558
522796
68868
367057
353777
833758
882694
655737
551917
755312
343512
687030
497011
814702
954952
606759
829393
761330
652834
529402
731058
714930
701079
719890
889240
196467
124362
602051
773048
774044
817400
159354
993970
642021
120193
146298
93163
984430
67735
175041
31049
9324
770562
790217
187018
960254
858189
713130
833473
170014
914193
593244
986031
826674
329243
709211
32762
600898
477949
544099
412556
833669
276206
94747
938891
647316
801566
530382
956720
981952
325403
281940
941958
817599
553049
773647
199681
37953
848353
507921
354489
77473
583385
393115
872513
501175
643628
720512
101544
296266
679765
441449
732300
41634
373709
688369
811926
352508
226383
555376
152405
780119
769284
435798
734970
389036
739217
440877
177262
439738
394553
128064
822092
699391
768751
119962
332478
470019
596924
916967
657591
476621
903305
281208
383498
20153
745290
423906
795750
766882
702023
619141
977071
190137
841416
953514
658745
133495
691613
840518
77027
818095
161927
625244
241870
604540
408519
805438
778937
603034
464576
371187
166266
701393
199307
514292
546523
96332
885207
122449
610639
623880
646843
361393
954960
389160
652826
266422
519446
796581
436914
122111
710837
674210
493505
333063
146708
404445
341332
326122
71493
332098
817773
104200
425990
376154
58512
27714
43347
441568
189482
214818
741350
52724
507871
129431
696781
433193
864367
758557
605413
754553
291843
27579
25976
484056
158682
734694
923633
842405
215691
125955
370808
786685
489398
93066
165166
715370
212619
335942
120646
168825
5494
770809
524862
683817
322918
974492
221177
679679
882361
895427
388347
949559
761734
734303
411200
587861
815814
350814
192569
703577
947423
45869
686116
422608
78543
668829
155719
281799
258673
765859
103240
933403
11887
386937
932012
766252
734341
299171
578538
828912
365613
614028
455403
115811
551661
752015
515105
133852
519417
480849
397057
771579
852550
2443
334366
878847
833516
719589
42916
105972
783286
344446
103725
589705
121546
510984
209987
751808
581807
322897
584371
260670
694400
68764
283210
162434
366572
236717
802287
719986
777959
899108
28636
377233
524401
544833
412539
680398
720577
349318
724505
833269
630414
647354
537033
449608
263929
330697
931288
989161
979418
878345
175144
407918
816229
991447
497515
585623
987513
940192
523710
737115
623557
116796
677663
640990
738967
875188
410509
398144
387522
956260
831675
967439
734380
448316
789296
916956
206834
295520
609214
688363
4536
993199
390044
621956
922768
923553
687330
364518
489669
896650
424865
762971
493894
435387
521565
274791
104490
845448
738985
974874
633124
636259
406493
658053
612804
329447
109877
756361
159399
235185
366985
224459
870973
221097
589669
9219
85301
644319
221060
206516
154759
843087
384494
173942
766301
82247
221291
528559
968223
221408
299874
57376
418586
456615
132115
551707
875724
961568
755822
385299
578062
915104
206094
547852
648478
823321
718869
661425
172296
503795
937252
308996
786865
409493
340151
487535
267584
686658
353308
794234
674986
537632
520782
560086
868504
702037
145010
187158
394614
959882
712301
186045
557530
868497
746528
417458
48335
216035
290177
890064
725502
755522
855
986842
493688
526397
529874
144652
115874
387154
602628
772684
377214
252333
111808
169407
781138
474767
563470
486904
553015
376970
378055
324556
555519
116264
82579
969537
173508
719212
444093
468709
699913
441328
52336
750970
936656
987821
569745
186063
727544
599385
524088
298154
745871
878635
606603
497825
160892
103290
565433
760008
124354
803843
114257
621892
251570
614538
692284
298622
400304
636503
246301
330611
580511
824801
489604
448873
177260
878729
494729
401404
254260
29757
646411
307351
422163
997565
560325
374910
227402
134138
51785
317703
616908
559258
856477
899881
27045
171737
880687
53996
773640
22345
29045
626944
297459
729722
239013
529130
730625
125172
857422
790617
930380
480417
595474
367959
82684
763784
211712
690011
446833
936052
506130
600251
991241
938035
106432
26494
775438
511546
694974
113679
304895
394470
485785
436558
747001
525277
913898
662273
411522
876243
986292
981544
425330
122024
462240
900846
859839
227631
220306
306427
39779
469002
923687
432934
648556
743857
921422
206536
268448
805393
118720
12332
594058
100945
293661
254626
398245
532591
527588
903859
903972
492361
301839
25390
433372
237752
869769
478049
81359
666263
867789
109028
60438
763681
838556
727887
307882
168504
930714
619211
368719
30722
25414
257350
125533
599918
5588
100096
538348
463573
566723
959771
881723
661427
664687
202941
435060
186786
232691
12257
763811
818118
607000
886973
853278
1862
413175
735927
537325
604346
301003
249295
988082
927462
169953
953643
426594
470164
983788
218048
379185
534669
864373
484123
475788
409203
848303
623498
296000
440318
475496
46697
316984
407185
670044
381260
62883
190968
225956
300358
950196
745089
760971
525140
372931
164340
228929
127209
556561
37552
446249
188439
680040
348131
649101
635735
585633
840229
882481
29941
946240
858546
292421
673371
691577
393154
786996
779960
267542
506055
216537
473868
174256
716482
4881
325971
538970
108226
939371
889355
456350
711419
907196
152548
100063
809087
339472
395780
266525
951451
763515
401011
95319
145425
479693
21610
902539
301741
523299
934835
409817
543046
312730
449084
562950
795923
709983
797502
54556
554087
40546
779909
563054
250378
150121
491803
183416
348150
589697
118613
112421
90539
48335
726201
544683
934575
296452
599242
895890
264870
984558
735347
535058
308617
751724
933196
645081
329222
743226
158475
728619
61812
82154
251402
902116
986545
683892
660144
797209
885211
632036
518655
689501
309799
70257
897466
683295
811425
201966
225649
970544
356160
864474
298730
602531
691429
382930
988014
256526
42928
411878
473517
815212
802943
430920
449294
650532
273477
76000
281943
225573
952258
746621
704438
252456
716068
627239
704042
320215
776250
828688
123857
467404
485201
146024
924110
814258
610029
740240
951638
825608
60005
606630
694360
687556
170140
939903
440391
903636
683928
744563
335813
103295
305280
953361
583405
550762
42038
466227
868413
21111
981135
5293
109727
918472
272299
870687
814098
687009
618870
403498
20025
717484
171386
997247
737024
592597
629598
466387
441959
740117
124414
303727
395053
577997
636264
929379
346585
146632
599089
756378
669031
43363
587699
950153
972878
110409
514724
979138
76778
125654
936275
678437
844747
313949
778177
833269
409114
136709
467033
438024
211618
588750
379469
204312
117506
795505
545359
83128
905774
659430
484265
456480
604189
382655
415098
998441
601875
640818
568014
252692
848011
788724
185240
114884
823360
956032
991630
699148
503896
139318
776609
529187
856174
475105
990936
575028
308410
548369
776648
723218
698015
940007
332274
573129
708050
679791
577977
146832
653986
741799
900542
391642
406695
4382
137946
376139
405963
301880
599991
259976
966512
152270
728972
542183
768509
922802
665075
260806
134536
345680
197736
129207
638817
433136
92704
764057
711609
755351
45507
902914
903790
210701
948680
63512
763188
364154
238508
234047
94369
514730
578639
674220
906837
157808
278443
693016
467075
218406
883889
94417
878625
515218
977538
520874
377256
724580
934023
512083
150152
226587
608621
181123
881644
59080
792384
702673
789733
350699
64035
144163
424757
219001
918057
447997
200827
605247
436756
3899
726966
494368
593320
397914
41335
825018
605994
994864
699816
308967
754554
964348
635762
111904
768330
307160
445712
334267
484218
828939
856750
323221
80274
364859
642941
548106
27803
243775
356758
789793
116762
485843
868296
626565
677418
651940
787264
169966
981173
457932
236116
254879
205775
956632
461868
805000
130351
748804
323725
44683
296906
339528
880323
857051
302861
656523
428523
247809
589111
908598
551706
602745
575378
624228
983341
237305
378572
492981
254830
163345
920054
331330
247968
894509
904344
153898
699880
36600
106350
824395
941144
806811
657028
196109
588120
506275
802217
459288
795315
387649
336339
842277
769404
976682
746639
458226
935451
839967
569122
231311
890103
826119
285762
866262
400193
828792
607402
310520
333531
820308
121502
621361
800804
694032
284667
790877
549346
469584
146746
781669
909834
775086
737985
36050
820910
832858
370213
192130
486020
892891
485377
827703
964622
279284
924012
295885
902187
702369
92953
326596
983418
255233
775824
604987
665319
676301
829893
354878
874067
581062
42514
18678
314980
814189
319126
65663
884902
658156
428265
687959
905820
445842
796667
841777
84456
435836
765064
918505
794770
712271
487161
293139
767352
894497
282907
593836
709203
778039
486260
12658
323745
236905
42055
833679
359220
681506
203558
42353
316311
133316
345071
39029
747096
924648
136804
388161
112183
663107
800299
213553
476969
173860
845790
817000
38345
970521
574992
236105
120924
892274
101150
362814
993023
745181
515053
231349
161776
881072
362757
361643
687157
358022
76745
639264
1900
763136
905170
417130
334832
575533
93480
757926
476197
663876
633500
367369
3681
153486
620037
754516
994807
829344
975701
221222
984481
448006
910167
530859
717897
51196
51847
115699
899508
610902
832909
719005
421196
820415
144664
650226
691912
183326
764756
142414
425658
991828
973639
934712
25397
166562
241613
544979
738264
858344
932654
341102
40188
364872
540377
13814
572854
412009
17792
852555
628745
739095
335631
409263
736555
612744
656585
356699
733042
269690
9346
917420
768795
264823
763187
227642
350903
450682
961469
756361
834291
162988
622845
942937
264322
673799
175816
54168
668713
654108
829187
613368
322598
533679
677602
756123
108030
265344
126971
137769
472162
476773
539910
760772
252733
395218
172659
567763
655837
686075
83304
142267
151995
724816
263126
541356
253544
484711
382135
857495
112663
82424
10982
734781
595905
865473
135834
328995
376504
376906
555264
198882
814732
234627
579957
256603
468884
87241
363997
936903
820826
396039
831907
377580
867109
604473
834957
647275
285731
228620
444346
747638
347059
364706
784443
994720
566669
94129
100940
680909
607631
604043
661742
466248
521764
464312
280930
608883
378771
815487
109763
689625
618594
825732
478785
581600
675812
683019
943350
832410
596326
659163
938086
30010
12082
240893
95704
359779
38782
950180
576395
468060
891188
511270
113623
420320
910367
927784
723042
122643
756207
798745
342907
836366
184041
386837
679766
469467
102190
252265
620132
54588
935077
986294
337295
885926
373640
549678
380367
272267
920392
75900
662572
937749
497438
820800
213584
610030
672879
482744
790728
332412
680091
932986
797143
155370
296547
606173
446263
128418
935476
97848
591341
443543
890260
720450
851079
843582
411176
150552
838709
957084
161887
6430
159810
493818
739839
346109
956013
851254
719946
16970
664552
931060
492620
137926
741420
228081
445252
829506
459319
324216
408109
464027
201507
380205
9640
518051
747940
763718
339911
130336
257630
202842
576696
940526
738017
212241
678412
776255
480258
720508
338403
640451
638679
665982
128246
440739
354062
401447
837377
625510
788394
595937
438155
478519
736668
774851
623507
351934
974586
16387
472857
552362
663326
809992
698054
788048
512734
401502
562168
307501
440675
700163
791342
204167
685608
199198
555213
662642
60177
608271
58701
395887
632805
815521
677955
393647
338858
31196
431755
134069
98588
525240
517265
228505
37065
382380
453180
170600
900300
80419
628537
896745
708260
135248
716639
560315
182960
353048
587844
457114
155913
598126
709788
136576
853436
470269
45384
385640
901090
882302
342083
630509
741854
617385
465572
230097
410739
851208
971536
117146
297728
598886
158208
42135
538136
227303
967659
985665
936578
352497
778704
532732
199754
157128
210722
52285
43458
24568
577679
170245
70168
75947
621295
894027
272533
93594
666054
487095
992816
826080
46966
131019
558029
561578
756164
152796
650389
454283
834180
575294
463794
420332
165156
580479
854183
574753
548883
576841
36491
939158
316940
627435
99168
448168
715971
890865
856916
300304
487978
831791
190419
129402
381088
115421
224839
959988
18935
863964
613229
60226
91040
184983
409493
950734
63093
32837
559798
164924
293347
24842
659435
220572
452786
209725
422222
650041
418931
325061
547760
807502
2949
425116
629106
255960
964227
637621
595203
574727
911694
523002
204918
356494
8754
762222
902206
872217
845879
912882
365450
132254
388807
452899
733431
758925
627511
457696
595318
106017
156019
944297
405564
990296
875211
45731
617823
499519
688532
888120
672468
135207
498876
588123
110722
92788
159150
905769
879490
268819
123294
580587
303414
812683
346929
668536
155971
614125
302156
717367
861292
233062
749496
657795
917900
478003
202735
630887
62512
906483
65926
625672
267471
200536
900982
714338
631334
803255
666632
264746
967796
157952
3805
503699
985999
324679
733591
579501
682082
574080
866856
513831
629892
669322
654581
684789
320885
277986
665382
327245
406647
929272
792717
882699
506183
314142
572208
752116
79158
542493
803508
453719
266217
330274
240488
507599
616361
758358
890028
76262
917480
177675
459261
610388
163793
214546
254366
351525
702346
865129
107491
760760
373257
70289
288221
460323
583760
879614
353309
400564
349574
178408
514599
134355
684724
156927
362165
17027
188057
997179
113380
222215
494442
526097
298303
723937
499817
681921
627879
115061
687008
397004
264028
267469
413754
996676
243562
798262
925055
310267
845298
256967
598314
558621
220500
416833
768041
197146
335350
260434
196913
241083
71156
656948
877883
591638
307812
893170
223262
10717
794756
39371
641738
476432
568322
441455
794718
227411
948264
216102
977063
932634
460259
168016
61110
233728
131886
460551
975901
420407
662368
466208
541637
743962
962510
110993
354159
733087
386270
52076
961093
323048
47529
178122
77276
941624
168780
545603
973257
840258
241484
816857
473245
98269
956515
264820
77566
119509
358827
878216
965283
712603
944870
21522
387691
990940
724136
682690
297243
290351
253857
772595
662835
823207
727819
795285
217195
752776
347308
690476
192079
234711
339144
441777
878836
49482
552807
463126
159190
519775
916670
888295
427151
349577
948925
172108
187190
802564
270389
808299
388690
803914
560099
114474
116666
346782
992029
525138
18058
455301
277527
72207
166916
914772
475026
705684
242624
607845
428707
581915
876113
833443
108700
270858
761654
49029
586457
619249
792890
395160
810728
961520
827561
313524
117846
258742
834991
530320
668114
886436
3982
125042
152001
396751
608123
229631
810205
599908
713366
518512
582026
378151
140805
7781
354423
6356
922284
211796
496365
690406
81034
204570
783160
497205
912371
961586
750702
666618
77094
630787
36448
154223
36042
504595
551133
199633
900042
781338
313053
241159
44425
551921
294481
363421
408580
610473
780165
299561
163907
806904
443886
890702
250044
280527
701462
675422
547588
930503
397601
571099
241266
252985
119995
232982
797970
7148
893664
548281
483715
692265
136519
57184
181294
457515
19756
307809
791459
262323
287992
155628
665426
60471
286928
544398
144418
411706
912759
542288
703921
299191
314465
510332
8489
373943
578453
305663
445627
9538
932605
607146
946427
572274
384205
151059
419096
962275
592398
205528
23414
172422
968710
570243
481450
722965
440518
333577
640017
854113
392784
311277
770445
266246
918562
30146
241118
340673
915491
934989
678425
529176
914537
36360
363655
894711
791973
782147
512156
784795
48428
927782
338961
935847
411426
42961
8865
525844
228357
894116
250782
757446
196755
601306
925933
743225
893465
206352
633124
485018
937114
973348
654398
543026
784344
736825
282425
974013
27266
764054
517069
661465
930297
141166
784904
15578
357185
770042
429578
445498
281537
759810
116955
162094
464310
240700
820260
281875
838586
656331
697105
842695
523117
990376
843584
304917
20605
494238
957094
352136
93272
593711
6079
257376
203563
658580
380015
552355
281877
742242
217210
960330
340717
494600
731101
792220
949228
927925
209607
953241
146617
755926
502839
940364
486160
992765
175987
370308
98190
969565
324642
466460
161499
595570
399495
736501
625204
957566
158810
695237
806867
5741
5508
180553
687230
140250
692792
837718
652265
425514
97961
44365
40009
221718
556395
686893
391095
47303
513386
455875
417980
490330
585217
13948
247551
149763
479096
700251
789064
483981
743133
325509
555248
697215
135165
487481
781416
688603
37567
15902
946082
127104
283358
608757
737247
538863
208769
914414
461910
294250
128313
71958
609086
286456
587606
629485
962488
451718
144486
687190
975772
901095
52555
432103
352159
791100
882488
561888
693406
65519
176328
720185
999497
674009
665147
481620
843567
819716
106957
860050
416225
413002
957813
55234
552902
10588
918071
907635
172795
904799
128422
655594
326948
444144
255162
684143
772628
333576
628105
405506
741141
73979
925350
899435
883156
879515
766675
50735
355116
704249
11043
944606
805645
314571
119089
325194
845065
186601
630583
91410
990651
626162
373324
27164
758484
285707
726332
753121
647939
610759
994949
620769
757312
816163
564972
442552
654390
735400
953594
492105
273099
11379
849943
910166
479885
449873
592385
475442
208186
942596
262185
137165
385388
356707
235946
517359
714463
392093
796967
315840
370464
869022
991679
461699
243412
172810
537968
940899
705251
307942
187717
793958
27583
948438
175869
320062
327829
344833
904122
686910
466382
639376
973410
479210
59842
196822
131222
821223
143802
5002
575117
323345
640672
100335
190796
397739
120005
565332
209284
308785
344463
134391
640008
278218
929533
620613
595817
835994
305881
6013
428208
508595
699513
848818
522871
203243
13297
713519
226276
889608
866584
679604
844483
950616
594357
732575
232319
30494
265991
971430
716413
945318
904174
992577
355478
393978
818041
98533
379758
406573
226893
847402
498293
763988
475566
227726
301498
788693
173101
677138
704423
60887
548654
784386
297949
779545
757589
450258
623789
588830
752205
707108
913839
74438
368053
138278
679107
844921
932007
753113
431394
814780
672869
938668
778463
37605
197346
643462
717312
357995
425451
431075
628403
397527
680368
106454
200815
695383
414579
469292
636904
646065
798604
815025
342702
757141
622294
628300
250019
766731
878906
148549
886551
907915
478934
545640
673794
156395
429193
293185
607133
494771
165789
858374
210077
812748
196306
984020
938125
918359
385027
811346
598599
29979
491191
317362
909006
81878
809735
849686
822091
74932
246247
235279
172259
899037
14034
286592
933937
349353
566934
107553
162341
85295
84857
203359
875576
402043
419271
995297
893579
10397
116281
581286
311451
889502
706180
107722
456227
379982
110651
716392
620111
797305
440929
617432
111704
834552
196431
384537
263872
852963
357054
951818
169004
663460
285042
300819
606105
950311
808772
141857
827004
689965
250378
407758
737722
503296
728484
707550
660929
299137
306534
268325
973313
838365
687645
473095
71627
486110
371328
633432
225796
580382
628277
340321
311109
229974
338044
111172
590547
970900
419324
202871
616118
301899
440488
108844
8952
212292
593806
14417
790076
836467
639740
578099
549880
885028
608015
777982
573840
55828
727065
911327
468304
498076
650350
366602
918982
320328
738252
983319
670074
560518
359460
452999
333323
128058
191305
200741
535656
28719
255860
627400
650535
713319
37873
838133
868805
522323
56874
51105
498235
724062
253326
923795
926585
320931
58078
565160
166338
285376
977300
903345
94563
916866
215280
616567
301265
222143
981536
664222
475294
48963
346379
484455
145560
160610
666746
173711
896382
326765
572003
338453
233568
43199
688852
527001
800850
529271
853497
603296
712524
853376
883530
921844
620065
802955
540115
152680
32474
183454
795873
357881
333039
863046
211206
658640
859937
143976
200906
152741
821943
751542
982894
882173
903378
206717
913053
182931
989423
704346
489650
290133
309753
133581
419104
985349
852681
477925
472258
325696
467899
389403
37184
369052
469870
866043
735386
564458
219415
483133
553556
923355
81730
538418
182015
380606
121447
615194
941599
125095
201957
153042
712382
611948
404574
123306
552716
626249
417134
189013
255281
122979
779400
814138
848177
978793
96303
49767
248123
61399
809615
345637
291342
695380
45686
208870
153225
64636
724274
252187
849549
525560
756231
851042
738448
339400
155277
238301
942785
344226
404452
580958
919123
859892
405717
44286
264233
48198
336967
147341
798492
745595
203803
667555
475820
300598
788836
794517
417408
750426
516742
520579
782107
19625
826154
224271
773406
308238
894491
510120
114484
977014
677056
699268
831069
664792
586998
626092
775707
953366
649994
774385
609139
975163
401104
46652
738848
966052
656418
614083
996890
773884
641976
274328
860221
101024
987809
699739
480282
788257
138524
577872
578071
311719
420245
361867
538307
683954
296319
478856
786810
7100
349962
21207
155441
83643
355330
817204
784671
362371
429956
675189
666249
352455
317213
827036
206504
874751
249408
545612
140856
394918
460132
928729
375648
489243
551096
222712
833209
264615
473540
188821
902204
945630
649181
492548
618893
457950
565188
375311
27806
316085
287069
737134
689217
894047
226567
221332
865998
360300
732124
644198
833133
252736
326278
514566
634625
296436
890108
72974
659250
112667
237912
402073
626516
902047
991831
602107
547705
673609
820524
38672
304784
633439
198721
965810
972792
216935
861579
827908
363621
923594
63752
906987
301421
86868
995544
35613
967856
284056
608502
448657
337762
108336
533841
418006
506039
863010
651723
125312
564585
10847
395469
124157
107241
333477
316421
216901
27552
618692
936893
368880
123744
841085
645273
655329
809900
566469
733357
83872
880480
707050
52728
926726
471806
580173
526465
176145
3479
742989
41165
359703
543379
577029
495738
690648
921565
345451
247804
460268
574125
503257
688305
172699
10099
57960
375522
192203
237853
707064
635928
986260
56133
225229
844633
629552
236282
687956
77566
181902
913002
261891
316146
994501
316521
326302
120137
885221
155296
550101
740410
283562
726933
824331
958523
886090
825938
78513
634295
241518
609333
844817
739311
572925
264340
8039
711658
195859
377866
812969
422234
440144
24674
120104
110861
653197
753247
103822
659852
503658
71974
546887
901012
569731
922185
439741
518126
933889
803697
887099
174509
192972
897191
735219
286212
998110
401983
148763
272577
149299
117537
959089
958570
876765
812853
976928
150323
661683
983083
587195
911961
121577
312740
470758
143261
802811
488576
962004
592480
403204
603973
164778
887256
181739
777896
838146
728876
67964
835836
384717
938802
864341
697524
324752
754498
88183
308566
915727
992311
940348
793855
383303
928834
988968
557197
698388
769002
900439
380460
970803
303716
159126
918464
20194
443210
875598
78956
596516
438779
686299
330109
643232
320272
511548
314487
271273
971382
807779
61242
719385
65645
154411
371215
440598
118236
978985
156565
571254
826958
772762
586434
688959
736909
417468
353304
950727
290585
260410
791591
352250
152389
741887
275064
475386
197871
953004
795229
396641
364506
53092
349843
723682
935914
988228
761745
485965
761083
300144
873392
459121
56030
22537
85942
987611
921328
65402
628928
866941
398617
2226
194252
935722
476574
15596
533344
151998
549476
231593
109595
718235
406018
22656
287126
95438
802113
96076
350519
5967
845299
681027
724370
3879
524205
626342
710203
953004
468578
439124
445868
798248
168285
356794
25039
278040
908058
176229
489258
876304
691586
912312
76837
281148
33794
157241
885880
819393
769799
856773
905653
670913
153815
965540
798895
507581
450191
404151
387654
233430
27701
816718
699792
243628
343289
655702
379430
696807
199949
828911
330248
946324
827422
599196
974574
391783
637229
467092
887468
397279
773391
608565
990144
205191
381245
598936
246140
984472
269721
953663
261002
915068
462590
786283
362465
105453
539202
856267
9731
237436
725963
455950
982256
99310
325066
238874
308523
375168
603545
88981
585062
419148
373101
335008
940684
314884
308472
975331
303275
102490
753758
922051
868669
243394
977169
558192
195601
366479
67211
119004
480667
138874
904295
57414
244564
936706
369373
181492
550223
408493
68312
11135
441882
297836
201014
249352
246477
479900
104027
290441
361394
141609
887730
95302
968913
291725
701250
472737
646998
735478
565352
965197
628577
969350
841207
651483
643946
818612
827561
511920
388367
296592
193792
511640
606012
326627
118269
764531
396918
901492
683388
706765
556228
194471
933482
439436
140922
89793
871332
419202
579555
683206
55150
76514
942154
690307
230477
23568
422885
969576
70338
458449
111647
938125
364067
379170
416449
965461
217623
623268
841852
281584
645997
442228
109141
645498
637786
541081
897773
19585
570189
130199
731628
799844
936561
929440
214090
619286
956222
720746
828858
537538
359548
366108
439795
217353
613654
298146
544091
933990
20759
119456
708114
143027
851971
785730
996697
728773
74516
221938
576350
932849
348816
256611
330405
157234
113987
817034
565204
157475
369823
844013
988635
347750
805804
67603
871678
521191
652781
950811
836544
533179
324753
94121
177710
628834
994770
68859
435909
397099
345966
330586
353601
790583
505280
317803
214595
894485
773179
58341
903005
932557
302914
216669
501885
642552
925350
786173
743221
230924
675196
865491
732451
191990
472218
88069
269442
325984
846255
368291
632651
400658
656188
642773
876233
122292
762291
432435
332152
873777
772842
176883
589209
320696
754492
572541
266965
901660
603388
599579
89803
290140
566423
916364
797880
889788
172485
687351
536898
921042
465003
778813
960225
349789
406993
259175
147562
556302
699771
55359
910842
592235
138086
717754
58043
769353
346785
414674
476950
295479
787461
756146
702133
910842
58066
667531
963059
771122
197415
509060
849763
560219
207837
64206
884730
830767
182337
856917
995098
522665
291821
331602
585596
516837
684930
968381
741624
499235
455236
730336
331508
218923
103634
682759
666471
577802
668096
303188
815753
439994
726355
445359
607833
41248
24728
682522
157066
923950
624545
856802
213515
256041
493021
972785
388018
904325
197587
63169
364356
72492
525499
860139
853603
778397
104633
295837
451156
420017
750711
303978
45932
289913
82077
64188
358487
480772
105968
607461
497029
578685
329732
346194
451890
258608
347359
848736
987024
782509
351276
697481
60754
823685
129945
805239
520151
522801
487929
542898
331347
168649
422035
77906
670036
919642
170095
43091
558828
976248
851186
864160
586816
504255
15722
645506
612005
499335
552483
726218
580098
56994
839961
411351
124308
276593
655943
997509
578636
989923
949982
80306
876499
140492
271377
239278
316013
2462
70797
999678
173435
195718
37958
802445
445658
771173
302573
642864
331050
423913
680446
297940
16041
649928
668661
687559
510077
261337
491104
690911
610896
707023
620176
553547
44309
710418
667945
117364
584234
980347
3865
241743
606870
122412
130149
306370
623345
737738
129375
57136
50147
509593
504244
312163
310340
16178
374689
145429
707171
485155
784454
718875
991843
54115
533843
533935
171903
843888
748511
66904
787245
944071
367255
329784
651104
863424
466707
309874
328104
549379
333316
247413
653365
278570
37578
534762
948729
915957
607906
462966
972203
200164
412541
995884
959079
215349
783595
953298
879666
276602
642998
774414
77852
308950
913740
100718
244926
640276
208724
794769
294371
851875
978273
393588
786243
492722
331204
406173
219755
826852
19067
677278
233016
769712
169608
60166
981505
172889
331485
962346
46293
374916
154611
39243
238169
409531
363642
88164
70228
441149
679211
227731
811206
707327
200569
315489
893042
11140
228390
327536
142205
147092
345905
396096
255791
759196
204204
460701
500118
836449
447724
142569
827337
233186
248091
94914
631818
710730
14183
571663
143621
505551
691741
460140
963765
918314
192464
111
521254
820915
864819
645463
844821
140888
497543
927377
514867
188089
708013
601894
523848
673956
615901
526084
230197
847976
676591
696230
479314
442648
218071
545699
883574
677598
609774
760273
633428
822201
268331
62419
733314
499348
596272
18758
303637
374596
764609
134212
990761
30942
395599
402195
404029
330419
352179
936302
667195
529194
31158
99501
878356
851832
825996
670483
172874
108094
42018
308340
514759
911870
232077
692225
203819
849403
670753
869298
949859
444013
576739
756878
252660
297822
138262
90266
209176
493220
621809
973020
744959
871739
634482
37450
598262
745406
47436
658900
863909
178050
654012
921995
636402
508368
983866
985580
5700
770364
844746
731213
635362
643430
320369
74659
534521
592653
199493
266030
598524
33035
267742
449154
802982
415025
86185
391026
102939
749759
824411
259674
828332
934528
746561
630217
186234
227264
755126
631433
49201
497963
260271
815053
632246
860420
154864
354935
30236
22078
264801
33859
844943
521979
323963
53651
270227
928414
136029
888599
413415
378447
976379
545880
449539
166155
368629
608482
487617
595044
1094
80908
177112
596060
233363
274021
826498
510490
536099
642045
633344
713031
785710
400653
840244
511048
889998
237124
418091
933592
626898
149231
68093
651136
472562
316035
594125
474614
582620
798794
730860
746640
790829
588200
494554
121571
303355
299657
978412
246525
640271
529642
961225
582714
85424
458624
315278
53959
86362
970824
735186
140273
765710
40748
151491
234345
508099
414991
91567
83926
74810
87222
823071
920151
985583
185042
224222
188116
677227
919598
177111
446463
462454
109297
372892
299053
262314
571345
9731
153803
825892
310101
214827
380478
562195
29060
191772
100507
27762
3887
143820
63936
107474
970072
542270
614477
849232
43134
476037
219266
549223
108422
910887
802807
364446
935303
107741
526258
306018
344498
925878
390696
764142
85917
395162
808979
497510
842282
675820
963564
798788
364376
308553
226182
881577
392038
744494
798855
996117
319199
378742
535107
135666
84231
331648
977782
846411
649376
65071
230046
625818
410585
310027
988595
614718
113428
246596
569604
909771
478931
145687
76272
767740
651902
379594
597501
986435
105683
38673
530584
320001
257194
191315
628393
264914
918308
37062
942098
186047
654256
704566
882437
209879
638585
488997
997695
578263
495919
713741
923941
93062
661745
520129
640505
417438
536084
775601
500601
932900
555731
220172
977492
515161
936659
292672
806730
518985
846865
144925
830303
817920
447210
973079
177147
615004
321094
950634
497761
136382
798626
784536
35210
597018
217337
840910
448478
604142
51791
440421
146958
904336
931866
15492
881296
872927
631053
602146
491640
512091
928578
819817
61488
96657
518787
934134
611860
848879
819124
442877
400684
959222
514145
115786
25223
821645
672544
178786
947632
231281
592035
153544
353040
172874
164572
323995
942048
88601
943053
459996
981768
302606
338795
673742
878489
833014
878766
423734
679204
304850
118968
87938
724917
276099
332319
120454
522991
649185
391065
768033
242117
501546
242371
966718
383314
118999
187598
352567
643478
147594
968070
873299
193102
745700
558592
102704
217839
664756
81952
892540
826494
236362
846724
194909
534543
679913
87249
225841
421016
51098
541272
13231
165105
423773
191716
403500
302122
432763
947234
861754
548488
32631
202030
672811
994142
659299
618742
817395
998213
651342
528333
274347
605944
251227
194894
603826
801166
590829
639595
560814
384852
666686
891729
659184
836742
930895
33721
850358
935978
983738
390798
75914
839306
281251
608182
198727
34444
832589
369344
571451
674223
834248
164968
557288
528228
312840
855689
499237
963143
957522
952352
813922
792376
258703
535992
800392
580379
252675
693624
841535
475560
356247
71109
417417
105775
462482
297365
217547
102700
880550
222610
18412
306818
955687
494950
799574
590168
859350
833705
467802
374925
781212
971109
455152
8089
304146
59586
86364
553345
964925
49427
306539
590006
438871
795579
774045
698443
954760
465405
982301
978194
457396
404960
570027
768210
626606
988091
11482
636582
815306
814370
509045
970101
811855
795885
743037
668873
847563
440033
282830
670606
195393
891134
809504
115497
810046
891301
172200
813427
159370
296803
523870
779089
217913
264030
128538
692337
620385
733274
867416
232739
753957
731881
708378
814545
550768
173805
997292
