238
824100
258542
945214
415089
230120
961296
729906
293432
346704
738817
569618
350442
55179
674557
50843
329925
629874
965002
7746
307077
967665
214665
60730
798339
707488
651295
530195
530601
588336
429882
808188
627726
873472
697730
309033
453362
545935
347102
594256
653143
2124
375520
923021
596602
466122
845454
888997
924269
179343
2702
981159
997266
114572
580909
84782
822902
399974
297548
7556
181255
187570
146919
619937
932659
331328
681731
326225
120799
94350
701812
535155
950657
169630
513224
802013
322651
188386
715284
632605
539413
137235
143897
986778
756853
894304
712210
314138
648573
641796
627676
198941
976865
619696
249090
816934
245731
53608
192740
128345
113421
737578
251268
797632
43274
101256
261358
412647
696290
29655
412161
836328
509649
744128
592029
98817
972674
346931
340651
859937
150125
34428
429891
266242
235082
173870
833790
482543
544816
270075
492954
580263
507407
431846
81795
543002
129606
663247
927044
579984
190818
619501
199178
477097
355444
769627
905488
694463
326414
378761
121708
815079
775066
802899
848822
8663
603926
110830
940688
26465
213808
542974
489559
81181
742585
213766
673253
259622
994121
657463
802815
135291
365808
972137
976866
734405
774612
887143
655973
537847
142252
366628
779531
314961
923864
456716
427879
41472
778906
806582
13228
574560
774453
150005
445521
916065
995168
407054
801117
458119
183975
969859
26452
870859
730655
384846
848318
745247
193988
565930
434384
285327
92785
566026
557562
786307
67962
443117
480204
831521
402857
4553
457221
818703
467860
796964
908794
219414
943191
249282
294688
425634
663732
418681
803830
58982
178115
93792
783121
