414
116209
752957
322488
857649
282655
360466
352330
369730
612111
709687
249778
767828
617750
571633
338886
286839
82398
975023
504315
691109
495659
554066
162249
557720
269257
983120
127322
899830
72788
67246
727597
347944
866980
11306
660430
573832
863379
723387
333098
658232
301355
503536
760849
385296
535153
822517
50061
947503
990216
332661
116121
529779
126404
23513
424448
322179
982156
690286
453140
777097
148715
509988
410631
550525
933043
9522
668329
736413
30862
864855
556030
692153
745826
382012
56251
536554
180832
837622
654493
74339
451946
802919
509607
510111
59039
69636
210294
397178
141700
658608
766146
177884
882512
78599
996595
803792
663764
572792
442205
402802
566085
625482
361498
379655
50919
414655
73091
57255
302104
4629
96202
71765
744055
416745
878647
821679
702575
154103
876093
27456
989667
154300
57849
71987
903928
710780
993478
64355
953593
26400
708671
716365
569835
149303
123986
78951
841775
341533
519741
896906
197773
788857
148841
490442
251427
834528
114143
774630
703849
393175
134443
90587
652639
157877
450188
503571
645462
595495
586708
700474
598040
371278
669986
543666
749430
281155
10746
650844
699884
201146
465150
847575
53874
624516
93516
513989
465250
216814
358323
241608
162304
370119
679186
610381
952875
712191
164495
891326
625951
758955
435441
722779
947237
670885
190171
705571
287896
360401
879270
901164
139987
866746
511897
72978
130364
506970
810823
983628
84008
628216
967238
178906
167338
829356
663495
825434
630395
271806
108631
516283
495623
131309
237617
423816
697042
391243
227517
93094
259461
669189
284329
129113
738265
775041
843875
252096
31135
191328
643376
604449
90217
716323
590572
772447
301912
445097
831391
874760
201732
475414
144247
880587
93889
378000
67240
233671
461396
468643
124509
409790
980338
407877
689241
516456
898929
334387
955823
941412
406734
288250
770650
304073
479322
570961
979770
663003
83201
759139
51436
38553
197176
141611
808708
450164
6979
211833
865961
919002
351392
297809
111438
282543
552979
710514
270345
524509
772111
819700
643025
584386
642302
31499
576345
256584
29741
825768
266307
443411
271383
291262
536579
177811
34700
851234
847953
490360
530750
920651
125130
449093
982760
447737
281892
482558
312924
638451
893004
811835
228391
783336
156510
321311
527266
230135
756992
477090
594264
907402
295324
6089
115471
916893
335351
565560
756021
753053
720371
998046
322665
859371
885661
754382
973730
297983
134772
63790
403712
377513
262583
512584
115437
952691
232873
282878
844848
23267
906725
826842
47054
978013
684119
875139
532701
188453
705438
498700
915686
341569
264445
177639
7990
255740
699448
733751
838593
886279
653585
29827
803444
282491
116127
100934
924118
160122
740551
782243
525081
335795
196122
229237
752003
188867
485067
774277
61428
603833
13323
399573
332307
654386
49987
431833
671385
333283
