9080
788974
154844
774761
882233
523747
617679
462939
777853
846054
437611
486104
56962
504018
576482
838966
475448
998979
626174
66710
637764
497067
60934
963072
759865
928706
89737
63208
196725
285146
997194
344786
548635
312784
833415
240849
610344
526430
386472
604459
790644
313038
116481
882264
980039
827081
164100
8553
443926
29006
227590
51910
280921
549054
762476
100496
371274
837715
391730
682021
610171
77617
506775
682945
52756
48277
194025
194625
121577
104298
418280
243971
125492
529402
199450
510506
865780
17153
188395
88830
576737
445790
877694
441328
746442
729059
781076
889275
779789
221899
968663
844453
82674
192139
107396
222564
179109
619521
822516
763230
732879
982857
192005
892809
876240
885039
836265
870578
463707
954174
460171
621273
695021
587767
573721
682424
284907
893981
57330
21988
831511
51053
887342
545805
411950
180652
963140
768416
805794
847832
760796
783243
971055
456256
488306
171936
277340
741680
957091
989843
689105
836292
834328
348830
528143
922013
460748
659268
57999
422194
739835
772913
841531
483390
102185
314304
195843
500823
185291
482391
779806
868447
995990
672109
904542
633107
47139
273196
661037
614337
105852
536434
139881
611158
436422
249585
581658
370069
264394
63349
450188
841060
912354
485766
626126
473857
193404
70627
613957
481361
795470
837807
850541
486489
366806
275944
841198
815750
411020
327249
192791
772774
482536
507762
320249
878009
121417
781750
313634
678562
44361
284658
878965
975160
632346
675525
667747
91642
988828
499098
107144
374303
406335
106890
913380
161226
955984
599071
682996
918300
565026
289203
545004
579684
34394
490936
116820
362097
553622
81809
204540
289033
174138
833372
387613
938802
382425
100627
507470
445293
170941
829000
376543
7170
878036
639630
854230
517046
867255
91702
130372
599898
213463
502007
865346
118078
690694
629351
916109
990722
165984
824934
488316
638092
739668
928986
671130
845461
931283
900180
401060
898782
447443
160273
796832
652929
659520
290269
122392
613538
357568
139474
608882
240516
16801
842943
650669
751608
97314
644836
941754
247280
995291
587609
293364
120305
649
842061
597246
747047
58490
538028
235192
378834
478097
781082
501853
597918
523831
118813
420732
258641
451934
209239
45521
860894
883507
129648
497280
294230
76640
886098
847597
904894
76603
421582
575546
834235
950670
730460
866270
610218
107011
622527
92831
424140
77676
866247
466220
182303
602733
240176
673241
368328
913543
647656
301943
270571
156737
978414
175055
210909
103668
628950
530491
521713
746292
250153
781218
991215
841879
999273
427662
300515
46755
853297
242284
907601
109784
331067
324703
283782
749910
882940
528129
696393
212844
717802
6391
94641
503103
503773
610607
911312
442004
402835
2745
570509
791738
155662
400383
303503
743063
704280
937314
87189
267725
327335
128243
918691
75016
451547
540427
626647
654439
112099
687368
381850
786500
223168
9828
741170
16418
19426
194291
623603
746994
889262
196857
558870
705858
972961
733541
708130
225794
60878
938862
345158
818805
37507
851913
416968
4465
705418
474372
534104
380946
892235
804482
317374
811649
369679
273492
469363
154332
933279
479920
230411
492291
42763
313552
750991
239230
675974
130409
364457
953166
931118
569350
621048
121423
665002
136769
914884
465798
863213
672862
87691
176397
134807
143364
629690
335448
215098
929689
110967
889955
709241
306425
783003
765434
201997
422226
331005
24356
619297
729758
340265
945645
350813
603390
830960
350863
694977
267056
997145
423740
234727
572717
729973
540043
667626
256290
653968
854524
389158
126856
343364
630954
153941
83298
493991
854156
907032
833619
167908
981159
89239
867353
636967
265876
681919
956266
109746
939625
629930
577321
967501
696775
812701
555205
692570
239872
221162
168238
216390
249698
950134
596917
550492
386341
573973
726912
859188
783468
223121
561382
22024
892731
226250
501357
354278
798838
706871
943773
20930
748434
722506
849280
684899
751899
441074
705081
285694
10464
755258
253375
861664
752382
799567
170420
784516
184392
290782
695206
741636
512656
705244
72225
902125
147861
191391
44206
644971
614472
864554
680877
385443
777532
675206
325130
494368
611947
396811
631007
889124
164639
868094
846758
806944
135428
495060
334105
798976
287303
222293
91496
617501
246570
614428
804822
831382
202855
220538
55345
488953
229438
460923
491820
307482
643741
859520
497371
92550
100971
610763
860234
863186
500978
578266
482809
69644
968359
974058
768952
797139
42518
44188
30171
365891
890478
447797
232027
698568
759207
504384
111497
93908
516748
406798
786095
499051
532392
632798
162245
259035
751249
73175
745613
841034
445260
58290
803596
994599
776923
192052
447013
506562
210666
581465
842579
991608
939346
367565
273602
197959
529735
374419
119563
598912
194405
642888
651531
350682
496786
527362
216990
38690
401167
656211
175805
104464
200352
290281
257394
216758
5398
704471
225075
165074
766646
779630
257379
153474
674184
558213
350368
658263
916797
314713
290698
600833
667581
895757
945938
490154
585357
119122
73530
920608
618266
924897
19822
530346
515556
836581
205439
474171
14026
97591
480760
283908
759086
873473
322975
978404
760132
770052
690762
509307
566396
828724
491610
271132
646026
186432
367513
349025
898126
186672
77612
369944
747749
397800
87349
300442
366284
303625
629639
660284
428267
10295
278150
354975
610246
102773
788059
164707
151611
405419
762450
284920
448825
33802
969616
877204
565950
735366
245812
249857
52618
164354
864520
872718
237093
894218
241636
730917
965770
986169
52255
86269
843311
292283
26803
753510
474290
141933
322348
501953
882849
823969
570829
34642
364262
790589
193279
443182
238093
489219
860534
370447
480948
369451
687523
300806
716942
683948
413711
767119
589011
851929
540187
171968
625672
916648
153937
617564
134118
658319
31910
196
165482
608839
984463
918797
844088
363891
197628
684461
398381
625753
578997
646990
620032
876174
330064
920709
161875
854385
547148
532636
597916
444941
19342
379595
873835
28898
851765
955590
727639
970046
978204
599280
371529
84612
378347
761453
26212
232910
594010
761556
870288
745967
972356
783172
482018
810961
859875
42638
3689
414781
666158
223504
56664
841914
640908
837665
574091
103180
805299
698152
241527
897885
926306
389383
839795
796154
467639
74165
507869
432948
437358
176874
793322
364455
234166
616435
634190
810903
97649
927845
742788
101493
37769
474926
835707
43650
490410
364295
333661
882123
929887
559493
834428
683922
96845
960719
567643
788301
844742
233834
139735
948360
856203
458096
234289
250533
577697
975712
10041
289028
796814
336270
479383
953085
391920
7739
756921
190538
701499
376959
374420
358466
638285
614307
149657
169728
532656
231755
209847
231970
706859
582288
633990
284141
121861
148012
60887
551246
484631
510798
646165
411771
54221
750670
426455
102776
719289
812795
489030
860278
76051
717967
202022
605718
248273
527748
784386
426827
247135
890240
962808
432861
352316
614571
793566
957961
767792
450145
132688
117958
834413
980483
766680
432354
530050
371880
22392
824395
774198
647793
804310
320490
625351
751930
241285
519786
625471
689965
101164
261143
758383
927216
723157
735649
252875
670718
588052
719871
278946
180820
689042
262000
466744
512321
760757
638236
382273
627040
796461
279321
893628
6627
36510
634635
970410
411653
441317
991395
679274
651041
646857
71623
888691
620321
262528
163602
541997
167183
719963
241522
413036
442439
734222
197552
206474
353869
56736
301645
879519
96123
383019
967879
201184
368467
481809
788219
696081
130483
748796
120292
159400
493158
44751
713665
629696
708182
62254
117205
530038
880800
554022
984008
862884
54144
325179
397227
543672
79211
889357
80665
310256
369660
517478
12537
741620
566534
66402
282783
662415
108616
485563
49554
43915
888702
912305
553192
142057
497748
615186
128334
471866
674294
569515
986148
779613
801794
667211
85829
37718
188831
316400
5156
119430
841127
821265
112849
156941
854848
859015
103003
302521
916808
627097
103312
456809
193710
219363
107296
369858
679070
485537
869664
623053
888788
724701
929514
538796
216402
465075
163169
860215
811948
390078
429586
341432
946881
764769
685046
71038
447492
784628
249684
616034
564856
83400
511875
111636
161850
253785
489997
207776
40312
384911
88816
934019
145152
311601
574846
752996
917171
16615
846820
349361
220440
348906
21639
162391
857100
550090
804170
983197
533847
412059
547756
894366
874779
782653
793103
735649
242790
511175
150227
413783
406566
875536
281377
901936
230588
108377
958852
305242
417577
208986
678513
964759
510629
578791
783143
778809
999822
361087
912625
190269
86461
746545
634633
657922
769717
659180
368343
536356
468405
93921
258326
460153
929837
89687
968536
838567
975821
701963
511456
883617
848888
159297
701421
573820
482199
78251
8662
549042
715851
245813
586000
479346
144890
96171
190861
579809
867530
738504
285567
746673
439724
230556
672187
195420
700944
723480
451960
1534
250230
42873
384374
53133
375653
790543
615547
720374
299444
627433
890872
761236
164997
882592
294219
718287
506642
590460
285726
399503
571871
865094
111660
565340
901711
108203
2852
444628
712595
465097
853158
854087
882173
72153
216490
574003
848755
19258
522240
675799
767870
75734
965489
792246
683330
298611
638213
569578
214216
642008
30558
175841
337143
527193
128130
274041
418786
374401
5046
387828
464507
599260
597381
671960
148196
194974
143264
930150
764902
460211
163167
537780
491258
751460
235686
366633
751493
152035
162
880021
645474
576627
281587
980907
594455
585974
950692
717083
572776
50133
321877
876880
632266
660614
665658
533443
318256
375421
177532
751290
365570
161073
264765
111585
513260
22793
685113
657603
217811
901219
832776
546597
334689
788289
781311
129471
204289
807441
34039
925080
908775
14104
685285
46845
763782
296058
291368
16285
220773
398056
383394
576068
75084
821414
860797
642738
421208
431736
437711
586136
968942
53800
714968
25454
749772
997175
702248
653108
635579
396766
313054
232003
305313
963647
503371
865678
588531
561517
424948
114298
732871
848788
970550
763480
725319
754247
753092
659259
483522
528421
757068
831227
149660
688422
111992
931524
480038
483463
694609
375259
155144
982544
853117
856367
510683
332415
158185
978520
354387
9427
643138
213614
552089
811574
18204
843464
341559
4871
852278
469072
602157
827460
208917
136448
248416
768913
934668
150459
896498
5991
336349
263690
292589
825500
898490
41201
299800
331850
566500
39342
162796
145247
310005
968525
148001
768065
250233
662955
911201
473883
820214
734277
945822
333833
244940
327611
535807
51228
737655
622951
510133
729354
636210
900244
250156
673333
413430
788957
182750
851350
673057
173668
527745
289158
698865
818731
93409
82281
472623
742162
229960
648439
428904
249646
751065
739880
400662
77698
663164
848252
233182
674076
580659
737764
291955
646222
104395
872720
406936
958984
668463
998550
723138
157583
318615
675964
947739
693596
673565
819042
447715
524435
600112
690511
835569
379742
33057
322646
881944
931942
417819
936420
960165
884206
678000
590057
616068
408715
985486
996641
299265
25348
759952
80062
663852
15234
410481
992884
844887
841460
129691
696480
979769
869058
122589
362326
508789
634859
718972
316101
249204
465725
671200
705737
268782
668464
625071
461454
347464
298784
466615
696155
686552
811686
808453
575170
128516
979793
234643
737315
898824
172998
893085
692440
470038
921265
4628
112576
619863
323815
756460
49131
588368
931546
549008
33375
976800
783288
942325
842821
221861
178016
127244
780083
983679
206529
762641
615383
98796
323857
69313
430716
16403
853544
453544
432124
134108
676151
846808
581571
536188
992743
775542
689211
746830
260818
179758
917018
275933
508824
961030
892100
369662
96927
515728
871965
948890
502827
645946
71407
633610
36950
230527
685173
171035
56620
571200
647874
754160
436133
298477
750801
747143
326272
594781
6570
892628
234616
828926
766381
375369
921957
699942
147006
276279
334322
63816
680461
282894
587127
559746
498816
922944
888819
3218
60672
326148
613607
220777
485597
446327
576785
503256
93215
88221
383748
280871
489322
949316
74656
480645
970828
911689
714356
247193
569767
988212
648621
786038
174070
11583
851064
783854
625725
244916
790780
858046
938577
348788
530285
330214
850625
159187
977295
683996
753440
136033
846920
666966
831920
641476
425247
321349
190573
416065
617495
389218
469491
45081
613794
381920
74956
328784
501572
984641
477146
215049
739077
55557
989597
563980
144786
866173
567522
89258
988210
550525
212361
581432
988192
260911
225521
317814
984393
703685
858562
391252
405411
908422
560342
592010
781735
770250
289797
288037
880813
520449
328779
618658
729251
52461
723352
979123
505258
99440
677429
762206
965710
977663
661518
675397
232095
710326
316000
195584
42224
496006
856896
602470
471724
931657
28165
217963
831120
895350
372307
666979
897416
272880
264773
920997
481450
131705
279606
501963
519753
151811
418540
194581
277751
826151
149282
685741
888283
239343
55089
637317
988715
428493
18394
141596
951685
45551
380082
392672
157168
481770
242922
837358
434730
706195
695738
360501
653101
449133
555818
894008
678659
984508
409533
41393
458498
99256
534970
524691
92199
445981
480792
946985
408587
341215
835397
737946
131076
44411
975507
276685
833435
93673
842048
520233
157797
354478
480736
719797
764416
336653
256233
684831
647468
890077
65179
955032
900035
340406
280138
191068
753750
652933
874569
616719
531046
847040
215733
711555
589436
732403
52699
613654
498149
175352
818439
514105
657102
569604
362346
196171
578552
923870
211879
854499
948439
556652
633146
380973
528845
752038
400645
997803
779070
233451
749689
707421
750351
478258
322013
820220
728256
38169
502142
315872
292452
814681
20339
242817
213049
115227
136524
498842
809064
16227
105751
476905
381786
152043
44750
48467
150388
71819
870368
679461
882033
876179
830810
130870
213787
215355
712818
101864
811494
118322
873840
811917
494249
585810
858234
374502
446265
766837
619194
496646
798372
455137
534318
614869
731975
914782
256075
963440
196685
202793
636623
637934
505348
276033
250274
483966
669789
499486
567208
774188
933184
806081
393062
571202
883850
983974
764686
162187
203108
430807
831272
994419
810945
54747
376095
143434
17332
830411
533862
30951
658347
568196
87237
649897
560332
894840
768324
464345
96042
692511
374642
482475
824420
499724
79186
841571
707098
554010
329571
953557
163469
465733
464075
256004
10066
53396
627359
373996
639219
232948
715409
663516
34082
769249
162039
261498
14619
49917
308148
158250
522325
824515
61061
670090
489316
879829
840298
531093
853934
578289
81454
840615
363655
555458
530453
557855
532972
723475
381410
606624
623577
589726
282434
84402
268423
902211
399640
513991
945734
137812
900390
942487
666034
566861
162133
780780
163989
680801
350753
884666
248921
425647
911651
27558
794408
686291
910780
391143
635106
397849
922139
483210
565818
629645
121516
100431
321390
276526
79582
938353
508000
153281
458830
422147
697046
296513
301845
616374
137227
676723
191915
755767
875439
41496
758902
756789
430338
610492
986547
407040
514504
236460
379392
719757
864298
654789
418627
537046
759081
112358
914235
397214
685439
310727
481889
302546
364308
385891
430842
42635
312410
786897
841276
189361
979141
935409
322266
116665
432618
93825
717870
846990
172595
376783
564034
188558
75389
842633
822011
208299
427150
835440
188899
163058
56118
542635
167058
780584
735425
231160
722935
268752
343701
330301
55560
632650
937775
22461
518276
243862
201333
100326
743201
781557
987831
791750
266712
895856
524422
986334
706441
934642
596145
834959
33419
843728
407897
551409
803988
582889
297968
375235
198658
442281
702802
432444
905988
842535
408383
831232
97128
956526
666485
597614
504705
768857
293030
564246
769012
694936
201755
421832
738527
677391
738789
73480
240103
576925
751163
672797
645917
778106
771893
885576
654157
497593
548900
646546
821986
551725
461004
565566
905017
847464
265151
593758
363136
419678
214614
418114
498187
574569
104015
360331
92467
302758
328190
486941
984235
490236
732017
456243
92448
850429
538405
826700
186316
770724
980126
661699
287064
282494
120551
565692
272812
259046
353510
434938
189332
833129
933787
51278
534544
519368
187509
244074
221560
233627
235281
73172
770762
495570
409744
409654
801618
612695
525203
118290
88628
638799
571862
676306
510425
402752
346150
623101
148980
652749
305024
145350
592368
906268
242312
790783
556728
559960
603299
769131
156258
443474
81777
254128
734521
930882
983786
526507
695077
733548
610068
808158
310585
187486
263838
956612
718041
297046
451356
178438
842502
958528
781856
446150
911752
96028
134705
82648
123319
329662
995371
767952
96357
272623
225075
442998
650283
823729
434068
977366
761743
202272
448123
214452
836879
870324
83147
511453
517581
394339
929118
889497
379222
835171
19481
653117
977104
957005
982443
270941
647040
810973
276706
758942
13366
521238
764074
917736
329045
649283
914594
969275
336323
924055
431900
227993
532009
65270
216049
435745
268327
245325
168575
114940
664408
779676
88321
933232
664573
680596
391753
662610
515976
621274
239516
904856
743239
946411
144234
481229
626027
259227
772968
547549
176309
605750
911564
254928
35516
237575
366629
468308
172125
907446
740116
153650
644287
729356
266666
956323
122625
959059
159776
979644
776579
971993
806893
638212
925774
3283
718152
649894
998433
657949
225082
303809
13849
484639
195102
868573
540859
901772
529656
54905
722145
895812
408752
497920
241088
578393
259818
258457
925394
785519
783491
998877
800164
716029
20521
597412
983422
506608
487127
923256
93162
47726
106668
26411
873379
733239
194215
650629
108571
804456
468545
240085
839977
539930
232103
874984
901518
605351
661331
549464
666466
546188
714182
160892
838240
937834
735204
942461
463115
536359
765547
516552
269819
172146
927185
453343
413191
608995
464634
708875
895760
906176
221971
580588
181224
357276
1166
171568
336990
266073
293178
830306
676455
662991
517502
301146
266987
762565
565810
785171
868457
682012
477209
494425
866247
961228
386111
869409
967354
508933
310380
867891
952590
904247
217474
305794
704274
218221
732984
761244
360932
512020
42739
389180
246421
430298
426238
899261
916792
158834
893862
482601
920332
661684
537973
596592
301251
991136
707913
191412
676974
122051
798799
85313
418760
718194
897377
565146
185564
142259
826234
649390
983251
441276
389394
58410
713438
402067
282331
966888
992828
444180
322774
273925
791528
763601
674130
333776
338083
212883
439426
544797
772761
453951
355898
573818
188851
548820
598854
340857
998008
434641
497639
86380
118240
893236
715371
866415
215543
103900
642663
806559
80683
365904
578260
551593
671666
982552
843460
775613
283226
946569
582271
328288
12334
530975
207038
919713
108482
252738
782787
62051
123356
356203
815891
965657
418815
474080
920658
532241
857877
131995
601145
154407
808440
237449
857398
541338
502365
691246
837280
739643
862301
759077
704020
188225
654369
492933
45105
717946
122986
388640
582190
335132
172987
649957
401939
75578
305955
9573
240410
838802
417387
60658
127395
964931
979352
264611
204622
681883
879197
490293
707193
992398
998560
25548
384406
513604
718311
299927
896871
556553
342431
579025
732121
793832
995465
51811
955706
365073
255297
395942
882777
234231
73197
998343
990905
743159
557182
894596
205553
831730
574822
945939
405539
916987
203094
890657
58519
291756
199154
311415
765875
935763
673620
961913
753753
745354
357946
821577
671197
415908
17293
878088
450977
860995
61071
174268
947087
871687
344160
871245
322227
175649
523244
88170
446771
323589
965748
495433
260459
164606
51448
577483
989865
700059
917502
572477
552642
223623
148930
643643
190607
896055
741691
758575
571336
976636
451653
206263
894331
615928
805935
862181
513448
89069
98211
345632
69948
497521
208686
858599
329384
100286
259180
936950
923806
790438
688273
298305
820200
969443
720278
482525
381412
350476
100990
533950
887328
540644
336451
595419
227534
124237
876578
46830
947492
22298
950848
691863
36627
37378
773367
383200
868833
945199
995010
794971
141221
91382
59521
601064
718559
850466
266920
455251
619761
874921
671050
847386
259582
872832
39486
222091
228062
910026
943275
636108
581691
924395
337654
711989
413515
447100
421124
207063
831978
9687
479854
289248
222739
983569
483009
491670
15802
626311
731374
560513
445898
610769
408789
97574
201078
379732
449256
68717
199230
74036
458239
91364
801664
235942
164344
397084
408760
903651
932553
309361
647574
50488
866404
619368
899451
605754
787333
820913
439183
120792
844059
490059
144129
188297
321617
151366
714524
483300
598391
42084
56451
975886
534098
373081
862025
806989
781692
891698
356527
393083
106041
559122
684411
803159
986520
117590
267121
822390
547331
78298
896945
837399
237475
715093
858348
56403
332082
810784
750468
486835
76190
957012
211968
384156
813655
405200
484840
998373
497206
936346
558979
956809
18633
741853
240107
362232
344575
260752
35082
769608
82413
153528
114355
465544
499962
171267
435871
48181
203437
383765
551234
610502
139793
652193
816137
919138
708675
987437
710515
675506
60824
197751
472777
789904
55213
822454
123131
725790
203596
194681
100697
237748
760247
737004
458474
764657
499541
865850
904941
963762
274870
427532
230058
643937
592837
267438
5875
810597
494793
504979
906428
771063
742551
490287
589460
64085
232728
22722
20799
991567
335603
748789
289330
566846
962071
904989
242539
404436
581926
854556
745962
487119
708609
242854
39823
121288
944492
554977
797073
882792
775454
20774
60696
452729
155176
688933
725753
471898
841791
651493
944140
979085
348392
28584
517994
444075
804287
23660
702728
117559
5923
271374
665579
440271
481281
410122
589575
727806
270588
515677
533240
18031
736566
296011
684636
696316
119870
17085
556811
11941
801558
363842
811571
725341
258271
432950
379221
148733
38051
354176
36310
390300
318399
793461
229891
436854
83371
141722
168868
32648
420520
971206
592571
716670
351941
480614
516698
947588
538509
287514
10334
77049
430096
427645
142155
86402
926668
347459
861189
699195
770552
329467
497705
949255
286766
446451
518
873096
734003
127162
921788
616746
344484
977472
487727
717402
248638
411802
384167
385685
563593
223842
838215
750811
797218
713532
567527
245250
586084
33523
455377
480102
266162
211905
588629
655166
130788
8365
13449
932618
918284
227215
743265
75944
831908
141295
354854
99526
235669
908
768214
46322
291238
382328
630809
341646
139967
495968
191771
129311
968281
520618
687882
287876
667397
775543
887918
389059
952149
302984
793439
216063
923627
242556
541416
772038
337500
811063
769911
609031
780032
228255
141181
161057
947993
154176
623208
706966
762461
461391
933498
897758
5473
916364
881670
791064
697636
950976
811911
280091
561462
895590
162141
449963
764035
367910
673125
491783
800256
752380
470579
884895
760561
840760
909103
356323
404500
753694
133449
782199
547438
272749
748570
822147
813615
817789
146265
925350
865412
978433
694390
762186
182906
874413
647190
16658
488906
753393
680236
919217
935621
17826
372785
327444
169117
945018
642815
552191
215693
966838
87055
867190
337702
530398
155149
655057
150583
271265
16597
866931
101401
7134
215309
266708
843732
870911
586911
850873
396145
398528
813457
466885
455198
432526
74562
514090
475127
917578
561475
688184
85943
271148
9999
731926
641850
420228
319273
490190
123758
571996
482833
97153
864278
235578
83682
515004
190458
296578
934091
124643
760623
538999
340520
436746
570302
822882
556412
159011
650036
308811
526669
246929
762630
683364
173404
799771
79070
823558
344640
561404
921542
808402
669342
372567
326448
399994
200071
963335
538975
269528
239022
946069
270710
366076
543940
23619
612379
599491
467122
652933
658888
449506
34226
474063
903726
625602
239371
313545
533766
81542
188327
984160
826997
697000
741138
655414
897818
450881
491473
527545
835000
692199
233501
879121
660027
689712
666555
164659
35369
926613
507961
179539
677222
502002
585799
945014
824739
322986
411375
480997
310885
606888
682610
534013
640942
129472
590273
367780
313098
61363
644053
780246
364791
182353
241259
281053
916465
65145
834079
780447
600346
49596
435044
797521
324163
795808
639902
442506
801434
867009
282012
152178
321200
280913
280821
818457
968932
559295
331454
351460
573489
127414
286245
944098
310802
442620
91245
558972
268174
830459
121670
182219
327651
627101
225480
746436
522707
156816
910028
984718
670149
810345
54503
508916
783642
697892
909316
518518
466766
584202
832349
340794
615430
812459
291734
906656
606652
646859
373686
342131
714115
476825
48450
615995
311161
31962
312632
652783
474313
873829
111397
294983
16602
812935
428835
155376
539352
547590
412659
892889
851741
302787
667571
337451
637499
551161
81851
96725
637032
265058
231706
893508
782535
609592
85224
292978
5711
297112
436104
894486
744346
822211
349117
905785
662284
401279
57893
318825
751966
557659
784789
31686
905158
481423
303571
498169
154373
466753
662314
284165
236940
741540
430318
633333
997516
111227
786380
138613
703705
742716
109901
996413
331002
610383
176999
671592
288399
295349
439296
484195
350431
927046
378944
823681
691518
946259
412881
342698
872471
943786
593974
143092
503132
775223
59077
672970
860871
927815
771458
27912
772299
732008
287066
86185
74012
399789
428601
432344
259288
332366
24392
557090
825360
802923
387206
575053
932471
203761
1026
23746
96422
967254
697907
516517
453962
485886
930356
656965
640235
122815
945374
641327
628825
559298
413572
381021
334261
296768
718917
53068
616089
892780
697554
493291
669797
379440
429629
439727
950311
933519
793593
884419
669798
68073
661812
248157
985100
888157
127630
582764
737901
5320
51956
454062
574904
950316
423966
316637
660345
836141
103841
195913
818952
988532
439921
489409
304338
974582
249463
952171
249857
95119
305163
143091
734091
263880
446158
199328
640916
676664
798439
765058
833153
460166
818968
764168
107162
243788
60860
641774
144283
167511
606495
435603
143128
402571
76026
574632
97610
630755
616073
437189
251641
5399
717451
800342
603720
958998
493526
931122
714456
508211
450196
490380
441818
934300
665374
854082
962741
734404
5363
154771
247824
202467
770516
525550
307260
359827
845120
279973
354753
824283
366663
424064
147140
898953
890254
156974
622802
741624
417566
506263
163083
111473
752296
267276
961901
206766
869273
707296
830716
17146
462166
405776
416011
529908
80213
72797
690154
831218
866071
774011
368557
214977
524869
3106
970708
40779
763366
652225
843612
820050
266235
538002
336353
671704
612152
119560
620078
69665
781727
342118
929123
689232
6522
590057
579586
259567
407668
396325
910550
369098
812500
10734
536704
373818
688983
219245
48287
387583
342250
731282
817627
323399
977217
227880
519567
134155
273879
122308
191696
505305
83010
216919
731550
955308
983986
374243
477351
666359
392134
310538
413618
575745
416074
860226
992622
616105
915281
277221
924440
121355
74667
516645
371779
143291
727748
297693
871303
109550
854425
13634
399624
225273
986647
768824
42978
73905
459474
815553
834670
730225
813663
961296
936820
619641
827214
767804
753389
394483
387335
980048
600755
444178
294720
606911
719303
156371
574744
746805
947711
567462
738835
853000
439434
640293
67635
474829
774241
288898
948015
475591
910988
58560
866322
652539
498830
221272
222195
814239
930287
633916
129485
750128
703524
81783
606906
613987
202972
634931
22033
118131
947817
99029
994712
467865
150729
322819
522088
595418
483985
536837
563996
332794
838069
573321
458357
790862
718774
464704
653198
435247
972776
240999
957238
563531
962783
597408
821231
278677
921974
423934
779778
171228
283963
65696
613117
848762
863866
187828
534731
375203
200997
639261
403054
503901
458077
646127
862875
787982
207583
431511
890033
509361
491470
104280
988184
950563
587928
447088
246578
422810
860360
724377
32769
318772
455016
702827
252309
300013
958225
878942
45103
24171
464977
270894
87736
927604
756151
96151
493591
564799
289661
78720
857651
974248
500051
72692
357125
713276
150916
296203
215000
897972
513607
806567
802784
150015
826469
756506
873333
120632
30465
356389
719722
90551
131337
994588
735118
530179
407288
374373
998399
915237
731269
520863
483557
974936
817963
137566
524434
36316
653462
142869
800756
468905
369575
747981
466997
684929
517092
428049
362095
975454
676223
945004
708495
614283
492545
974026
800773
131279
983123
421308
379877
667908
413673
654167
886301
991429
924748
461948
337683
53061
585474
120817
286619
111741
83803
617390
272338
264381
454107
400757
428826
345508
594367
878424
639794
188459
32686
720478
762928
217243
658557
31232
466334
93087
947615
570382
195887
432820
458792
129839
72028
870524
363708
690885
923040
214194
894744
650863
940492
491128
822332
207080
657543
152269
173876
237901
46950
768666
80322
197179
166628
905515
610986
373526
606014
74811
650778
763687
427822
276200
102323
840861
805633
565893
179896
413876
336471
837774
216978
390387
465079
3062
747261
710735
283853
363037
337875
707437
739073
455710
578227
277893
606196
972804
886670
118626
450201
175452
630094
258054
923694
204773
143522
161322
741142
739940
65578
210146
295957
202068
507068
912479
835943
780923
888465
314767
24637
515480
550160
887071
348565
477177
235060
628512
904181
296361
90524
688391
57603
720133
128943
913231
747268
659951
941225
335161
927599
845852
111687
684211
96173
845513
340107
339543
955632
59339
332332
317258
734189
961667
980766
971525
822967
142383
342969
975536
941177
71582
412232
12970
636688
551612
946481
781989
294275
7115
615804
233071
281248
205747
257665
321611
298740
8240
693491
55678
613798
99369
715267
91109
628592
129377
252274
339843
864571
545222
879030
215833
485911
410023
959432
608302
60244
125123
736328
998830
243263
164412
544526
50799
686652
286251
751694
463374
606333
175053
474087
688888
490268
884506
293384
829701
271131
601014
25023
543102
59637
658624
436128
495039
225248
582921
558030
996600
501538
757343
795625
818061
367309
665351
599444
989022
298585
629064
762209
923808
29660
258724
736284
797738
379560
612770
209969
600268
158657
529926
515898
301210
824569
209635
692393
610886
957995
841351
761487
414763
908112
444244
733447
666982
6913
282542
771521
67935
858825
106000
46062
549414
318054
74233
208837
324408
862301
308485
709425
995872
519927
521494
372375
766970
623451
527857
455367
319763
726985
685669
810878
643756
499056
989669
662293
315741
985517
117943
955531
759895
860898
181829
349738
839362
617518
355217
479896
752197
67278
550278
581692
127779
296656
753513
610954
930050
420783
527342
662957
549960
245776
875111
902032
249822
714392
964439
236234
578646
218920
286949
153891
985705
180662
763244
801799
23449
261577
126767
327302
480373
625680
900522
356934
601979
369248
143108
780038
673751
921929
792672
344655
1802
845395
821266
854393
208294
606170
427119
212119
132149
218243
389117
841280
347194
489434
728585
136507
816079
534858
136792
517766
968877
650552
516405
574083
32331
769020
720233
187200
4381
630524
733065
219425
621757
101223
656297
988844
357479
681675
377198
955569
929695
384916
219906
715476
207085
649314
788960
810553
817032
889605
963854
6026
100369
195864
266219
21671
825270
233207
982302
350891
515191
562782
807982
123031
947077
496287
815856
570782
718790
253759
551707
339213
602422
453935
818104
158036
456103
505506
481076
467316
948009
200335
928855
700999
246724
551493
256207
601575
566562
459045
37158
680060
408458
909569
435219
621094
873479
731984
682284
364035
196007
177866
954233
552989
38495
23462
74403
81203
225484
980974
909707
843299
405140
955067
585079
631921
650987
305235
699111
328566
359473
406299
243526
698343
268473
224571
839676
967937
842405
206029
291552
782734
559021
645248
694667
19287
431934
585551
806471
419238
770367
731610
687271
505719
483758
451998
946672
99707
448361
757078
225973
723848
470665
782509
90752
430752
490793
723742
682732
218459
287812
523370
133200
154036
904828
264757
594070
572974
575479
643198
395177
587745
684132
521977
106701
515941
631708
612619
844552
842777
937251
780385
637758
475217
91021
936430
26970
112922
880637
947327
83240
202154
666057
657980
464961
997033
853945
397053
583901
164502
492143
844870
338252
5656
447136
645217
544128
375010
858560
505943
86146
155393
136508
322762
518469
491205
469601
90802
624664
866634
358490
82226
902772
650146
647190
311126
720373
92384
191368
64812
804966
991427
892552
172667
332405
166974
790039
96228
29446
58528
758912
136340
611747
987749
560025
870180
706320
705496
482665
983309
178300
665187
482019
745035
520596
635317
471121
142541
914738
920974
308364
697109
180595
153002
487335
762418
403687
742472
646252
305368
112097
621077
891582
589657
585517
965882
114013
263362
757217
726271
673928
624852
90316
330458
944381
294622
258444
812632
334364
976052
725820
344231
572458
482510
976970
536957
59889
162942
951846
649385
246020
109071
312982
988084
903711
214007
868646
7795
924205
732154
331709
784876
344356
753435
205515
917923
954252
638078
778655
292672
556125
263647
23829
398750
883781
589033
452140
458290
975944
227252
810230
863638
668802
248286
486056
931697
494408
191557
525265
244933
736685
380254
312616
594837
851552
372661
933822
518897
43187
147969
811986
380768
840374
942243
43459
70952
421250
345659
41248
883068
871761
508327
932251
938435
439178
136537
184285
37889
927068
308500
677811
605284
85120
436995
42341
313965
638560
116662
386855
868985
820118
491194
146217
14764
55629
163347
37897
767801
797124
905176
983273
469647
811825
770476
348122
428899
711874
188500
935287
955670
577470
952506
297039
218180
744202
861373
323578
129384
504968
666931
721100
53615
153178
52796
107944
486616
372356
931780
91244
898372
15856
868564
98442
227615
174218
939861
813558
23083
500299
320099
70395
604838
63252
373770
537705
898968
884080
811232
892521
847547
476604
930175
978545
954374
167843
336796
174354
928024
303617
2825
831150
471614
939433
874371
458120
830625
907394
752377
343220
997263
879756
623578
397997
247588
663872
624473
845381
971732
896534
850240
720887
74456
466592
300782
199320
243379
803220
929263
143596
465440
103335
270198
463381
386714
877140
84217
270759
775879
612731
840681
821655
443010
815911
148685
979345
936900
99944
376314
641640
302702
85663
634481
888552
982645
567704
749717
548167
667498
184657
954759
500538
786277
165913
928800
59429
706957
263572
215050
562218
517639
933083
969531
564387
269497
33344
342479
781354
796090
406831
801986
329429
24536
964912
787783
88767
635653
168776
383559
131137
815198
554495
62329
177600
309081
554557
997466
166048
691595
10126
500234
588503
545492
250757
161219
858396
559336
345852
144310
333757
322298
265721
785668
393168
954950
836844
223957
318465
317500
571604
444441
891531
336772
371970
421209
641794
215858
276214
296377
798668
778504
362981
550220
173680
403938
305948
100116
67206
85186
641278
223060
263246
841272
945321
975444
688221
386094
626423
723185
782898
583182
13665
198366
130663
967312
618429
278779
893187
670115
587112
202704
593196
743095
467262
789222
616698
107685
477446
394626
166310
245308
844459
869567
544545
600553
602917
837703
439553
888386
931639
922605
821846
699695
256721
231722
689627
3061
337109
462835
658760
315296
495862
344563
956165
938829
19453
209706
556088
112721
630950
536482
843199
192586
436583
998601
334138
13952
261456
684272
495167
1462
745869
495647
115569
775379
934089
832402
755882
293096
181997
511508
46741
573406
427974
556855
856921
681277
397061
251950
501680
134043
949791
750151
995030
866143
985365
387783
684444
479025
662350
250595
59803
103104
561120
909081
461382
410607
78253
1130
650969
971805
750314
231156
76206
93199
408059
291759
69102
615676
170874
936004
775140
388342
980439
88645
339949
601968
846105
895245
324300
411248
761603
730293
330586
969042
12178
205296
280922
455030
407138
743620
21035
706695
603951
300134
372822
96681
83321
356528
86855
809790
381889
184129
503065
879573
209457
419441
491466
293296
259096
528687
287182
818481
585299
779002
227391
576160
901639
911352
148977
769819
659914
509302
361316
366875
394657
431357
387027
358815
617572
105933
490345
895671
233534
395641
666067
593134
109969
558686
466608
580949
552502
493185
187494
92136
826530
523653
828942
211040
413028
587717
700175
580116
371338
198292
361672
526988
161828
515342
360103
954724
524640
282139
535063
773210
646676
630464
167702
20340
915803
909985
722532
109777
388758
541335
213783
822282
605460
639146
903628
592964
541260
823915
877368
479637
81159
60209
233244
6288
832155
838382
198231
901743
888657
956396
26901
493404
648168
143210
959397
336796
381491
702413
790441
749656
632797
236741
835430
862153
199757
717885
309563
14848
194852
422910
205039
861968
465699
546785
823459
145049
408234
183087
61734
340017
360219
699927
617255
187056
171229
493258
119813
329304
688189
184055
758083
366239
34862
650654
291671
449307
323697
870227
874913
949577
777104
130514
371705
520378
35332
990905
646753
665179
293622
167590
476762
157023
735650
209453
285778
591435
74904
939958
506554
878558
819100
545586
316854
301530
280430
4664
179630
961715
279524
134144
147458
478035
79283
4474
190170
288776
139660
402956
252698
882635
208738
918055
96757
248750
730378
678277
726809
204129
222524
544641
525832
321184
80822
152210
853703
44477
822016
517605
857391
828613
919114
984983
140768
25938
881713
263180
644757
236717
989536
962798
26195
726045
988499
365382
470012
610321
335415
105648
537920
485797
713838
426942
729203
818516
257711
603756
460473
356667
881865
362043
76893
108998
248967
719852
531393
177081
899567
323098
538416
970973
183013
694452
292367
917829
807277
489686
555122
128699
302542
547908
83212
788236
659793
276995
142718
121069
199593
103123
955344
522633
916396
406732
202941
61352
329151
523859
172776
795389
691281
315834
390317
458444
568254
770994
853523
699894
285587
705325
144413
204834
859761
562644
903999
167818
143690
603682
488558
790687
107913
489371
985232
22554
284238
905133
792851
511841
77207
247457
674650
419602
656954
859326
933329
922926
126734
67579
798113
401701
605866
579230
969855
463418
424645
627317
222495
538706
692285
624304
524615
883807
869683
389849
525822
362275
761555
486258
794915
762788
588017
512810
913625
672427
450319
145147
763872
877688
356923
893731
905279
552901
346453
787900
913181
488309
613358
979834
927472
227801
482316
406657
341964
510623
893643
291681
364445
842072
744606
706031
591152
136100
973106
982209
831275
236669
382579
410757
140701
133788
449319
261182
92464
609419
69945
956765
316731
63816
247569
622904
652916
287699
475230
168873
747587
953493
608693
699590
274929
966381
397715
802872
44415
671448
748606
824698
392339
165947
756170
760560
1486
911504
641848
43553
556729
34795
466233
509267
816733
310824
107984
946562
985841
727731
418133
897084
637678
112180
562645
442012
880959
726869
455767
13793
487892
910321
128186
122730
699606
795098
870266
241104
546549
58311
268497
638880
89948
315097
668154
143603
793670
8648
751184
481772
636266
568430
125781
22734
456210
959280
437968
932727
825866
140933
939405
676477
751667
416612
28168
248100
916087
17870
694564
781433
7703
820917
988310
458573
309728
812744
416159
221073
475900
746332
7670
206795
670948
297720
694211
966771
62323
453309
380424
482668
212694
114480
622875
342818
98976
768614
846798
726972
696698
647947
894703
67454
631415
43982
289386
402879
358534
168364
68557
265729
594945
710616
608612
115442
938210
536068
28099
259838
813780
298447
662946
214415
154471
11083
185634
63970
101406
869289
955694
172295
910883
663620
460541
52533
683547
766278
107827
711815
773267
959803
656999
924695
563225
401456
912064
141878
876648
783239
299768
947589
477499
776411
80642
26867
823682
94474
378248
432147
587314
662563
579917
992728
620023
437677
169714
500208
315589
981906
721684
384379
986572
392807
271186
425319
850634
951513
372332
510826
514938
694133
623815
153754
323434
908627
909965
64492
964778
775520
322993
630407
914720
716935
775760
946948
986041
47164
752179
744901
772602
798949
276209
260655
965876
346981
390705
721925
432598
242373
527054
960674
469981
116097
245139
961043
143654
690541
337381
302158
356835
954562
83456
690131
833772
280521
862553
794590
212781
888483
242851
321222
175230
959411
67758
901109
869712
838952
644201
394116
273474
820970
178376
195763
5331
8160
975297
802626
422066
558108
648432
118190
419122
462564
212250
887307
288153
7198
854094
759867
869528
405079
649703
876680
479892
76720
458991
965284
37987
389861
482974
300090
914130
580027
739008
440496
186083
670790
44148
785916
880276
573588
271824
466656
185050
950457
404194
313795
93485
350392
23954
255342
567420
218571
777251
567455
45762
783568
167192
420365
319664
424528
281907
628665
225674
42476
157912
59118
61326
406630
781585
75989
690446
843529
67563
70583
288223
877302
29501
38351
718186
497165
306888
254859
279648
274356
332794
90399
478026
113671
922253
412678
865214
764252
289420
575511
685613
638833
43574
408128
910362
910005
649147
531425
64293
910768
149987
763463
545797
44751
419598
958979
941333
584400
866838
573799
851013
423366
704400
681756
430769
310217
275762
642019
641998
994686
200974
319974
722049
523135
366909
107194
614602
669158
716183
563316
123549
705659
725918
655461
390417
99511
98362
277747
965809
389877
631839
667669
151281
18292
87051
882922
333306
286475
648939
725943
996198
312874
836317
404091
227464
349128
845392
673521
446050
482799
773320
664930
950330
824160
598526
676836
932166
98467
20708
666930
604676
756400
217542
854377
32358
913267
182412
240221
428971
643904
433564
354326
454025
53139
571100
150570
173254
519618
455893
542008
563238
152897
668467
229950
49791
267026
202665
331608
483560
205319
403761
508566
824720
39861
661041
702008
282091
608823
795833
189961
835462
760668
142441
81045
471356
986478
872240
581063
132225
75936
112367
318052
989147
128275
534843
459614
992689
702085
658754
312086
452924
770006
630789
308977
265114
904824
765315
644053
414593
87731
39670
910209
368592
372243
736758
291463
4417
717039
587644
955174
163451
446102
890498
194120
714820
938903
856005
591124
306708
507757
554348
938097
478789
23301
649603
801177
342182
398766
901152
374613
169774
926940
819366
874203
2061
836889
199208
774336
545246
655881
823333
678939
88761
251352
482609
820984
186854
999234
4661
796726
358380
503166
129805
293566
867271
383112
927375
673184
616695
86410
386987
471051
6005
682150
540334
435881
927105
409570
382113
731157
847382
288049
993166
899450
968063
716634
813986
957193
665860
784007
324142
724182
222140
845037
191624
769552
106950
597970
448974
886107
329043
397312
260810
731212
498202
286852
581233
535296
797231
586275
388742
546521
763502
115035
103132
403542
64401
328785
660536
605902
805281
340380
108820
871433
56330
611180
462592
402747
301191
182104
820772
716254
811388
935428
760800
254443
794466
51051
471700
821684
121884
489487
811387
675809
256937
47162
659186
817093
40563
393007
42327
413596
584836
590770
767437
569956
629848
132529
594203
424212
808781
654990
803508
903357
322422
714506
67217
335292
781904
929167
771066
707097
845196
422170
568037
810240
910667
765699
293301
75673
580008
124458
200227
974406
562414
586496
499834
220537
192234
946351
295740
218031
89436
974375
950626
941068
406279
610182
883841
2900
474536
387619
233288
576067
73667
815736
497702
126539
741016
920425
882248
97704
788405
219893
217600
494433
866149
519416
287425
719517
625222
981658
896711
39262
241272
388248
839188
571679
772146
901421
117140
791302
12270
319580
705570
991238
374468
510045
136099
264917
378005
845986
678928
310724
503134
29828
225106
845312
603052
200719
651782
137443
290542
947558
607712
527352
521126
996629
824491
292298
501818
61361
9454
933415
947367
199662
182379
604086
837141
231165
217281
973426
230277
564639
740209
380162
350694
47243
930429
912375
524168
715960
472236
522785
290024
404744
345451
11534
844265
601489
674701
712416
359716
924936
435315
7946
592918
965644
691271
996199
738616
81037
290210
415223
820460
307799
269198
758518
228435
643967
985829
946523
975483
612648
924440
539818
356534
523570
59980
160758
168838
880961
88926
857527
914484
818469
422855
559043
691519
689195
366811
291052
389874
159487
192108
658551
235918
356668
32011
567860
566887
90898
295086
47167
687115
780435
961581
617105
706268
8922
724199
941955
604991
818968
382721
226017
893869
484284
550926
881447
662311
875519
741835
147291
520518
616393
571329
895046
749936
885315
9101
492048
81831
760506
223676
328759
430011
798444
498320
577324
940128
809779
825568
759306
277914
877387
24347
988339
122261
967298
22253
484041
102801
584699
259514
555206
106618
516062
652551
709945
911125
671904
55672
845662
45335
129514
682932
120280
314704
589672
686436
195917
422788
381105
520091
581726
431898
103502
18320
324994
822318
296617
30534
882430
901761
149268
617228
982019
409424
419186
280416
695076
32194
681542
509231
521842
308154
127382
568376
299253
121101
411707
696974
241097
390733
795848
739452
218644
804676
365525
943490
808672
81021
129127
901694
651673
639611
262525
167718
771300
169933
424185
74674
630105
401657
131754
675415
986015
841109
506994
104749
305891
786678
154520
208562
409973
759999
925613
542183
34943
628315
458003
969240
186850
999941
737134
463673
30062
50820
212139
799212
603774
465269
958824
347424
326702
640192
462271
646483
377467
315245
273714
126967
160949
213135
654452
565747
295075
277342
373330
319872
297843
129315
466109
493492
495964
75340
827188
739420
528338
322847
320978
225665
983333
204555
834993
615501
753527
616410
140282
325127
9624
331779
71243
202363
712768
460381
635395
283765
312424
985581
89069
861867
995653
8096
934406
177082
92386
844244
833772
286665
89944
908048
147686
337738
784429
802965
766346
489439
758727
474572
468111
937561
494539
756254
76784
623451
888023
709922
666168
517661
529176
352497
705136
209612
353864
835926
294499
763471
80391
694946
560523
24421
576853
204828
410842
61994
86314
429845
18278
608505
426098
385240
808113
431786
782441
120704
951124
340092
720718
517477
875912
812430
485511
844718
972561
755016
692305
594762
162568
680343
689633
394426
165507
26389
420892
719046
640163
535558
225264
82192
69817
305150
290381
309765
97429
881505
407236
580975
199917
245827
705018
900391
103911
719406
497864
616104
14980
422785
561395
134527
764968
877493
984195
878303
10378
317435
116994
127378
551284
501569
362578
68681
924215
609876
473643
487700
394415
128032
967217
589229
687982
887250
187950
230638
291080
791774
858289
59363
200251
318812
252162
609786
848184
126477
939392
692311
49810
316860
398298
820932
598530
987392
754214
933510
849685
723870
778913
389002
813043
624075
458884
958078
983052
527567
922431
446269
338592
380932
547860
152034
731371
560638
3603
415614
651436
360325
562734
761700
372241
637565
606008
834465
833025
72807
889023
725385
416005
864768
704898
3628
874516
868359
329616
221672
336185
51420
594752
68440
626403
942788
427975
567594
371465
639369
100153
750031
945400
605822
186399
165003
280890
950240
420977
772204
873381
104472
492144
739031
765053
260062
319842
112253
148742
74807
801707
937453
138795
452831
741317
536900
227844
432321
265820
966463
986184
349218
150153
963057
584527
923166
901992
399248
722305
916043
724632
86569
828897
902266
782542
85492
889776
382812
670934
665474
574655
465280
464296
219474
336469
902778
443619
769284
38840
371616
401256
248357
154780
281198
417942
48681
478309
389129
683165
649526
58971
118880
239873
869852
73705
895535
693805
767651
467218
302302
85553
889406
390513
796870
202074
179675
384810
563411
961517
751452
86835
38852
247872
468191
49529
466191
624372
636025
886832
636642
585106
386498
222138
837253
432129
31498
620595
414747
832738
2794
281751
793352
360904
918004
161297
447340
326487
666124
260193
916492
177464
122704
81384
101842
239222
484403
481939
65835
833656
894503
939042
470606
115547
66360
372244
691805
92267
439286
25649
684131
237695
181195
751411
625982
361838
86379
710418
800534
912881
425576
881707
871179
946327
406501
268364
85101
838175
565155
86494
467492
972149
970871
377199
458352
780748
289564
677916
870795
277780
962469
532824
584171
103640
973643
429979
646436
703288
947044
886889
255337
183550
948533
71677
353331
805214
268766
173010
314170
926031
563443
383759
852192
720896
536492
302029
79981
253945
800370
282438
780341
321359
60569
912859
664150
208835
525933
161217
358686
644664
103781
269514
305673
736976
869429
90892
674151
556194
774527
744688
948188
640281
17385
268441
839617
687276
572170
398766
82281
718773
75965
421510
370686
746801
561560
221999
859145
759187
965815
757915
944464
68869
128177
837352
956633
986492
532972
581578
445773
110902
352013
226967
685944
272019
982919
442223
638765
950413
975765
778374
32775
253398
919939
564944
207369
285005
698277
477064
908007
32348
382443
816732
783774
320432
613901
479096
211646
543254
984800
52397
694408
436975
107915
560254
109234
448464
144531
336967
537287
722168
374673
816011
822635
36782
801926
258712
447356
764599
301509
315737
90261
374065
634638
476088
315820
997455
248251
501422
215899
30642
742739
901992
69500
53792
980925
862551
470765
22307
691086
433621
536754
94465
695683
506543
886074
79315
463242
154451
331130
651716
153211
769431
114934
477928
631652
342563
531230
635382
283073
394493
117973
653668
57803
886447
701388
179101
599271
122647
315597
115362
502399
6091
522836
771386
423342
399078
688727
546647
203285
26740
226919
817223
12747
759734
779247
566419
926385
491154
190232
893624
695906
727258
104079
487231
792266
674359
704030
588475
623694
356978
449015
385375
584553
907998
97744
920313
746519
564902
612391
483983
882857
75951
707239
632980
901369
805545
393699
404423
395576
470519
188479
52265
946723
234488
85102
617497
820180
845810
358933
864013
696309
429851
868751
610671
815951
169923
398538
7826
811712
46305
461582
290191
190027
251576
46750
230144
27018
551909
264439
534169
36222
865736
263285
593374
908551
517261
458133
453060
692143
848150
329685
486696
874912
17222
331064
301734
458486
672237
544997
754648
766447
436939
497263
788587
41151
213955
301488
21087
352896
411422
269070
55195
979783
578616
200351
510634
393682
484235
815145
856534
208029
108246
106754
899743
287636
70313
44694
212376
430370
144784
138759
624415
654695
877657
543343
531191
244425
545412
423873
997828
937186
510983
679053
978594
204375
952955
929954
768993
821064
791910
915469
642145
672227
68837
97344
801159
76819
455478
965966
328793
344086
144032
392019
300668
840749
249279
38577
52487
396716
887216
828277
646915
883825
718421
690007
126273
686769
166405
705376
492632
897518
221907
632122
220357
603386
782003
407283
759459
675682
672708
856317
436824
69649
693037
828482
415940
231793
808410
101935
42925
940409
508720
353392
64435
170683
329425
800718
514011
565386
523646
721187
120007
893702
950104
693558
795782
198406
65343
461879
295112
186464
937435
618648
135210
478679
415673
711621
199216
11426
651405
597058
323344
876117
639830
675936
902251
234735
327007
705436
885783
135807
242977
541460
226327
447091
23174
948519
34092
932542
209864
797992
988612
277157
232184
454781
447121
439143
747483
641626
557045
17671
194671
686102
177881
577015
278987
274599
927197
322851
558628
348479
429226
982231
909803
591170
885091
92813
747028
219362
542649
575959
62002
547225
231069
644709
579774
28418
184017
246644
16567
182421
398936
595603
694691
949501
5580
837331
937267
775128
72846
500363
805764
114890
84375
459205
782530
618046
399533
116553
194727
327162
473650
551875
116001
869086
75671
918291
754962
602361
944941
245810
167793
119560
541340
420732
812814
325388
103020
812254
767922
442503
966529
686172
252068
854931
720292
761983
48520
345566
134267
832858
947491
174405
845083
149240
131642
491276
971892
523684
348375
388920
767531
851221
384941
281353
730821
685619
565075
75800
434110
7626
819884
216200
641210
96650
713640
657580
838163
234808
237795
328629
21265
796214
490539
935510
933175
950377
942623
122870
79802
785868
147634
120017
253261
738577
84239
959212
872087
578095
246679
476915
433478
551757
65413
358449
756861
576649
991987
943594
423337
40485
362678
246680
174321
76494
265187
776897
765580
542475
786101
227505
95596
51263
995719
356825
294296
817114
184635
799876
144215
80290
916349
131762
690312
876697
787106
849747
531023
395916
156906
619937
15146
129272
721444
539610
164513
406041
890097
586777
136988
993104
502752
669456
624526
564528
319353
470052
241871
339557
396629
878629
772680
477505
920746
359785
731207
714340
673637
77252
989555
998024
337584
259429
409305
85415
460627
128272
887780
227593
6070
169075
823596
478765
545413
170664
712229
136083
232748
908806
610872
113444
493505
760740
493358
802367
462402
921452
101705
149153
78643
786775
730349
345520
992682
858122
447291
174884
768614
379661
60799
97491
969881
94244
770943
906391
538118
287820
276276
342174
762309
558355
938517
627981
797348
31316
933966
374354
240424
623502
612240
822213
315377
164129
458178
505017
623227
265060
85461
336165
311552
124005
890741
153258
942715
948798
513307
491649
512904
4176
794239
319427
163048
935519
466667
118739
131104
558666
556651
274603
552960
357349
301024
191874
852865
245493
196020
24727
62600
542599
969384
921309
882311
563693
209802
321987
860355
143638
501058
362911
213360
972233
859274
706422
421368
472958
43646
547882
436378
127961
34377
497857
570543
501764
175807
592910
613256
587943
234825
970174
143924
646279
804283
765569
226334
135992
12546
44050
510546
702848
241337
703781
690400
887498
959514
147053
718745
575684
464145
136711
922679
292053
155756
72390
71193
242366
90799
705115
268779
523724
596229
654241
330084
904439
779729
40003
47849
169499
810849
868427
779535
742096
830340
790471
833981
898664
190386
875481
598128
446340
799722
617500
718873
108947
712729
660847
215585
804456
918838
885791
541772
419959
946283
737973
80891
817389
208685
47128
258380
272361
293548
530657
522140
731290
684454
763962
229740
665206
125334
961009
803809
970132
912651
233887
768677
63718
916691
841647
398444
955479
342358
911693
987985
907645
374974
862189
757726
303483
286228
185077
438314
219894
65318
771592
699101
930482
375588
68080
533327
131272
135819
569127
13327
401222
247801
362434
679296
7907
281118
256827
656349
198813
455955
35801
364700
50673
208517
682558
977905
101238
997194
789389
442665
704791
75796
318646
588919
322603
469123
785887
555212
718067
451476
464240
471775
821359
455031
915451
650572
87133
548991
440455
537304
459215
20467
551672
449427
614952
203777
468188
604630
200115
692562
855892
736236
168479
964409
26077
234253
523227
531460
641978
895878
330634
22389
881408
420020
138339
289611
815933
37166
333352
988601
578886
690243
524993
44984
541788
410713
146741
128312
587322
474100
427332
396529
444990
454743
298851
324377
628721
28229
768916
238318
190517
356896
364898
252338
770570
876275
471158
179639
253757
474891
212633
446736
918893
236415
694407
373223
747963
662225
830956
402413
72909
790893
30654
69740
32447
97230
772662
817016
269224
986240
398956
972740
996228
836992
300174
468752
409795
440511
624060
267712
177517
960197
772163
24968
107632
507891
851765
212292
593032
236257
995170
512292
460809
907686
384501
766725
156044
75253
147948
558042
507892
124964
350261
138313
288540
971273
553570
263634
776543
641533
751049
21482
305987
755458
840891
676838
566018
469825
943967
731219
775543
705899
393578
67042
453154
256898
339196
233152
263447
180784
353946
164868
269577
174037
694724
478466
59631
386270
305395
87548
869713
503120
436337
285752
55089
116581
763988
944493
539224
575245
919448
471063
564796
77589
300184
561322
141771
921381
46377
848227
568534
107107
10900
748857
560605
231414
157037
561907
348211
83685
521044
230931
338766
103773
154568
34288
468141
297361
674595
387297
49766
754556
453110
373845
185227
748674
669377
749120
507704
618676
943887
523248
559868
855731
347372
215742
318946
784108
740356
274143
320027
439937
976602
542106
965513
871880
794145
948692
447146
892524
913851
476935
880543
902961
100939
623057
835736
853590
785593
886761
807839
258899
314945
494380
903165
614530
169464
576405
969036
287066
267037
958796
534107
883477
644440
467221
485687
874484
560338
664297
183580
588313
857392
471906
205752
404497
953197
652047
314712
838581
365906
390759
394226
850789
359637
973467
192142
554613
819980
467716
11729
427556
994508
630396
522087
704263
369954
990408
263180
292421
359725
6643
144952
637307
922838
725814
186341
219392
521070
865874
894462
843266
700770
946688
485925
46799
4189
758464
446177
98416
476923
651023
515107
143920
793381
320628
618675
24634
941005
183288
336764
405408
146184
731445
6128
708088
500099
203975
49817
589793
121891
563744
154174
696291
764029
131000
118830
36340
124462
283681
940011
204631
376537
818808
378806
682656
753531
881591
72500
771538
546604
367272
835834
345257
297269
353268
972922
73587
160776
172186
879881
530840
694048
705723
62284
397691
746614
320337
237311
12665
958173
917056
911073
444495
539195
928069
826240
409880
385124
635083
277276
522739
628308
754396
88763
260931
788617
895924
83144
43472
77819
257330
177833
299850
365177
651112
115484
666286
723041
146513
578316
504258
62140
828066
533430
742074
805364
63865
375986
791933
345714
799026
446881
772609
473688
668249
329202
284434
496856
346041
481680
382386
855087
131091
297324
421915
548162
904618
759842
908384
708883
853435
828106
377969
360160
200779
703966
324157
505240
156632
139203
483186
49723
276273
443446
490144
849677
374242
578644
424891
816886
446599
509510
357759
665273
49153
552775
726318
404879
801479
188691
800565
687519
101588
342509
157613
801309
821310
160589
883197
758588
615207
276069
681116
581969
867724
369487
161972
312582
391867
930709
198050
374967
644577
930268
289818
503404
46209
717485
972072
190579
488033
777425
707738
190815
270633
367128
43462
108544
994424
949852
506355
682793
902157
588574
781001
651591
894816
709345
557975
998056
626152
347498
605230
25740
454407
280231
592093
470102
711763
967916
449668
402781
354946
649752
434263
247008
823857
418134
296305
35606
781457
896832
721554
355810
964527
496157
691895
434149
445598
726603
545365
565358
627714
556024
774833
240012
721020
959306
189791
171781
197101
830495
222933
668639
901865
127662
638314
245339
752058
907596
156849
945537
271694
250443
221100
509335
84094
167997
221551
784875
931963
175382
433811
287440
338519
961263
68755
610213
322541
731943
518086
1680
811311
606180
8057
402634
99274
957815
304616
160916
514168
878110
637145
290440
214114
117091
820438
69066
73391
782241
65349
659421
83053
14758
37605
59538
402075
112436
57831
518811
639952
271074
804583
576381
793356
227296
280645
256932
918746
965592
63972
374224
852190
233583
668159
781165
124672
819370
958307
873537
682229
593198
999821
221439
575335
992799
27488
844344
613121
567850
95619
43441
204504
993503
248597
188175
961721
184822
735822
721967
48971
744051
758643
589522
797921
372259
763125
878710
771871
359686
180647
550144
953349
762631
348570
506964
899165
152038
972055
741895
361021
711478
745657
550316
517114
37954
135140
148427
206377
986443
573990
528816
697683
215149
915048
655199
730292
524192
255184
310629
56304
831833
127351
146825
289619
814608
199746
967522
600387
496349
386335
832322
314821
14076
170270
758416
681704
970799
2537
77620
144977
527299
56226
55915
162788
321386
800215
929786
381773
436871
563684
863742
156840
307273
894502
777570
98515
873966
509335
888491
965837
561065
38795
16941
59083
513375
386246
925089
208791
961290
794808
341774
227237
147968
652886
259939
907636
622414
738389
837351
699165
667198
616517
103751
554428
767481
415817
539918
213560
881157
890607
555380
927280
987886
102000
435981
422339
836931
612869
502434
18556
70008
133091
337437
323673
507049
749270
996573
758326
54782
305718
230186
464155
156201
817479
149122
289823
216652
121459
282770
893047
205176
191260
877120
278431
904913
725217
884645
887139
927693
905071
333336
65098
621275
88193
341285
573216
271776
206133
898141
899487
14876
72524
777351
539321
573611
104254
593908
615301
102120
132408
842417
464899
749228
338483
208213
463245
180660
483378
354873
45533
730465
493400
416391
807349
590680
39459
437227
453551
623241
830089
641127
795873
121357
223661
127811
390252
330729
551422
99297
429346
882416
863021
579823
745041
807300
971721
693301
389872
130365
182584
124494
234277
130146
761940
563315
170353
691027
649247
197427
692089
416138
666149
156095
879730
915254
373613
746593
847591
846791
711259
650445
556266
255880
577381
837072
3797
576997
376048
261541
717755
547214
960198
906662
248177
916276
31158
370528
902258
407985
662089
153407
948723
414724
363676
456424
262084
592377
612511
427430
530720
581735
754280
416635
776081
184083
772085
727768
640386
874227
39740
627049
654051
702220
323249
546695
69619
352188
495060
854289
454381
668756
597427
602837
306513
470749
135555
729575
726157
673404
779607
27476
642184
740720
27451
858481
797452
510391
610928
297548
19917
373328
225027
971844
804954
119964
63180
295541
839775
384926
832448
916363
191572
140321
168948
912056
985094
875705
85103
596224
195648
869793
65770
813105
227542
810436
412134
856689
882765
856983
702378
633007
985770
310691
613976
700284
470934
839328
461739
597938
329642
976125
168720
669458
223773
415421
466653
834156
443783
73275
799154
631927
419729
723854
228971
60480
453116
120007
1599
218687
481674
731479
863544
693574
469069
452174
771343
745171
480522
31870
922275
522628
489224
975550
31894
364266
920699
573386
127172
969974
641992
644232
505121
56655
747381
26405
622446
267206
381871
978974
578264
977889
484086
232155
743277
222612
388009
171189
427835
945358
951657
490713
990279
190894
241837
180996
724583
790742
629474
497902
521533
884888
722044
651523
559632
752270
118430
459532
450312
716870
152738
643629
57670
783385
448901
577223
464478
316061
513458
823293
998578
654896
271465
58836
119468
298101
709388
908148
755607
346395
173510
20555
545627
630168
914713
610641
788563
767990
529474
49638
286796
942084
174410
376791
601373
82285
99372
232703
60126
553957
271582
2506
405638
776511
774654
862485
990629
149915
584666
779505
73082
866237
358108
17543
460850
952826
670928
16405
289470
350028
330964
845590
339279
187588
787995
466752
663857
130846
597981
897063
510273
854896
865567
421183
586700
993917
254810
483966
445190
307878
228939
55968
971620
799616
871766
103236
722966
164737
728792
847860
52708
910163
417416
890818
295076
837259
944136
659789
388246
158003
669710
404579
572764
311619
916137
442689
373209
493871
141619
103093
69668
298714
622226
573028
219241
181416
775978
342312
508316
445553
275939
211345
143067
904017
314194
936845
206368
612252
734534
