1884
507326
527716
77668
320385
468941
96382
862256
924321
36779
782774
604789
411916
409934
296447
429565
37894
704310
430171
961258
73138
217711
628234
238396
982233
116643
636956
983744
101065
820505
336232
217302
218650
803022
138197
966813
416524
657454
239637
993853
900876
591919
402738
860688
202965
616715
651136
528494
775987
532632
881778
822291
821027
121157
975817
938223
351639
187379
608103
438283
462742
541549
313282
31315
257791
122118
347956
724740
797677
81294
671535
334578
613558
403312
629773
31926
570446
709483
348101
491892
421385
129963
936570
82629
899070
320899
824493
741829
768455
770826
721427
4794
115556
659407
855170
109919
459327
459770
889604
273613
125194
976960
590222
421317
995908
446594
301323
235228
567195
781507
712465
572675
154668
26372
737845
56562
808102
871614
814586
64369
616140
272571
116836
474755
116633
586962
437675
990383
467453
237501
692683
650156
541766
457176
916792
108712
726810
544889
447343
244149
703968
964006
232872
380113
62847
104951
547240
375056
972990
630409
633714
495144
183371
777500
508573
465753
513047
114698
593409
374071
926366
931749
397963
293653
147076
91435
539952
423248
922139
708264
576126
384821
776322
894249
85646
470096
932903
451224
74454
388114
194860
767801
220187
215709
993639
313216
733123
909232
170244
799756
96072
496746
93318
681156
970761
936188
665834
844813
946299
657264
145324
80165
370684
891088
97315
490271
865544
868980
701575
379259
103940
367340
101203
377057
608440
594246
801413
787578
382362
319484
779075
597932
771269
630397
946136
614448
547529
614934
344347
182289
749084
804477
184304
461570
177773
362746
714344
297308
461145
18099
688772
983860
447799
439826
408023
669014
321870
410580
585353
596896
812838
265585
783287
356540
675707
33252
527032
804219
675790
384790
784763
916875
733399
39211
951180
311317
521941
781288
548149
140853
973317
102782
872769
477015
261041
773176
179868
814314
727839
577598
338902
457284
887466
108228
583750
484818
935663
449554
551947
424954
525726
538608
778926
354063
185392
569837
762723
520368
477623
661452
966894
286014
876433
285708
367267
893815
199414
557267
803782
371124
587249
526006
210768
102907
544300
194215
565011
583298
921123
221052
321589
955201
462395
109528
694360
147378
836011
666744
161818
629544
419096
178524
864184
936201
673599
906511
169165
549930
390540
688085
575609
392965
598983
249009
540892
331289
614062
61136
980354
348831
530141
784725
479769
682084
302186
331842
343517
803080
670541
351936
701524
141329
210236
882379
172149
787180
245590
520316
911972
639618
345717
215604
418456
991219
975398
781410
213598
693490
915701
550642
691894
78845
906977
429395
8027
119159
864494
933026
856097
608547
607386
459384
721014
20415
288487
67149
264010
887739
857303
967943
889931
297877
521526
591843
827977
323026
627153
985790
389881
15002
84356
350145
89301
360049
721393
791399
34848
792014
978701
351597
165448
144410
657108
226197
51428
92102
188637
80470
922524
490313
145352
637859
800359
286773
403859
166614
237231
255861
444492
707705
622290
947045
840865
508529
543426
611086
849043
739976
430220
584380
113417
753429
818166
605886
630593
352650
360769
243898
862689
288346
132493
855402
443051
956037
11420
80503
856207
803585
804590
621040
24347
819719
250828
897639
797454
831223
973153
842344
645706
969000
731138
223063
846567
555664
12239
838693
65828
11277
199793
557679
54008
110414
922819
366067
21127
453088
97165
58287
892272
554713
137579
143896
10243
987291
214156
509428
835792
863749
979862
949588
688026
847612
336103
356082
761515
683665
474743
635107
769217
808464
883161
81528
918502
514596
130720
727031
84061
477546
545182
95985
549304
226064
210824
381120
590599
454313
272629
66335
439467
107473
29701
864998
493640
206136
481502
449504
511064
884620
469970
260938
706333
793223
38877
113899
216430
262034
51978
441163
812979
748053
117044
429073
963756
969308
416170
949244
413611
66855
901356
283454
82466
889230
236178
118128
256855
701007
3340
113974
78580
192438
228868
242673
827322
418471
345824
774618
751254
545995
693219
403265
582412
322773
832307
482256
26224
355957
564065
144179
636679
340372
189283
702906
495856
223265
58056
47371
696758
495317
249928
756033
31041
508913
352809
921631
902308
103110
826587
797344
864707
812113
640432
321708
924063
219774
385594
262311
204544
55885
149187
986468
288254
85906
907555
134647
929899
556118
452738
606312
694304
56027
753323
933636
952611
993533
855368
760205
705330
471156
464192
970961
706414
494198
784170
370456
262119
643258
351468
686327
670336
51862
526580
462977
916607
251337
818834
140509
381172
703253
913073
507187
276290
628741
876529
410176
14223
436429
15010
299722
793476
479182
868766
377517
664577
681144
787203
642067
746593
345546
843851
134530
988068
896437
725323
28431
275839
787486
301573
854320
933949
697155
530665
881455
115088
799477
247855
613051
756728
96387
833610
239705
82319
155383
501833
300215
783534
104826
77711
732321
582720
181330
673837
22157
830049
539212
519513
423824
211186
892725
885646
889971
891900
228226
438399
705249
530558
154959
62584
920759
789333
335236
468692
576254
699590
136084
976085
681333
203499
754591
703523
303366
222712
453880
618148
810011
129770
159552
322740
930698
292811
642161
370881
375660
855012
404471
35654
454475
12351
327800
350882
280633
139927
88053
10132
508669
781982
652296
500630
112169
166827
168589
397395
478087
979647
957021
684165
730226
708402
677046
540655
816512
371135
94070
358068
622429
996008
558982
652691
321075
873735
307220
482624
445381
14899
594616
389664
440795
770059
158776
838560
615640
872674
356391
501425
379111
669575
768040
580900
419988
476015
975888
731039
811063
886722
484585
777658
685194
925247
141395
428729
477532
902668
600518
716389
570271
455518
839602
583241
688091
106625
758727
969606
388485
594820
931217
877972
423466
30597
533306
588693
884934
138645
676211
91159
610482
36295
644910
445415
107129
951322
173507
14732
739019
980864
241842
18087
814666
854730
188616
11621
861186
14963
271002
232414
81398
98822
455214
777805
951189
751916
86586
922284
854156
251158
586628
367084
895925
438595
441384
419534
491116
799342
788856
71649
306498
412696
873725
374680
402315
370541
59996
782855
955154
131478
256468
622842
613613
969498
59748
563954
838507
214449
658186
721533
785001
619367
350885
639345
576068
362026
889020
966469
385384
692208
369175
626059
5575
58567
421195
410254
202342
650746
498132
34884
82577
185501
876186
153648
852463
655990
533462
360087
895920
841416
253262
19164
521122
786301
579516
465146
413475
132015
771533
393630
898097
53075
183045
123167
861022
759874
871359
46235
187231
101413
782546
120047
526787
180669
937680
755730
376448
427149
463336
750799
669096
127780
751787
172637
18556
835019
790059
766108
809367
132871
451200
909038
77067
440011
235876
435312
10441
19389
834878
333140
927865
368611
683772
955100
693610
427242
773017
789813
227171
560851
712702
177518
639128
345082
112261
436563
45176
602628
414040
817834
135779
793125
799672
315145
632889
618188
7642
437010
691982
38635
539947
424589
998266
716710
526068
762208
128588
239511
723225
263213
104542
894588
403196
66184
211139
892414
297087
384788
177117
818399
350886
370553
95308
328895
638746
409475
361793
380618
983689
215386
636592
494337
510059
271898
417380
979684
445984
295567
883628
418745
454517
329998
452723
708092
880838
617842
716717
290083
334397
603826
186798
881997
366584
289820
177301
470726
400201
990512
460965
539129
73303
716315
116084
57395
59809
297423
967867
81936
6819
40763
269262
303108
913553
274220
407591
869128
506176
651136
106587
433886
68836
105154
695214
631235
457524
459111
657986
399409
328298
668516
445482
565774
723238
993258
748572
330804
88946
886591
617349
262942
525280
63290
217975
799339
114512
678427
216702
376722
592078
852997
722512
844899
597848
41561
281250
906550
862845
686127
664343
599858
770528
928755
572179
567996
49820
88026
123246
399289
727170
407744
718533
387778
655933
84512
353258
399652
114263
9839
488059
683920
583828
466773
759440
245285
298812
691401
757134
981080
369014
256519
298264
87486
690896
188977
832422
783414
51547
285312
18989
346934
630003
534309
860862
896048
753245
304896
218795
82272
172169
555323
427747
770805
419574
388549
192415
711385
156149
230567
515381
140319
583045
73092
308106
905481
107933
338225
353701
310258
422025
613615
122206
870174
739884
963969
533749
934812
491428
3758
246079
746262
712458
577813
840954
676917
518616
668200
73602
956595
130214
805063
943773
545598
367117
573241
885936
27270
820652
335305
50005
200804
959753
719931
691332
440550
247375
505577
924973
482747
294581
337215
849448
758904
20288
952335
285380
718532
146271
33106
712316
387750
760756
678716
493576
410665
568882
453883
365007
660714
640993
445195
1145
463422
447422
539896
720547
399298
370432
726578
497964
821824
926518
396294
710508
612218
576844
56191
308165
616279
275757
718488
643409
225895
975682
492188
815803
814933
651544
305436
239145
244904
234335
894861
178967
42101
775246
145468
180991
732517
366500
255598
187892
902111
439946
495960
837135
502738
291669
491575
900608
889376
826663
804045
609478
335146
487221
982650
354489
895220
652323
700467
435204
979509
597322
68897
967921
220926
435676
67928
179421
261828
977119
194610
474762
537740
383445
207944
164691
20402
243197
644108
585466
94805
465841
471686
233309
148642
877040
167593
367752
706876
236918
995153
423780
14021
143752
928348
836300
489676
327564
380194
612608
933843
556308
284370
977202
594107
171579
657194
931838
564494
898280
106514
140279
849449
719472
155094
802269
917060
915928
152831
562474
914336
271671
618124
164747
234955
911418
780050
932652
834387
415362
443757
386348
172293
951592
81314
439600
391776
843616
980371
311123
32219
356283
905501
535035
246224
712966
126738
677511
890692
474320
855566
352996
151059
237001
72120
792959
98493
278918
7511
381909
5383
116002
643854
581158
649103
395838
338678
338055
683376
534440
178774
487127
652557
6745
110145
440457
471422
640280
42125
749729
373141
667389
449771
700730
725260
576784
70184
269571
126476
483280
283135
924938
177564
671631
821976
633520
281636
922810
111649
716157
330845
719607
2504
218316
674520
178919
178066
434279
397799
926475
437851
166893
290348
623683
981354
996016
478652
405360
704816
577307
447855
379
291038
708752
588166
700975
49440
12880
34426
277186
870521
286740
490269
139889
745404
879160
618927
852041
748516
908951
280768
119681
990673
43122
533116
422916
901855
135369
540056
85070
268005
44876
938072
726188
767687
34603
115834
154789
680057
848778
528834
479095
337872
632656
627875
663482
751110
240671
900935
259362
656906
30174
528444
927264
959298
374129
847675
239079
320990
26506
682965
710476
718682
182617
83772
184326
634896
740383
804459
97109
227511
668192
391795
366784
980924
287991
396451
729590
535547
960131
565140
971158
428954
913215
58446
14090
354498
64624
983386
136334
981499
968631
61606
528527
219299
130950
700174
887278
516043
410095
811981
759779
489135
17624
379775
179327
129807
401931
441042
180617
365806
743850
326025
67722
930854
980864
146796
944997
612070
515122
453904
4830
600010
198868
616382
134587
287125
38296
537283
207559
311950
864801
303956
4531
141556
679029
470747
699224
234654
701329
581410
806552
808308
186391
302747
693218
15428
924707
961673
889363
157634
902459
6415
763770
315743
993828
825107
702516
629124
215313
255119
467958
29163
29687
837492
25641
321114
770492
920699
951408
264958
584973
309321
663493
798752
315535
928445
117761
873350
298989
523866
502586
506984
634192
187980
573574
668749
2733
541849
441566
526146
636856
640613
574431
864119
304630
591841
911082
421430
957104
935314
429418
796801
549251
727993
137077
263110
264660
201061
729420
347649
848610
417489
922493
611119
235060
103610
864360
587882
906737
377794
636382
769894
638478
258938
802660
925254
88865
187472
607768
261276
579285
855252
877995
209660
229175
388136
296396
31483
265324
43268
697958
436937
436997
829284
171583
834920
538155
336847
955265
326536
989685
489859
332054
959873
91480
510018
94572
694636
711038
286387
65432
953246
342255
858487
602839
505666
189036
435337
509167
466514
120091
422161
372275
278258
126364
436293
27046
664169
438969
611132
941047
538941
969660
944017
667691
575145
739803
890544
639321
742013
480655
748224
300942
273555
439299
823405
369489
369257
8295
203089
831040
482784
577315
774270
316889
802320
439593
73066
747541
529861
274275
384760
38702
787867
741964
584479
855042
922417
982747
210233
349775
47565
759385
665706
804766
954636
752532
414635
731261
751172
404524
149874
558052
986424
218890
477760
761978
450103
290865
279942
431279
360849
796588
448245
881225
127479
964647
863137
289277
120558
786842
111697
107123
642480
441184
439525
704365
354975
454758
689380
626176
176486
266046
209186
716736
967343
668179
760778
659770
398330
450743
532750
165466
770144
289816
808104
205997
183013
908306
207563
304833
183475
141662
479147
31785
858233
132135
667174
302429
790112
