6405
46713
308189
652569
78313
608695
187677
338816
405601
62925
407851
864004
495808
382479
169851
572858
143117
202896
41808
440311
322208
606021
387336
328756
218305
762423
616655
26459
784879
859940
711796
483504
613756
297139
145240
680287
906517
43283
999426
907102
390816
8175
265488
96638
460798
569871
18889
476564
991216
9294
175821
786494
257621
309044
165229
332948
615313
225328
754775
312877
173578
937203
859114
870155
315788
876395
13032
427108
819085
778906
845257
439246
630794
509587
96428
474310
597135
303633
543721
68508
39830
284020
797122
198655
951559
879897
329335
21153
918110
729236
504952
925190
105579
590221
386485
407278
280242
226036
415058
778333
397746
801314
150966
818244
315843
225037
745667
51917
726296
369256
235296
235272
934565
132885
239985
744941
724698
273544
643112
431629
242061
403065
512501
111450
374197
369349
598937
12559
788114
208034
857880
417213
470699
779581
544653
584180
862831
954354
291927
498954
209661
275879
43377
519883
577791
92550
869664
707261
281649
402197
996229
421198
477760
32563
982034
982492
62605
559857
573209
962785
685584
163146
153088
948922
826137
471809
135057
190866
231026
218198
922990
238063
186913
488228
832610
970713
267338
385242
316370
989602
679472
25235
147218
70679
36124
309717
120788
634497
349590
823203
746811
172952
297040
22911
437005
959813
256739
211136
376007
639250
433777
322571
62347
114417
129897
589105
245685
256998
655784
483557
624971
972817
981693
197912
177874
854364
496709
504115
162045
575165
632501
607088
654273
612904
193142
439126
983940
622997
356779
625231
258803
7401
889742
428775
561331
821380
871992
81571
944367
498470
860863
112700
258448
630014
535865
700535
310027
126033
646367
977954
30611
6019
676493
549740
461232
54278
719270
32354
220840
337308
650197
370690
672473
4426
969966
625342
338792
184027
149170
219790
290324
74189
331058
693618
49764
284637
453002
542787
179327
303594
937487
90293
359450
990088
819331
881900
841931
373220
411717
76151
19133
461647
954950
199021
993852
544873
900853
940002
791920
453675
231037
512262
338407
629136
280548
805339
294923
563745
775956
415826
307891
370268
238455
461313
893652
377600
849659
241282
491032
118008
756021
849386
769735
468257
143713
874020
812834
190458
797576
869994
883535
976615
801914
221023
465965
961890
559227
826572
572425
961279
718842
801270
1258
558041
650876
76760
82055
715166
587992
517443
175065
246901
185883
38734
55371
256775
42763
649659
567309
514161
602441
434151
967815
135492
30032
500525
20267
691831
895834
858137
56739
47466
275297
897156
575018
314967
488194
752401
23478
363927
265086
592770
221971
581839
424219
547640
851339
919925
825320
984901
149761
200834
153693
677935
645342
272438
533920
81540
798178
774723
739684
661141
41820
484439
734252
782544
358581
101897
837422
20414
601183
930066
466709
615690
916026
810073
551675
578318
88223
994011
171864
939908
717346
159273
118486
36439
630129
373393
594744
609369
346874
377407
6804
122168
459066
113600
882734
159440
309539
929442
859443
564122
447337
557816
603151
626945
419114
640634
476715
912533
824440
341449
462534
423448
202884
784655
322479
985718
274600
421381
922972
442835
319568
197326
911210
773244
20102
83137
254898
988223
37658
863492
264836
279254
443626
571667
883075
369214
16403
728032
59997
251750
482612
48981
527077
655107
896092
596597
874958
684928
454224
825760
160454
331411
883834
647093
830764
949163
447024
641873
494448
113413
609056
271030
113478
627678
220566
810632
878471
87107
745514
905840
46564
4036
698569
730851
763527
693319
749662
317181
768392
259704
973148
433799
149768
401374
249131
953432
357038
818121
294252
513559
559932
24039
782187
882846
614093
891959
435424
166650
215149
173717
538018
619535
772373
146803
861353
616537
553537
591784
130814
188493
993392
807330
897
692125
593080
554616
776022
18779
61635
96858
630574
551285
865833
656618
313005
421086
404972
851875
533117
764494
256842
567543
429487
244639
448195
928760
618057
162136
951271
813612
225584
212999
386138
300291
412787
443911
290152
754148
375473
465570
265599
170019
888553
958415
966861
530063
182748
943580
106359
839465
941537
360743
910898
845679
259909
710854
428290
972949
441308
381702
736589
38805
12649
200785
612059
973534
468389
881449
466989
40296
236720
955537
664503
448807
941841
133066
771770
210269
109547
29434
232834
730442
959487
703658
206201
147519
253464
50086
49063
424593
713815
25863
770567
106920
293787
914509
667847
741047
700684
814182
2331
633862
887173
656652
878078
874282
308828
714442
348678
584535
922191
900574
462242
737740
693516
661178
607155
343788
572316
152357
34245
598125
908270
414975
944233
705897
137276
152033
159984
252754
528796
994018
71814
286339
31845
985079
986344
78193
2428
670962
63683
949312
956090
868203
780971
396146
654651
342524
838260
3386
847878
380197
404657
603631
153492
864848
298823
261468
567231
443120
846892
275060
48712
468674
591874
651682
822917
396662
990282
8575
604325
270119
958150
104029
474914
231556
18480
479872
371330
824403
222736
121900
555273
619852
470846
988826
59454
505377
321012
572740
698584
683805
990287
228063
96645
828778
852386
937833
745304
133293
128183
343704
338189
475660
975651
29298
114425
17935
611013
209339
178579
67044
499035
164296
979736
962045
395712
360434
379488
789844
246150
99302
281531
835790
773932
752090
555783
450301
759740
645210
63186
822592
181956
436224
628966
742853
329454
669314
770229
175023
499838
194661
23394
918482
889768
836560
509866
401307
356364
21115
316909
462541
183631
576262
626205
563494
629719
208870
288514
794272
621475
486842
366183
646931
737220
463868
399524
855544
817787
331347
56777
539080
62449
799172
511780
79746
491917
720585
875632
230284
530677
585786
832346
118961
348389
731752
322352
517897
729253
113929
442857
636406
508650
395469
94731
947530
753483
77647
918781
932358
214238
607655
759337
320830
210991
723292
357517
936280
239580
539895
909471
805427
977424
613490
13723
289700
754778
783311
437354
459931
219241
503622
351664
223204
741542
810390
812274
685321
218926
805693
34339
605525
605931
12611
275466
916276
621774
943024
138001
284855
89899
903069
670379
138483
792048
767720
446947
535177
892675
134849
574654
30656
655096
749729
191565
5133
436716
51291
744081
402293
566209
987275
760394
16009
323189
44138
500382
555344
517537
450564
451811
730499
43148
612608
574729
892082
959786
828766
165607
194884
218804
303424
214304
491803
858213
275999
430897
878038
144718
742878
775451
719472
238294
847995
864615
654214
882386
509410
898075
471669
162557
767772
383351
756897
255188
967844
439148
455827
164305
979802
601370
532986
499457
46609
659204
14994
709828
754947
906579
707298
516449
620836
134787
688223
368131
268691
261230
311342
938516
274861
369139
812103
328757
425276
820163
270581
369623
149645
432008
204474
810041
748767
597042
22095
746430
203319
67231
875912
466666
690257
239013
105494
707321
806833
987007
547367
706460
48343
919443
745512
701905
280464
271644
583722
23709
469161
659065
884002
589481
50111
35089
771211
836535
289394
903969
219622
226367
284280
121763
811617
660330
995789
294172
976470
162922
235912
711811
627946
761588
926089
127113
360406
979099
978319
369545
307842
771402
64102
832270
286861
935902
249469
946555
306793
393630
834390
356571
4324
292248
710550
435270
250113
289561
443836
81836
665733
109768
461743
772161
951245
991071
646319
720709
376668
677895
551854
352367
293299
991376
705848
124213
578329
762698
823500
281531
531770
825026
938703
851349
85292
157468
867094
911419
670348
759754
77281
217352
8071
140134
254504
489646
523509
336178
135693
88763
270559
354793
461232
249728
551329
963329
432033
4579
916459
425216
527088
524675
127393
316472
25761
650179
903843
426657
804412
356598
932583
984529
138176
237797
465153
854810
740151
606271
356612
193792
337701
788766
254403
677525
900186
482546
813360
86323
93287
604876
644838
656022
63021
551433
886914
564884
11217
906329
611628
798009
624395
213483
59316
365379
731294
448951
127639
18166
332322
720423
701792
410973
191869
904867
122411
675295
62704
874487
804869
978170
688077
227555
540207
192990
275975
884928
820033
530344
360482
31114
121516
326137
710473
413198
150104
933363
134910
273841
774572
418320
656556
443866
878507
102494
688728
404541
491131
158811
190326
587525
909570
902121
823256
31389
700841
597870
562561
217756
403266
725386
838232
865035
169286
889142
511160
284115
681527
107254
461028
517640
895396
755962
299864
498316
479883
876567
585786
399585
85144
477085
76463
697615
834956
229972
172939
282094
72249
294552
657504
38609
397930
521742
881015
526031
997151
797954
749661
775471
457397
38879
184852
166831
703844
74761
552619
983985
140579
661531
682920
824323
737510
574840
351329
661769
570055
552592
964970
197450
450115
248753
988712
7443
683227
27079
956164
193035
917274
544498
56060
57749
460470
731522
736275
621083
49040
867602
459432
136766
1366
711806
791461
436375
533576
190466
60366
392552
697367
343216
80185
841316
735017
449165
571997
468183
755066
142729
412994
566643
176988
659418
607320
986937
256287
843636
927908
877632
31051
175335
346005
741029
63178
280212
328117
398160
185891
34445
670459
740318
225953
784521
761021
808368
697106
579072
507394
226320
272683
380713
287605
199675
24137
806734
837046
76367
912978
912776
896075
279186
317434
361373
720372
998364
910818
18610
439068
566499
938010
493870
402347
517473
680583
730222
285753
696100
443488
842270
269852
431345
623826
57978
730786
955798
204932
922657
375066
619851
924148
519571
361997
181636
615168
846087
584714
84630
522369
979500
912415
944707
928338
866490
794596
610340
162990
732339
219377
47410
395575
979451
863151
273136
152211
348049
258700
17913
694641
74985
187592
485921
745834
519080
504045
21771
105218
582459
637915
162951
415565
862292
489985
744677
755822
120835
855400
436827
283643
686637
760937
498702
903740
733227
735487
750464
854483
899201
692087
442839
631861
399353
561668
932550
623958
244891
84783
501018
868963
458828
921387
52323
814441
442305
516550
160509
767315
120478
700668
557114
934800
158191
183846
914926
502739
562113
845712
188054
804852
604382
820135
134949
230900
337828
544913
223789
617630
649793
123671
718246
662792
410189
322941
966623
734713
564548
86515
817534
997732
472479
427108
179189
515859
710669
209131
795523
255391
613843
720165
956580
16539
323197
14497
496919
315985
241792
942132
201482
141860
484590
955370
91555
913493
71060
974871
163949
56736
967411
331787
769373
733766
290905
504291
817409
549030
46556
86140
503812
187973
914931
562051
392160
932781
173873
273640
564832
317233
924319
218161
142545
928142
995252
801003
556165
930988
391603
157243
960707
451780
703842
919698
882958
377565
617250
689151
231440
616495
922160
638878
963491
846568
106999
351406
853373
518156
973519
766400
656885
823031
191318
310412
636726
988094
560105
659614
453183
374580
638720
997293
459796
426696
745251
12236
608068
221388
141453
688378
583640
687888
586140
405332
80469
977837
726385
95722
494126
881374
84842
2094
604554
725000
995129
92936
586413
740250
296289
196231
661765
420175
131469
575923
676244
672848
731981
984382
618484
234807
194285
277849
523980
998191
541876
807842
50062
748983
252534
358586
337578
982021
894806
336309
981010
435719
893916
70315
488555
492740
704367
597291
873101
181025
779695
510159
507767
369920
488241
250923
33874
213827
622104
653599
715424
54318
539020
998220
102081
673899
797786
135203
320610
483238
346920
619609
362946
986457
453651
206711
158754
991010
863975
291853
238601
894863
167674
426375
841137
88316
199973
107095
349778
328084
671328
592658
966728
290227
117817
54039
451427
627564
664049
973225
737483
524838
72755
181918
687758
361185
472242
664625
221128
550359
405982
156530
610862
233725
695682
745948
797815
966568
95549
873927
882919
160781
467867
172468
387448
367073
898959
464134
137512
304991
377359
342352
817562
805864
413580
959817
611433
259652
244365
64348
589392
573638
780967
167964
28015
478286
233883
525205
919163
454632
116428
926590
120837
564946
473563
522186
339685
605531
779041
965277
879875
128167
654728
863708
924225
456783
688390
573981
380040
482277
1271
38654
328174
137429
689750
924561
568833
847591
579417
993333
490931
946656
443494
641920
521442
45128
923125
714328
222722
63175
2371
151713
11945
303209
430639
206224
535030
770177
868406
386014
701919
260457
38470
537113
792982
224999
293888
132116
640536
595179
229583
308095
487186
397877
980640
196241
53360
471763
467005
786401
923587
711304
589322
952213
980045
972680
135962
875505
843052
270112
432558
54481
395105
725043
371212
262130
248509
184351
202681
122218
349927
744255
441875
813304
973644
380041
275789
635190
964195
837334
984071
673963
100508
354946
59273
781885
535012
583529
232732
186051
172183
574610
145797
586681
643011
385640
725023
952717
380053
996579
109332
621974
274531
269126
289975
579492
130453
604609
817409
22770
609712
247094
378215
535288
681345
554201
189972
692317
456354
88560
903240
609610
399148
596794
952972
471386
254265
682668
988625
218221
538004
351062
269029
621916
153536
719460
261329
93510
381538
335425
833873
764297
412811
500630
446640
856653
547750
805104
940672
196474
419963
625152
413235
790537
771229
88188
475418
660152
628918
935778
903799
703447
588013
367452
109824
109696
789425
872575
79603
2404
528933
883629
468304
943168
210472
973403
84920
916526
663231
238189
862624
961111
365666
413053
825650
486342
730720
487995
459584
662296
401775
626670
897509
999952
912468
189913
201786
189383
542379
828537
937906
587968
993684
861226
907219
896921
952506
89128
858065
63070
256129
641971
869577
239352
688204
194829
741271
44419
618728
81821
344724
102909
53720
947446
85551
110745
501309
809905
358951
295476
198882
649654
989602
459103
94434
131354
917357
356186
337334
895906
646737
383266
413791
356966
364814
785250
666412
797265
422647
32901
385705
564485
364393
263723
716516
3483
804009
341049
710493
146760
99545
629003
47561
410075
282583
196869
916227
902754
787251
724807
348624
462125
822986
250750
764365
43690
630083
795927
428407
235439
461286
727823
632279
781463
701588
185126
233032
125251
443047
742451
142502
840450
657255
721040
34901
724363
787621
897205
798763
135399
324152
922850
278011
376108
919377
36342
667903
33763
283645
15581
605921
617611
311736
205351
303974
521591
694056
103859
90807
605714
324861
819594
678158
982019
481570
316424
840762
431467
197216
182708
251342
541259
543120
985265
550572
803907
278587
860814
815209
227957
418448
318008
910173
363848
368960
584655
520010
390281
125946
648085
578343
546667
785854
51907
48712
810927
740128
737718
517419
914271
491483
948550
585377
281780
58640
641656
520022
945175
876250
157513
950464
675460
678606
836522
560416
839947
428948
483404
703160
152241
987868
786385
749322
261491
819328
448930
206408
29930
244725
634782
466653
319818
405356
290031
522646
71172
684747
135353
713839
916364
444419
884780
66998
896308
728589
735929
52254
854135
758022
401890
843683
416339
356005
919657
191316
205069
504149
986090
137218
86872
510131
829061
111171
898768
760934
455715
133025
541461
572666
335528
515653
382729
358907
563329
205162
78945
466473
262283
954609
316460
319764
417151
528339
903143
857763
987962
911070
928530
172192
922986
877789
589425
765486
256914
565654
472220
670677
618683
144493
696771
929662
962104
513318
872066
220538
905044
712840
624861
143484
859802
589852
368792
476135
567168
903893
685366
455426
198192
554505
867084
333833
409268
162205
623872
353437
633342
323648
611235
878043
557266
811790
504233
719945
786129
660308
841345
341741
410467
9075
901013
441720
251071
233309
117600
591199
458330
183869
887718
583819
267306
456243
51093
195046
24469
301629
718390
800854
869883
230257
630160
778055
960157
524454
57881
705504
118376
869427
202202
62743
345954
941263
271262
33632
601712
207320
109526
787584
312321
568303
681996
728705
118619
278208
159362
43070
139264
644831
400743
673886
421436
260238
997685
47069
658894
902555
538986
850310
598576
82022
707872
238525
243077
41728
801931
156792
940703
955056
475471
273358
614250
685263
76220
407912
693304
578771
787815
738388
708137
301736
504422
793080
446390
323898
638567
34211
152539
389968
418477
735231
823391
758226
890664
131427
525441
632747
880625
176197
473344
207945
648671
339212
583879
671041
392584
378884
523636
575184
270488
892651
353092
564092
635271
577128
699100
19098
754682
359707
333558
609768
649336
764751
976806
601754
361991
695372
775624
932914
224291
275722
328649
404872
466010
117312
784398
72681
671687
502042
401604
364316
511976
178312
794885
231104
996382
739507
891236
120401
383874
916874
993237
961929
329118
835003
361404
391907
289103
640702
442576
553850
181877
595403
97452
39568
910740
621612
381618
27244
319690
910572
531868
703259
540461
35055
210080
549142
313088
628891
34879
834628
438418
771764
273579
819606
607156
793606
219475
501072
332501
406971
91020
351080
524348
79628
223197
325191
107616
98900
769639
525036
67303
385089
780079
862704
621242
442531
353866
56420
730689
242599
221796
760854
415872
982813
284268
33139
290829
393524
618528
617542
563821
883656
156720
116190
980235
771154
346962
303438
475796
79550
134369
589838
302514
583770
307442
974783
123554
442730
255862
492684
165108
432856
417157
518700
589535
220040
731533
548995
631102
358858
692054
121128
7915
555177
596593
852098
291254
168864
308925
689099
585091
320748
932565
673911
518909
830205
529561
970029
431546
924870
67224
293748
109933
269748
722135
277289
871298
598587
613952
820076
676314
238987
748458
82331
550947
426529
273601
595254
398994
260282
169490
642786
300800
900387
504950
100809
333983
854829
748952
557854
92183
94524
62500
438462
576257
662398
69197
821682
735871
403000
511931
298257
34165
694779
800656
528770
570793
438646
622038
49888
249779
970661
534022
893558
50144
752487
245111
526761
41257
643118
209954
730741
556363
688912
661966
978640
358083
620474
935324
487274
202920
287491
460465
750998
522084
991390
160059
720706
900752
919082
433122
220130
246956
254116
151949
724332
344568
738812
164110
97020
183345
73861
794603
762903
542507
294661
223178
470476
914183
643116
586040
795190
429650
399650
768406
692895
258491
119353
156896
340991
933806
751362
117211
690658
288657
248507
499355
274471
5402
809190
76270
973604
756939
860404
591849
961575
640523
91616
951117
409048
673634
911705
592084
243066
877649
234839
649950
59536
707852
573199
88435
79644
707349
63297
20916
166850
903926
425199
54179
286924
63643
698024
853643
721543
373321
118466
820302
102090
440127
84645
766857
858646
794280
60996
138534
993049
541113
708391
639101
578061
617581
111204
809895
649213
997659
503149
122722
16296
72432
384322
587610
590782
428495
447879
79642
1095
599874
335024
329998
328163
932251
761496
40116
275500
24747
270449
410335
100728
847454
245910
300008
314618
974130
852541
873393
678408
943890
649224
881623
4407
44435
161274
631732
28386
746378
345351
771341
987658
126279
382020
170271
219607
951155
755005
829377
722557
986689
803109
868406
92218
488468
673128
334737
467579
687405
257437
152965
618270
230863
941911
13320
162194
909746
80603
512420
248667
414239
422379
304730
359282
857006
61953
638515
710793
307866
931351
240612
211244
913406
544547
667549
794755
505647
640225
954222
304948
425205
477448
141526
10277
219622
330910
804970
331807
716001
219239
944031
265166
848740
467961
539444
332005
599563
600171
911422
791006
95142
548075
908049
435295
4917
956655
768712
286520
822402
747588
64882
863881
241371
588738
930137
119809
218539
830433
873840
262465
106997
384420
803800
494751
491500
605299
179151
681030
228081
603654
222518
506490
585641
707325
273405
180601
559546
384334
356589
165373
448675
402262
816529
310750
223157
646416
891906
127765
87730
338659
497230
449564
321025
700949
435332
561008
972106
281246
782367
104056
540788
130007
491341
228032
301625
944273
241882
512670
336418
391490
369790
583989
197860
146907
351487
965208
899607
752693
401028
589446
598479
495977
968056
524179
29401
680446
582743
996584
523540
50109
459864
308833
527401
641185
146103
285652
775976
627115
152990
254578
276224
31697
434479
407685
76123
850262
111217
181017
832660
782581
452692
967927
544214
578551
841826
353036
985938
481700
952005
775593
522652
991766
804271
959204
297699
551081
299882
770715
321227
557646
291644
209816
674921
500991
328822
654992
184026
853773
147929
178310
871168
672469
572838
918349
188250
979729
307393
172522
680127
522186
272129
228632
348471
87659
957207
90660
969078
625137
603928
286905
653430
187199
583272
224694
977328
725326
785477
224443
192438
12418
59117
896131
554928
497047
825005
646699
430385
988410
30856
563985
703157
927860
598016
336920
914617
198401
974019
57351
215287
137343
585333
901329
491325
680322
894614
283055
441897
977348
439376
740585
494275
560890
959776
149237
763383
429249
74334
84918
244845
311863
443370
750501
117639
752359
80437
278221
839670
31964
711593
112112
225082
166678
498294
397319
814132
142875
485819
702183
876329
780644
178957
784319
832405
521144
44838
935998
448937
553943
832301
42385
902500
509964
149277
414794
23817
518118
494037
31772
422466
197120
628220
616067
903825
749051
241487
309121
905327
17997
35529
779266
277059
908723
930094
209761
87040
902594
738355
17859
647643
113691
227789
239137
431720
304701
196372
773220
227600
108661
585300
38761
320753
633008
8433
168676
870546
783153
370804
840032
407873
293661
333622
440932
55948
671476
974311
747314
88344
829210
785723
35433
607201
575571
755123
315466
477966
637582
48260
138199
974256
368344
407461
568983
805847
254769
714362
981815
861457
46524
498328
464331
518272
361743
677749
474161
268951
747307
699693
856790
104881
139141
161587
125074
577869
64643
632082
141487
689450
184066
288031
318471
365691
667732
893630
175755
433224
491655
263949
690656
732705
161760
368432
896291
453695
74215
774010
662157
104952
400860
369716
834034
259166
264071
273614
810468
851510
716589
255007
750260
665040
99550
154843
376984
876103
111020
253328
628072
223703
8502
435676
892227
33110
607522
418223
841103
959825
98025
825081
50653
252676
148299
357488
585834
717173
679204
400191
590913
430829
880663
943758
472766
977300
156966
779114
422830
936744
676388
385234
676307
227866
221569
298269
55364
78021
163333
367947
949360
960971
983448
253286
151875
364238
324541
816148
141985
837640
534879
652924
739215
815944
176388
202003
598321
463434
763102
152514
48238
651761
612864
917110
164335
150115
579502
668803
256455
658561
431885
877493
782381
414402
236793
94773
180836
815019
679797
331029
515515
866413
956925
525880
279920
133722
982328
783713
14832
951109
719370
443734
414074
713974
188357
294640
40609
290567
704063
512130
737520
219295
762430
167460
301224
306952
499024
446875
327396
723694
779960
589734
587486
917622
12290
485992
628106
769976
647800
340397
596512
88667
443053
467290
529463
837260
661494
562870
650253
611994
714233
801423
257379
89522
284381
320778
399237
725042
565217
37515
995239
203179
952649
517629
438059
270968
761650
601150
572032
795381
332871
711018
702244
479390
933004
465411
565449
258054
186392
131130
475158
640945
893727
836380
846916
895566
825645
418076
56425
165076
830063
44025
625682
289975
135212
816780
767560
21255
42705
340272
785525
25062
956841
923469
486817
214500
130411
690115
395477
564153
908525
746928
187808
846750
90935
957151
292023
346824
424818
935373
824759
949954
901248
452249
939335
202533
588517
133831
116633
11319
824098
345648
618831
708382
709602
904138
93882
481279
605774
585808
686269
912760
993531
486030
505936
50933
945923
232267
20641
202803
277169
491858
680596
238799
926294
17887
278955
310730
192568
951459
274497
182620
388138
795508
680817
48625
318647
153749
439764
86276
575544
902877
280934
477719
298053
886086
524426
732748
333512
58644
815588
228387
758125
212831
175332
822673
603637
931647
919203
787193
542506
272276
2661
725578
404269
386031
372606
673012
297195
876577
166418
184455
277678
509918
1653
482219
587984
678220
782641
234294
666122
833710
767973
748333
233386
704360
658826
349979
521635
602990
412177
616903
495614
477261
332264
516756
864047
289110
441500
514362
366210
461475
283353
374365
676852
842631
809996
362567
784286
629462
358057
156103
896332
310669
154504
673637
757228
865120
677163
468672
18274
500511
448922
706886
813049
362180
307695
453904
619443
794971
486318
224856
53761
932622
978700
835735
561294
312972
968593
517439
821621
917718
499095
874322
895572
222118
588082
708894
328504
957116
763306
365461
499640
274438
658595
354189
958237
577450
271134
594192
553726
381492
286808
256161
919211
752087
86544
578380
871168
838626
880550
769960
985497
166656
94943
346477
950756
521387
994181
482476
936721
578991
885739
123695
730022
321303
87118
879341
120816
500726
978904
641258
322964
17427
764350
282345
693124
592114
272456
635407
333
652859
28337
735382
443980
594890
972004
71530
284225
859538
991334
341347
41916
185646
904467
125408
97139
114374
482689
69052
913589
192794
454977
235440
24441
343278
734020
543877
885392
975570
744473
720564
813306
365517
172180
548764
676180
243301
994635
854878
560814
778190
417530
552345
968507
223021
5126
657597
783586
139783
777119
268046
262321
204427
996414
141879
657713
635128
738894
148872
727316
337068
394855
607886
119243
337099
517109
14606
578932
734920
221431
662237
418225
7187
456931
749855
412820
227423
303975
628058
495158
434895
472139
796470
1255
917500
530418
143699
28927
646117
224768
262727
869331
50356
754709
811955
410180
722217
721270
567424
150129
276453
87821
213051
148044
608917
781703
757259
864586
925561
881947
1803
644468
732368
58027
49160
563355
416930
606979
996568
127656
132778
764414
287701
157969
261917
575623
441397
990888
342491
774781
72519
39565
610609
389488
375372
236548
547593
745096
138416
44001
44399
956870
183524
862496
853632
500705
855065
990737
733361
612306
924826
332528
873465
654956
930886
619411
723548
544290
451113
340284
261525
785261
568503
487118
661024
95877
136740
539805
850465
334924
24803
932638
409140
550154
898616
710718
93586
146707
132988
523470
616668
363141
728045
23963
855304
15726
164015
907804
529253
173194
67748
544324
123916
248361
300963
481272
258789
546287
409239
482075
30483
465718
868919
74628
849149
644494
307677
623057
305658
245668
643974
443157
745624
692928
10917
156524
404169
775592
686116
541936
236651
504162
64824
313284
843507
28759
665183
723213
496181
90515
894201
241345
68178
482217
407936
667927
359294
32244
619558
48414
592556
407032
138121
494890
501081
582374
409110
656617
999538
226174
761655
639379
860003
209999
178426
456064
375805
375194
538112
7507
31171
366805
846493
958164
785810
197771
906451
409500
69226
589408
134118
273961
730077
576178
212508
178449
626258
667420
454803
296148
548726
399124
12478
857226
927617
639796
52414
782267
872352
711382
355865
277517
764421
704216
349401
578776
682631
78654
354755
483414
49846
593143
489202
547126
516735
140984
752849
552463
352440
742533
536306
489650
862346
976590
134285
444760
731000
295030
611607
650618
82768
977326
260350
97408
303532
129600
972735
41681
744165
381544
717285
982729
731478
693789
631647
394696
438216
845229
864252
776999
575295
452102
464645
338438
40096
91153
501495
822849
187453
765688
997211
559617
458879
615688
860612
864302
316143
15346
490597
262018
614497
953260
718348
310777
388157
283253
279935
528037
388459
897845
320305
914398
980250
584706
3425
278102
574126
175295
762064
471498
992516
450015
93725
417236
55586
755719
612350
404317
219328
717266
949661
812209
291629
81774
325197
212459
135520
66979
208999
723407
25692
987124
435845
788662
571326
268062
620122
489380
911782
634941
320685
213301
255040
897806
970928
722038
650158
944143
328513
759697
208788
467715
797116
916768
218559
976785
572154
588706
896690
966860
26667
608523
766863
425358
974412
652149
796191
250493
716996
330613
637822
56175
230177
837768
971174
322858
433706
201325
207318
106308
791712
974284
689758
324265
875478
823251
348362
203451
82090
522722
528937
874900
190495
940572
900665
616679
577496
943518
41968
50372
567091
17228
697769
883194
134784
219655
948265
804374
970589
968251
464654
570634
981359
939284
982291
595625
960703
258448
604994
811087
59759
638447
401975
607006
163415
470344
338956
269795
97664
787574
145510
741142
213499
871855
789787
982272
909087
32884
214847
173879
940958
946660
380170
774277
886275
819116
428263
682855
716235
875161
899867
480433
466141
572686
555280
707535
162598
970769
552190
384870
937109
651775
888885
924440
975600
886880
117833
644263
479633
220117
717018
525681
30145
749486
281918
130201
997424
53912
289102
619846
59534
333300
896970
267781
501128
877570
823401
35722
112546
596860
496066
501652
35373
711935
476624
665838
114790
177764
927781
152977
891243
992494
435502
412839
910490
694043
814367
444650
418824
327645
627003
127211
108059
691683
948225
400367
463429
454928
605686
137460
707741
475469
303948
721745
51804
923642
383724
873403
525424
912319
470245
661283
876160
454209
83440
732093
817469
434417
619551
45084
462369
276414
846050
430841
472328
114026
744694
217683
369767
970042
604011
980720
646829
299399
584976
475777
393396
155698
414332
89827
487140
581685
648252
149442
380453
339028
995924
810648
782718
599922
749556
589331
24335
547903
765881
463061
546663
336591
687068
33237
820483
764614
74107
829155
492708
445680
324418
64712
339276
676461
451318
956299
573204
198217
575262
207504
397037
986090
534862
18396
134961
181474
846481
356276
478501
633701
871602
442914
794190
868244
841191
305753
787948
781815
692059
126512
220503
65482
840662
429706
43253
251246
351116
442775
38486
416832
399807
383603
919468
715079
979921
778220
337706
825927
151850
864929
736503
503730
96257
289989
931407
599358
227339
632707
69623
474194
418046
937468
293339
18330
89729
794220
731141
363706
307442
782698
461564
485150
491411
938062
587895
120560
156818
970925
127548
845603
152691
491391
857498
111660
295900
868322
590655
12305
694525
536951
696631
756378
844441
882922
105858
941475
346550
403856
579920
760851
647709
625065
702939
731559
893134
967172
488481
183912
100740
352706
243965
266619
57056
250674
341409
637015
126389
161948
496626
800785
579503
690137
974272
809811
704672
795231
792033
679915
717417
687515
922473
540287
549249
439991
313607
816671
619045
161723
743103
722675
686044
720079
623231
559699
4326
838047
520545
598261
358081
247831
506300
254273
950807
798414
510759
644865
768327
122623
949771
171700
643662
581681
134180
495682
900818
207033
96212
489993
832779
837078
23588
370069
447694
185466
798296
762607
72247
606312
20333
768012
396019
651384
646577
855078
88424
924920
394239
867817
929729
184365
827926
890115
138393
177911
779670
200670
953091
709842
698326
208106
707508
499896
601508
761107
565198
749284
566554
448594
953353
318962
416537
828383
688960
532067
211557
705924
810134
638076
227229
656141
682755
273229
201173
675740
79870
566159
539538
154777
565385
728039
874657
127238
716052
366279
224404
150768
103695
819188
863578
537409
944463
68194
863482
475635
121884
767931
595884
751903
157397
949502
989204
134900
756416
347076
1627
59971
172530
517662
782764
700470
855831
253659
166920
55457
700511
802086
945799
918640
188613
222027
68268
435968
703677
674458
631331
134155
68410
870244
351257
251195
640473
77731
691192
346975
202093
313014
376702
76539
546408
363657
951801
67641
898722
702931
932513
844670
757577
780089
363410
989272
666406
934032
383140
570643
287752
414400
803689
734187
393999
731651
946306
7451
908502
34253
276766
42644
92478
835270
634512
950025
475156
746354
691468
254631
759902
603570
627326
513314
485127
644836
392904
459115
600740
532645
162390
667454
277090
746678
596830
33495
282574
851580
716921
916356
233537
100769
929497
644758
672166
88473
713639
919537
667050
434943
208762
291395
259198
662941
502773
488721
430027
25162
802685
851757
189364
817518
896853
972932
410049
719010
355609
486420
948525
198962
101716
306554
713869
579716
77758
615017
152666
296274
697045
808567
838110
144658
794710
84497
874680
540664
589656
129231
28043
989009
833286
965282
130889
407888
532279
706538
788503
569318
491116
238628
655774
650314
420773
496641
29678
272472
805984
897746
860942
19158
759151
828126
727396
937233
707956
62486
406653
354918
579900
169760
679546
894940
577782
864271
863192
352495
993551
2804
396506
877288
323947
603854
105877
195943
619393
211932
81496
557891
414227
248403
712245
227592
928137
60652
910769
9951
769449
304981
979716
893195
897013
61575
317324
387855
512226
12983
251733
134126
591280
535974
870077
426378
640298
600915
133191
976238
875260
668241
180991
969575
482284
155955
905668
222477
765047
144483
605879
66079
89929
152018
26559
589452
311576
784585
626550
673166
205341
938718
182195
392369
536240
118019
547381
99890
833535
168953
867176
700546
334122
613538
961047
824426
598462
715379
427631
340936
988941
253576
242924
237431
188390
166289
773346
656653
196406
939370
756842
451517
629179
167177
21287
917085
401569
560912
220980
101955
176827
279427
70956
445192
610783
389459
550741
127918
396702
28633
843497
960350
437086
696030
26627
490186
243351
608343
706851
665585
712294
893486
170142
33856
877969
171643
14565
294678
241880
897809
719535
114464
681268
209973
528774
285027
934959
597866
822444
236313
938207
588456
380775
156914
971200
873259
263984
452027
669677
264679
477748
533788
313275
207512
431621
247868
742642
947000
166880
14399
12969
450250
191579
746223
634109
394900
544299
304120
611501
205481
1935
926413
917781
157924
333149
473129
686022
243505
166887
918768
828222
337861
818378
993460
149769
49966
332627
361235
209907
244740
896333
136253
262888
254271
120619
467091
173419
724962
585934
407275
445615
220885
736180
222256
83861
600145
108926
627238
678403
195061
518621
265932
93725
558709
896664
731098
627747
924658
178684
508842
529575
465508
236256
157299
156329
267123
689491
899760
510161
70950
944869
59743
325832
940402
138575
145701
65011
850868
345599
266190
569676
21946
168068
409011
55519
556732
200851
260852
963871
419624
122100
456933
559267
565467
876108
54022
574144
63723
843335
982057
284803
158433
56481
860472
444939
119172
742802
674895
442817
710416
923540
889477
941366
227526
453202
701384
527447
772765
794991
404198
576527
235798
594223
871208
546553
718317
70534
974041
807808
117483
505595
35940
505942
764441
448953
945435
260429
260175
401458
110292
67733
262186
209328
103918
269459
865179
517690
544433
305050
178908
719711
732243
178504
786302
684194
601751
482816
925727
583554
103889
681855
250743
336036
739716
139805
199889
191711
773548
772771
959254
642340
262999
817539
241284
165512
729197
157560
821374
458672
739089
633851
671486
665624
581664
320030
461030
878976
275671
214665
481523
500915
735185
173136
55122
896501
425197
798125
564877
3784
775374
797919
622814
453147
370812
598750
898916
559184
554471
905081
586739
851304
582284
843150
526022
308366
320689
764262
43600
390140
4682
996267
835247
815950
925118
752390
579586
325985
859843
495129
936913
476455
351717
172118
888683
589259
549158
45370
816909
298619
43840
250410
969534
751638
835654
403496
754168
432628
868585
567858
342656
103564
400405
708023
276759
694278
969787
961014
406665
168734
837482
117366
750242
890417
702295
950940
1408
113704
806203
205868
381508
90750
758299
122079
780770
494511
341027
84252
908184
750527
981548
706582
844732
664932
639197
607363
503853
864849
824685
710133
480044
450015
188614
929942
526339
598170
586053
56964
210851
689126
625566
894791
560140
390221
79389
630315
527141
806246
926407
854975
754667
443554
210335
340584
744966
861110
932804
876706
625399
657120
468855
76501
967470
584793
697403
730192
893625
33622
813461
438052
706966
487482
629555
385439
304745
701979
263785
681060
493833
523055
89558
566756
75700
431571
107941
526587
352227
431671
917744
834345
433017
811754
183486
10027
678805
435966
856493
586805
991046
803288
768555
510735
577886
851734
391774
930697
872543
11933
152420
281308
351506
428029
37492
926431
593975
365379
723491
700579
355735
143580
130371
295339
173685
708513
676070
734347
133859
172804
561216
775452
128176
888340
597546
794072
336895
91632
199427
75865
257011
636550
472177
885161
251270
661127
758277
538181
639801
895401
215357
542003
211366
165208
753507
595325
558193
629306
282514
993609
185373
991517
190680
685398
182010
960960
943543
795925
890940
547835
964998
217889
438184
880395
79541
980253
280295
411262
612270
917865
589245
16759
815894
157505
62419
317983
932402
862450
237808
274921
400359
410552
259078
341695
497434
504377
995561
811534
831478
573336
208859
273771
251147
87416
357634
818272
247763
813005
503546
985175
472017
25696
749831
853986
464467
97119
976291
529253
42134
886814
647606
284193
999944
919726
665252
727453
47528
874456
865984
759347
164553
512631
267614
985844
765110
379119
163717
48825
641264
707085
915203
387335
865235
222589
697243
456734
693975
657314
781018
809950
262705
238038
670856
137687
464793
599422
527353
432683
305639
326152
518147
370338
305495
267268
280010
115018
548075
853916
116086
154505
653680
69746
361734
596737
84696
842964
641342
486046
218374
179998
407036
753599
399913
463981
735465
482046
862783
95099
749450
853726
950459
585436
331254
543888
720258
13524
716770
126754
601359
589458
440344
871365
400438
24077
956423
289337
817541
511354
497907
526103
773702
376743
221261
723642
301345
602999
182429
936971
710046
572347
666139
174376
671625
822505
756574
423025
902766
282171
159148
556782
789316
120742
162095
743200
722150
245493
367433
584419
421372
820738
702270
672060
241848
877905
572048
947653
1788
777353
197160
93938
2137
679568
149488
262783
196915
675330
798910
673656
133184
140685
298730
569956
564591
343467
407488
838351
777125
809661
244497
393203
490850
107521
630564
808770
897026
774256
457290
848915
627296
903927
398351
226470
868757
942095
496588
394326
578974
116859
74714
619930
648028
984158
833185
529271
2804
340214
330318
401798
62935
891833
421027
438557
620124
555530
762856
100189
33096
703640
403391
801240
479600
813140
957013
643100
430325
911308
159668
549217
770799
391337
319478
199563
94757
545921
607317
342683
790391
740442
374813
282488
157919
346812
738498
458710
70220
11122
552014
333185
582766
675421
885619
23048
748368
772596
471166
202824
278110
548955
871276
732308
271432
532639
53527
291646
979967
131340
486537
918213
776605
715883
681330
67035
277281
238428
777076
336785
50519
480139
354586
726753
797526
792786
90153
574551
18275
902571
337999
440542
737972
850128
546616
285859
60430
402674
344256
929832
787599
104018
122818
494951
674888
993406
376783
570400
196290
282347
430523
675969
421538
15852
714577
275506
886759
196493
53990
847034
436623
610702
881675
953105
77786
381311
548252
191810
439014
671541
497845
208124
90745
980710
838597
369783
812061
856102
909882
614718
340902
976767
779804
686044
946383
706982
225590
558567
488643
520928
859118
638884
577655
304049
462262
878997
178356
828156
309723
850662
709042
474364
396475
300976
496992
909469
501268
179879
896065
390776
885559
517927
245488
6186
282
966486
545284
442256
615053
468277
910926
473504
942917
821833
32831
734823
307604
540512
631655
170907
805178
980674
856792
526236
961237
110582
423849
560268
384819
515501
962326
494727
944200
1359
308805
169537
600315
215393
615139
971259
439515
469712
39981
442722
142703
626653
632395
107140
940778
761316
622678
287791
828861
895562
525499
659112
966215
315906
224055
595077
152872
55868
789634
194344
9267
741740
851656
934232
922369
704178
254034
94653
649186
812715
19716
327672
921903
839188
7359
170269
716027
895574
951206
571598
120616
869810
861886
620597
174485
343241
239087
517725
828853
68041
10983
919213
710523
342128
407390
259843
713905
292542
681588
216105
600040
725691
664182
167287
585098
263010
201023
236421
950283
917993
771771
137738
366654
947886
429447
843734
792580
607679
588084
488744
273119
494278
693931
761005
77540
947279
895850
465942
542543
692856
917100
605332
967857
561908
509223
285363
354564
543355
588207
152336
326687
741778
408120
496440
13636
324722
734073
929631
246871
127064
434027
618106
679914
755241
517808
949497
23283
310655
30161
820516
346399
209428
235296
244881
658879
476617
826748
522751
435681
806740
876723
97299
181114
211973
467650
300076
441663
170099
365495
166501
663954
54023
567095
673894
679385
756132
67612
182567
999851
989490
992502
623491
796004
727174
396211
231413
589720
474927
81817
501681
362084
563744
998319
498465
126112
679541
932220
38266
950576
540644
398247
794235
803770
384257
301757
883330
394034
125037
241106
173323
993360
442460
22590
207045
275043
305986
169032
80851
980223
572250
836001
657116
362386
525587
16455
158159
172309
898007
163402
291766
621534
153976
826668
756342
311186
713722
272801
437153
67511
39735
576373
182008
141927
353523
177037
783872
90912
377341
15621
6271
450169
292798
773433
522259
39343
134817
341791
498480
56414
853663
400466
548596
508235
348581
128618
66601
60574
753829
610502
282582
680557
352118
307051
568834
758195
276585
968710
663174
467615
30249
649741
328590
276105
280654
525956
526380
554239
977086
62620
534232
550334
983744
943861
29896
638012
422175
26756
408360
47778
633911
883920
37879
655640
850143
436119
978750
942264
539058
693325
478125
735780
95676
305028
663763
804851
732542
686375
915961
574662
554206
132064
28572
140409
360879
93082
365446
440693
24984
927584
283144
538595
190627
586852
679126
516027
235620
890204
30783
566458
949892
734151
650247
657842
673129
231502
824546
543483
943172
555397
188175
792903
225718
539408
795215
556948
749151
737314
155010
889210
513285
296417
679324
437604
495582
679334
414024
149915
272251
757856
541209
464958
766481
423128
447017
597518
906660
97039
47824
20454
221329
142083
294851
691399
642553
403600
634310
608465
593734
955188
634063
133391
423259
971755
35385
11625
304476
318969
229793
61692
165847
91974
316705
315399
47821
945507
210983
242684
301153
970219
772977
708727
369500
930692
580775
329738
349211
534533
643796
546102
849430
78002
676290
361847
774285
350178
174194
29751
260816
713217
242549
130146
114795
730802
546730
372505
619373
833612
665749
303360
288020
175430
909336
752754
17879
737517
754128
993172
361680
465553
419150
150983
389955
631232
645744
477175
557967
347114
950108
996368
86576
965284
622680
968273
510958
912008
700489
377336
5925
373305
73350
566877
265778
892868
105625
241115
652727
13985
525842
182825
881164
953754
661319
802694
641666
157763
389547
326291
572949
6119
932489
447930
11053
622723
354398
273676
925265
94635
957713
187753
492521
246731
174160
575320
471790
532681
959432
413815
302896
174341
633920
663628
499907
304322
352915
303417
732615
50206
112968
966094
445459
138749
253008
310009
572222
317764
669403
133400
260105
286721
725783
813423
153388
55080
239814
627445
747131
337657
326778
669961
18805
304189
249264
755842
608234
326190
179079
232228
996870
232246
878683
549678
930237
743760
38402
318096
819797
528587
85795
515577
941131
580781
239726
975823
943523
12212
777851
821112
165327
760056
924547
673621
42299
24428
635637
102543
679219
595395
483894
22345
26866
783663
635576
862325
946248
424196
523382
949634
276327
366907
350025
166451
635594
482387
666794
589131
823681
518291
382085
551013
135966
648746
712886
841824
252598
637942
707490
393271
303636
767971
151348
986798
401152
963436
191859
281832
958183
583805
650877
550614
398119
100985
885987
530698
264825
708247
712160
896937
464380
518759
718326
530559
659610
112371
406951
185453
786777
431680
390989
334717
651584
749620
407382
714198
574627
725585
234080
101195
929230
654047
483245
842573
147018
123177
114435
855105
59598
195613
925411
915372
819782
645207
623139
105547
286520
258231
866730
728512
805529
810542
301128
773798
168043
980312
964720
863877
993233
567684
486675
112097
750449
969615
453657
107821
192836
718317
410366
570269
73149
966729
442759
113817
25875
108869
50528
739149
161261
574490
616212
247581
276841
70307
836520
387894
597001
863093
285012
200320
723963
355750
623071
99823
757764
387119
75606
434937
742984
309356
218152
986466
508152
786368
815585
754867
70424
539541
255553
886793
156652
