9263
13406
8887
321244
812626
561282
14950
964182
387375
430399
135579
766604
375912
170768
41460
822768
497892
381914
723939
594986
144871
203980
458795
22985
15839
237473
7863
792405
500046
735298
280407
215488
789006
721033
830167
354811
389510
590817
631486
480868
319144
763401
127392
693788
765156
136951
835488
736887
932012
62681
500870
961805
486693
819766
878841
105837
473319
164147
88665
202865
636273
416882
296507
41773
130732
113493
474562
365697
532762
550880
81622
296846
529051
2813
265796
580613
535644
369944
814322
844955
73436
101227
614141
130073
584988
364436
599345
822159
16867
832929
742884
85097
637099
964206
337263
381785
968044
433382
666250
735092
293314
831781
24067
815449
18493
572478
386395
796619
537925
441816
332989
20384
509224
506291
967644
785555
450626
28745
579624
260724
913800
932879
114476
601470
841201
383514
113543
986441
411905
240479
879813
466454
312050
405587
101593
656776
484290
619889
452537
438898
944916
322074
810774
581451
801475
422358
414711
877310
320394
478264
469617
997598
69641
116256
720901
871159
910773
863386
305750
80768
98655
235300
280325
2220
935071
807501
103787
657887
592541
857721
5810
175934
869051
864321
581008
917791
587746
900087
67105
819552
354792
988615
40416
585171
203355
844601
812099
122519
606957
891154
286384
246018
505916
673498
709343
599098
867516
696889
522509
802467
75907
235451
127129
562226
989616
889779
467456
547232
289721
841083
4464
665147
941520
514905
911114
168598
331378
1213
307193
317985
282828
451559
505514
701139
41994
14821
746023
349699
238589
1402
12948
795991
134503
444506
330116
892563
572326
354770
672504
90067
793339
950021
413430
639764
248375
313297
503107
742572
458881
659025
174653
58714
221318
467707
411799
987064
232381
711976
166961
631949
270550
869684
116563
250239
660222
867963
997766
657893
335569
180484
39119
699
802589
115834
512777
843887
701967
143957
708958
182680
998077
131224
102753
994438
239759
873331
781707
468596
581642
234056
30225
433754
809851
43659
987742
768031
411836
265666
136946
828268
454182
970476
526486
504156
452179
545534
104443
119247
330318
829896
854127
433438
910106
726326
97147
578472
721116
90867
35227
271819
48741
99048
739866
392879
142112
621154
349642
284476
948117
485650
676189
482667
860823
521262
92132
708218
855504
778036
714337
763001
998567
528014
824202
856450
992203
367761
721565
778886
362783
362847
828954
39106
393986
304429
152866
875600
374905
721759
388330
726681
479036
329231
761180
618728
70426
187949
722314
116634
747977
319808
424463
857266
992206
290635
517700
800649
601029
688971
461852
134818
286670
234396
799197
570587
328724
701434
182907
639744
366011
412197
39635
60794
507686
475103
397313
792997
818594
75663
450654
252543
582002
742280
360217
766523
42487
855587
948017
783606
841404
574792
536908
318017
448604
758220
967991
414044
700176
251060
446587
634628
121369
763864
567128
43044
841222
557091
671713
39207
837539
536951
8691
166637
331774
466477
770899
61083
182999
308538
187299
993037
158499
890925
512833
908711
925373
785300
331837
177737
577130
707391
857396
352672
124039
555420
532813
841753
457937
300929
355024
100721
962321
527689
399262
22824
586210
976725
314449
895829
532064
810356
926769
850322
75311
398045
749519
291159
886629
756057
695106
373412
625493
764414
942011
285208
910841
525781
189767
461471
743355
363741
951842
810185
112992
203561
232626
601333
900753
590756
968103
815020
840904
327541
944364
279754
202772
403069
166794
861654
607944
733821
522650
465907
64582
81109
359077
479024
285667
435687
620314
972666
549751
134426
294442
914161
901380
989499
370948
395671
51777
855101
594216
110501
131138
911329
607082
268728
944197
209521
359365
94568
5211
167718
716954
34682
396912
671913
820164
648043
427642
548854
394264
510828
624698
785821
3390
594030
15666
340643
786470
659731
419044
366085
99306
605956
483586
881756
280639
421088
374263
690588
580374
18961
791952
348790
734613
527483
686025
920734
147821
451150
185008
987110
907287
211963
281272
320457
491440
268356
647837
910853
924271
401579
336174
216095
313663
347404
400060
207562
453693
899527
459485
243042
975632
265813
707037
497427
274527
93244
58754
698711
186739
776093
133051
988764
788395
303019
182565
835395
317974
156918
280697
994501
147889
974565
471060
996272
496892
366914
381860
692943
475067
426544
453228
282088
751878
264183
750837
674847
305421
686976
853650
752696
982828
673180
334094
524602
503911
579646
655284
780654
635778
158921
517754
277703
173184
615108
854154
777307
949558
385259
15854
876495
718090
478239
435992
698834
595725
40701
557196
293184
952499
123083
928427
197478
651883
876815
57757
366181
932447
718778
52249
887663
988362
558273
305364
608111
134128
963341
773188
195717
316159
326152
375375
769711
841600
765592
193749
309635
928506
782441
806551
900568
501411
433378
162626
664261
196036
878713
425308
479041
685416
880418
938314
189418
101504
363170
34235
714401
55062
628547
897525
550930
510572
645536
379642
209553
314545
228704
241558
719008
608031
486783
193096
81165
163252
75400
53898
200056
878986
588959
628735
351858
496661
529786
612601
227010
156153
570864
262116
689601
183814
672042
236242
458789
300113
694454
337187
730458
815216
900282
701584
821580
786385
243845
465813
146562
342391
641665
509497
241572
483602
712261
204731
101469
743163
261255
388762
667995
506505
99438
635969
940467
436946
200262
809486
32226
61122
929677
160382
403246
116113
798442
130166
135852
312740
253053
605296
974810
279810
321105
378560
340012
422641
32174
687170
710052
551213
260876
407779
725594
814020
128418
984392
188123
320337
391644
251678
167406
578706
321450
214911
160754
523304
139701
428222
678883
194092
374188
910927
575419
715624
246973
467030
476725
404793
443232
347210
841964
959
123533
627014
636898
757438
590030
191276
163678
125396
953838
480822
775277
181527
380049
193178
286600
703306
130333
700697
287254
248188
510678
871013
318344
861694
825864
973229
162466
568319
923741
475398
825434
14534
570318
276407
680281
995210
3894
141601
740638
822641
243651
463177
184002
757220
124741
237124
678102
129867
496169
937726
544360
167210
461951
361510
405285
942487
756982
726202
545752
817175
805546
555178
795664
342549
324308
72684
317216
383806
44128
513883
278656
361724
751900
847820
905041
233676
926284
634032
403134
885566
172506
455519
506814
871753
477226
144071
37685
980616
97932
491888
370234
879445
886347
527467
421044
587008
919266
384343
585885
801261
998926
30287
887721
250567
120191
376435
700927
359204
488040
729042
998438
50615
765174
511793
520827
791916
121757
274426
277982
732388
118861
631108
392109
764493
388035
77435
372520
969756
764860
671020
357556
292010
380805
200560
969083
926505
686127
97586
918576
497601
86174
247134
512816
609995
524544
615527
582980
726121
66522
646581
58499
318975
523261
596458
777364
295251
757592
848848
794322
555581
595751
775520
426504
366026
363913
974577
578523
955571
462320
807164
575239
205749
981170
544392
840834
169805
156092
207478
980284
470418
641317
545451
530760
974894
555232
944533
246484
137338
313996
196956
517844
286262
46374
555623
528126
423010
986462
306952
680814
442043
225607
907781
389865
277077
121127
752388
834110
388177
791086
838802
154504
796604
572932
400720
947985
106565
538811
703418
329809
903320
221348
32469
858644
403867
256765
15733
92473
625220
729288
277416
128406
880597
425590
814467
436281
149301
950978
688327
154058
731756
113947
818542
329420
651771
388601
418328
855298
370070
140241
157389
468462
721087
791651
975150
607540
750400
153137
483965
89502
182789
212362
959749
531321
251411
850564
459176
160028
228969
578887
305475
353160
848626
100678
810176
329643
419235
291977
962231
976639
542647
225830
84993
447951
328325
244623
729308
55770
391290
112324
518004
380816
571321
300137
977300
949369
328972
465586
308904
729589
162053
15866
393006
312158
299509
142899
27833
678730
237384
966008
879202
245868
511484
344639
348939
873562
696508
600938
867025
345065
631581
850044
274638
293940
325492
390249
290695
410172
946385
73350
868153
169513
276061
739871
234363
356719
421771
168487
701712
823436
961662
299274
959435
83629
990839
290399
455711
76528
730041
614265
538946
688260
421372
242077
542654
768493
699529
78349
24980
733156
924344
212611
276749
664411
811588
398521
96798
664606
486280
500645
692215
800789
602713
908419
889256
916518
807423
419082
950640
284023
396816
385792
854436
529297
572203
787497
468345
528672
256526
522651
274222
695703
471957
748589
457432
906480
129168
352653
163083
417745
150591
458865
504098
867786
956716
263910
470444
229435
77605
365828
299059
867091
450261
533891
123882
573747
362687
586598
133682
540209
37206
668245
749321
537976
670459
799048
711632
934028
640147
194975
228983
310187
41476
632912
769479
122959
777293
964728
37323
56464
789375
681042
217372
15911
582812
882757
254024
144270
536843
928151
539678
395522
559412
589376
952345
195434
945150
352345
963111
78930
909091
854835
973716
670160
633772
702468
778008
574215
8782
165437
402105
488586
276129
767735
195870
616920
268985
869707
940018
86469
658979
391360
442417
434298
397054
887711
292178
98963
234675
90339
966161
405094
865746
449165
381720
3428
905738
707795
828745
362071
142853
668536
448939
972747
742366
188983
765806
851593
425408
955097
108636
352510
246812
524454
881695
824955
73414
12344
530473
990102
50413
66795
30852
223149
606773
883056
253750
634378
643571
669825
727312
134818
636484
718255
641747
242232
615818
472855
860096
964383
276804
620083
641851
651484
424649
554316
373019
963306
566625
766605
881489
754838
684160
106995
458098
645195
986912
131105
451042
768424
587834
792080
686495
291661
936928
812452
762535
71093
820666
156633
852871
686909
555291
563228
769794
875651
289407
770870
112346
283050
194915
154851
795069
115897
953089
317569
713807
150371
734503
719332
548944
684833
196339
430278
143210
861435
535341
346780
563482
561767
524353
714051
758072
733192
421975
321433
391268
978967
796689
295337
229711
801695
401440
416062
942563
500194
994884
579160
894608
804953
774686
502333
1589
834521
347059
94694
175143
151185
176447
760602
231264
773104
870899
950745
590535
696419
270926
122414
449175
213244
294291
39592
866287
627374
664172
44578
434934
797493
600155
567549
645225
329747
658713
542895
938051
551924
493965
416437
284680
161139
613226
933412
536237
979701
442533
700957
435175
369587
575570
775967
200782
267542
739290
212919
555054
331899
690907
768722
662059
39510
111388
175859
105806
952818
135531
352255
633072
671830
893718
433910
168065
606020
419522
213820
473717
206235
871339
345301
31501
369564
813688
149616
673726
281545
366330
823642
457599
121193
190273
680083
847860
741289
342811
79678
343602
560477
476650
651057
576559
727587
252577
457645
564423
866280
478491
502823
139181
811332
244631
858693
295148
446657
369428
715748
918745
278521
203013
277206
486296
355613
509618
222569
841095
744786
164907
670562
978122
666293
779753
589065
152244
152383
862402
706270
926478
480260
914504
231273
899336
444566
980480
97583
609465
319622
932154
330304
997205
406858
938385
99950
282602
482106
365249
979288
105622
175669
946336
67044
643465
96609
58299
936523
78643
545551
353102
69901
171146
984508
249951
195398
927929
85683
627767
453849
250344
908752
3134
337672
765348
215648
154866
79462
949932
348965
890500
606627
233751
935030
274959
559431
676837
592194
407989
217914
681184
778421
705240
611967
866286
425843
103602
770177
553782
391553
136402
525958
966637
545347
800948
37952
262524
157088
495035
112386
289808
736193
678029
246032
986109
402425
503563
132111
193295
610047
795692
366427
737327
361430
977205
198455
464623
672525
852247
176991
391794
92642
888548
476922
693819
383042
340143
94892
641424
90220
512000
534215
210826
399283
368881
50273
109308
993954
574697
903296
288574
394170
121458
739058
505685
618070
390648
865594
810304
364464
579168
449252
867938
278972
945282
409530
103111
596210
359557
77263
625961
650838
25720
157264
394015
588612
23899
261897
29781
670204
158623
726244
508119
255836
750531
713669
505625
483317
314955
921559
760637
953186
485012
461816
670194
956159
42825
473156
100342
456584
71726
406269
375355
848208
517722
775892
267496
430171
756161
816214
973046
656216
204079
720246
440315
833918
802449
990771
308164
620161
696046
431526
996634
780081
346611
343210
840551
87984
242347
593383
543155
522062
945485
59965
555463
164931
836015
955274
628338
800200
722841
990553
396457
836498
525364
685415
703817
188204
380322
515091
558073
218991
418215
788833
566443
66337
98244
791594
362561
943528
531492
538980
432140
962857
582320
928266
531183
134850
697469
750440
517666
312095
95013
184261
451091
952189
537651
599724
557926
423737
380408
719961
731741
719956
799098
181757
469075
238918
472332
944238
970979
335931
842169
863087
369318
192366
866522
583767
747416
728417
380871
614624
741020
624246
665770
963278
415702
620717
256239
334521
158838
50299
120791
828281
141077
236867
807788
673070
95799
844660
492047
876329
63728
503998
730221
660603
135012
326961
607504
588184
466343
254581
428818
516390
386627
677856
636716
281320
846359
406647
590316
563778
462940
920389
680389
119912
729987
599505
546432
574823
527482
503806
889937
493328
255822
732228
411908
630973
682603
797511
728662
457601
25854
204433
958944
847472
468091
961713
104174
802439
290234
298991
459502
157690
879293
175210
791364
353817
452236
397904
375611
1118
147393
761402
580821
689941
368352
993506
748803
947176
80414
3329
815152
587974
354051
869641
424439
765040
589929
676540
470582
557344
567012
16680
115258
253398
256508
431039
608538
308800
586965
999383
745439
307972
572912
127418
898080
452142
823306
414763
955629
90993
880930
528374
991330
202844
455832
288178
565659
808346
286577
958999
424774
184741
163511
524278
219667
130185
233277
522649
999496
897233
700992
698359
186802
933200
190122
210964
400566
94989
506160
699891
870982
657996
822682
367161
706159
228597
770019
226464
811022
433444
998710
874452
978275
891980
614168
375853
227198
376264
178021
487114
358869
495488
450675
577286
73719
352308
523667
879706
344795
508904
616054
506447
467346
448940
639339
98462
266524
388167
884102
841638
836310
822271
10461
665608
939664
647880
60140
981667
876669
892743
721112
653735
747076
847361
546897
180248
931379
467109
274896
513377
858579
58098
918336
714194
276822
79942
5241
199544
794861
993349
250343
831192
89590
93474
703817
573703
477651
964045
859669
441385
84310
58361
745401
810820
618648
635145
108669
897664
64361
332374
97156
413309
198177
520159
501042
196497
154261
911758
268007
759133
967398
504611
579624
877194
441843
303935
224863
13669
802094
555535
729913
947285
528780
829523
2029
707509
522198
623690
179869
581906
279581
609532
686549
691586
223242
481572
417392
385439
54227
530551
186777
879967
144010
985749
302063
996113
901327
982859
401794
936310
672102
8259
489082
753978
408355
33801
249944
919886
62914
537530
601875
906723
347667
743947
929956
316228
987986
454259
832222
888848
916437
482358
973876
316563
762334
31695
417951
699585
355536
162234
172887
250126
603839
711259
395454
620013
602656
951566
406236
150242
680096
380172
500293
441222
108112
320182
532055
217751
484733
578882
87136
966457
244894
9983
505628
547854
705254
303750
88411
642541
311482
201471
717185
659073
552573
991949
537640
979521
941126
770967
769248
505095
589107
715380
774742
565776
829207
722610
601490
486351
634510
624003
269594
508910
246450
690757
25908
888802
350886
988909
779913
500521
408847
43023
546085
559971
65507
516236
854427
938570
745241
716568
285190
977424
309440
161702
555562
971667
629996
875891
716024
114112
717451
448108
118960
326849
630357
978621
796833
102308
112290
801207
181196
752586
251605
131357
363047
257735
621430
146316
42365
968861
706398
502276
854834
973072
684235
332631
696292
551718
738771
454316
528622
409597
730102
208432
50950
942856
999948
647067
660422
115496
692381
423514
575944
373283
947087
442783
465962
272963
277626
808641
903600
171405
939416
654160
683721
688540
806040
349753
331178
391003
297233
523858
238039
859356
666196
803716
2688
824279
421658
169106
965640
589121
312220
105802
602336
364808
94338
145926
205074
483689
536307
303199
352538
975919
757259
994032
188783
951177
434026
310978
370335
697606
484841
169433
214808
276271
77160
841754
683587
537153
553475
514455
537226
271237
589091
605753
788474
616462
28976
242249
114372
359503
681828
443099
313694
991958
268539
476567
464839
296297
931911
142437
543591
669947
188832
136628
909972
296715
268664
677352
555633
275610
401676
752926
362737
491399
35126
187740
219961
218760
353823
418970
131236
480775
592147
749927
474592
393879
147181
834362
693045
604817
566513
889110
963750
951311
994424
876888
919216
615492
613382
975072
376111
345079
767799
787610
452192
151706
107608
709416
303489
490379
307795
496494
456853
732006
151874
126585
380803
326724
257572
445708
789086
526869
327021
741961
656768
537302
753399
156217
911503
282158
597911
440504
986081
602731
291210
763456
899580
760276
781711
603152
146230
590570
453262
892024
439483
780288
106869
791556
738861
394996
902820
43011
862502
433225
752062
634611
709465
74274
374752
518282
647702
55261
855086
527267
922924
851722
502025
572931
502504
928839
903837
428744
162044
262649
136278
292141
614843
580713
618546
386876
675777
655993
863089
709329
432112
54593
663018
994758
351445
905034
840888
409152
314664
817957
610321
279829
49714
29161
665846
102489
681801
461832
936582
837316
260791
646605
265262
792513
900153
330421
128891
347541
788195
277799
285968
552042
550689
746832
388787
679608
974680
760223
380481
25615
47402
182362
531586
119363
525017
445979
220631
92468
508355
393259
967952
753656
199051
739130
477018
795624
330840
900536
925206
248388
951927
120082
137988
893571
522204
476748
929502
418876
897990
262391
768769
890538
283072
508112
346246
412575
887619
467701
645616
705096
899065
582340
79485
289881
448540
20882
523103
859285
401853
716741
597317
255803
84641
914127
540882
492048
175494
819335
160751
507206
872963
173862
431676
184518
688589
691418
672225
434527
899925
985482
765763
156874
469071
904103
142163
393881
487566
51307
945408
754108
49739
568690
227212
746224
21765
45553
316156
762693
116034
290071
911337
553226
334771
777406
95604
771862
920053
368334
870743
918198
22644
458863
906518
706222
134890
802536
324052
327214
864901
394201
684673
569875
788391
900753
340337
643926
574471
838157
832648
61845
181301
74190
48850
412604
492538
262358
273775
433808
152029
855806
146091
710616
713538
846903
836908
509288
759342
955035
91140
328715
268454
929071
396455
416396
772980
613368
72950
474657
955595
375030
931577
520757
678018
672769
85932
726800
66492
916479
330928
410534
242409
56000
248738
81145
292069
882102
242825
478187
96446
77396
338153
591204
850003
427841
601908
722331
730135
731257
879136
40453
969397
435265
801748
974744
502862
462149
147196
547707
930078
584911
253756
52300
150780
294
909120
907405
79040
912577
374194
491052
294463
964006
627013
423917
620145
229924
676846
710262
234548
582249
610483
875703
183721
386177
514012
729523
430588
588396
5893
698800
817090
869466
97813
746679
155899
971013
293001
546056
716598
54315
804074
506398
149844
799399
522589
760730
550244
986411
93849
822543
335470
424732
782579
324393
702475
805578
760597
586426
318321
873227
964877
673123
613645
915123
754625
118427
777609
713777
769281
293791
730541
846281
328949
160118
468385
901225
421621
305056
162833
502635
51703
421531
562345
552998
795939
431313
18624
863345
449923
319265
59025
924149
389078
653320
969891
812974
584580
374636
334347
194878
699371
402373
691208
764654
882839
652328
726348
989314
675153
85937
508890
813367
357902
440589
731274
818523
696584
258210
402090
145609
924523
664795
738559
870528
951461
846483
660073
714272
180704
955229
401316
514688
473612
553070
198442
723566
305173
698600
126198
951556
40628
618115
953700
225571
633057
695002
228725
178191
956454
791888
949934
107431
34447
313885
287199
820223
661310
97656
778689
208092
867419
779683
355193
333387
118312
48654
497849
16734
926258
771049
697606
201284
9251
440585
29460
593796
350133
339894
481613
109398
858881
630095
622384
451742
415542
612506
236630
778629
24229
47084
5136
24566
232056
413553
721389
936370
666179
497497
790296
631121
104626
272991
694941
433366
946658
775479
932940
628525
613837
340884
453686
568451
256733
193939
908437
783938
976033
99911
905992
484520
951773
566114
449723
772803
620283
733116
287717
262923
548320
600771
303531
936092
549274
232384
7330
69902
559797
114498
606258
339059
389293
91753
877333
848556
517373
947024
542719
61928
751510
658520
209752
126522
900907
89678
371940
200598
984425
26168
824388
803496
233284
431745
991638
38930
593773
732606
414263
588288
758880
892956
109864
189224
856409
659304
897230
464739
938406
363131
335571
805475
804696
795328
541803
394641
246739
325540
94577
939780
277445
623640
184879
165919
534835
916293
963900
737863
804335
862030
788352
408063
361894
58683
447828
675043
795286
495367
580228
422014
121308
515079
505334
166408
108075
273396
634212
59583
852377
409176
241028
609824
69011
82
45834
124674
486897
223749
705027
174160
474340
629859
758114
823649
514316
277585
718040
713334
482854
4920
255324
961423
561123
92008
705610
823530
987668
423912
943144
305369
741248
820958
103043
701438
419800
757783
413368
986278
952642
358964
246798
761600
452817
622770
219777
979513
180310
1364
165658
484981
784080
868783
719865
820139
481470
227154
940277
574877
967893
488207
754714
557043
260878
298027
527889
556787
912471
177886
801117
692447
317097
730118
392705
618796
441145
242287
858176
244058
218312
688247
692284
572788
688981
836897
308544
387686
16435
950265
820633
369142
177589
411422
523679
159777
185605
57521
288785
744147
228308
302297
272798
370178
913899
434096
828608
860647
525600
297421
934915
338522
11749
402223
621220
455881
847995
759810
795924
343508
186820
934161
95836
485384
738869
247881
128282
487671
696298
949094
393001
143664
174867
255548
91103
619616
568268
805028
122863
908997
694475
400065
732783
152011
265906
983534
16565
978565
978309
541702
227162
772425
510709
702415
558176
184616
135387
567171
357936
903944
462528
435133
36732
100513
95769
391805
682051
732496
743312
942040
325042
113371
238205
493631
136616
442370
359923
244841
258386
12222
359735
462432
967797
179673
604620
974566
770699
509673
112490
922881
571780
150826
634445
434858
46701
616183
796905
1934
689326
197413
966074
402047
356014
423612
839738
602682
903121
772243
283180
156885
524577
608007
881430
224901
812554
532887
353547
629065
522495
7903
589478
322039
982523
623536
289939
741409
739618
992712
789383
427492
540294
972147
726096
806349
29317
888957
874950
68647
165263
651090
159521
412645
757701
506101
694500
18600
731453
752729
522551
869166
818914
151199
423891
789912
849528
73965
824215
492119
366462
416935
597943
734770
389420
722701
784532
743094
798492
692657
141670
686394
945733
75923
872213
275341
924066
488603
866408
275775
125873
615986
584404
202761
952279
195197
965878
419161
715424
133046
409116
309886
621797
193897
418814
730349
122438
829385
792266
936366
201111
947629
962269
294182
3096
147178
793101
125057
659675
23565
157603
960123
918154
140021
308902
10700
74817
637707
268370
965294
878999
295520
296744
177612
508986
207713
195871
700233
352376
163385
933048
325609
996058
609411
682159
715424
752427
246826
612493
256501
371926
916192
250907
450003
954925
477815
633649
765548
48326
763487
570988
475530
617280
788797
643773
754804
433955
711460
242462
745209
763749
826610
457376
862620
30217
666506
411041
121116
969571
128105
658777
989854
695478
767527
782995
52281
243966
647181
394616
100446
116169
141069
86918
45730
258367
387874
859936
525354
622147
730053
699776
486962
193906
596616
463432
767930
314761
898963
872629
358541
439075
181946
31348
47
822111
178679
501583
143394
184672
934089
174656
913941
335662
271336
965414
381802
552505
434467
797333
354786
633214
341208
959112
403112
899011
367504
830386
857590
183676
881653
366321
86184
32912
516912
27044
893723
701109
56867
551763
810241
952183
450304
142605
226821
963608
286276
589967
267157
214034
31124
12960
427728
395128
85746
986106
983950
557179
197788
333346
41926
374471
137537
353689
522080
314637
797600
961643
488280
211740
568896
273572
732747
489577
463238
461282
820194
602221
86902
953990
605720
990509
923209
970180
594857
721557
641510
706970
1753
554366
936000
328926
280222
543951
953869
640559
769451
312703
896543
317582
600217
657208
98336
481541
468148
588311
461870
620677
363936
618320
694865
535694
985447
288239
326933
633543
485600
381369
339209
165869
85436
458353
969618
204200
609264
771574
446508
249337
984698
982729
722815
704976
143123
648941
464602
484411
107760
544039
282318
503544
6260
486437
526889
701419
333749
259579
223246
166059
710185
135048
712942
678902
473197
193719
969957
363589
405809
948834
221747
337851
24580
453392
478613
730615
480248
410463
113023
972360
753714
998781
682041
212672
839184
405200
784787
960993
511671
577462
983302
19828
663927
323238
539817
988153
5085
52085
891213
979129
395862
221621
253557
841143
837627
699640
412661
131205
603070
406194
566822
160754
270062
358460
842882
663265
374186
772213
382755
431413
65376
89923
845331
449256
35329
971255
881551
797883
358979
854287
769245
311368
126802
253205
940103
28979
596372
97636
779571
781887
400919
455242
366432
735996
82778
782345
871807
67806
508213
899512
957547
636202
883685
710919
468359
515721
883704
831264
66099
179967
42833
817000
970731
760949
153625
56548
310268
531570
795843
54201
518050
583464
436473
686476
205315
188715
606952
296904
714114
22525
205541
652925
317826
898628
12922
642085
108407
711068
838865
71235
769386
74057
917756
767525
143945
974469
8159
261704
958504
117496
707323
387162
782232
126790
132439
331418
134882
883650
657485
63323
64353
35392
480686
430120
139897
103303
894163
314434
486007
745509
968449
319813
422599
42525
288056
997609
619916
746428
176728
658211
613344
841738
380145
198443
740904
752219
143973
972889
900498
967813
199548
671337
787822
721132
449988
800925
69926
698808
339555
275458
792540
601512
316347
423370
784990
636480
842232
850968
547912
360990
664569
48667
368823
207531
384280
177937
517285
902572
527832
729581
412006
597112
369962
652116
78142
372356
618844
231617
876316
388826
185759
698056
806135
882921
461619
977207
325892
532917
128241
564312
448593
377007
19636
632019
164033
51167
551909
785648
592933
354813
97250
634747
828979
419488
936459
952064
452453
681358
950184
857014
721136
580657
948090
834872
728159
135723
264861
85294
321292
250240
43222
423818
17851
754738
623039
698030
925587
342506
205068
380971
319482
294290
638969
147045
649676
474624
576914
142034
253751
870732
423326
820193
481717
202114
504617
127159
514791
242035
798573
475924
210571
667622
661276
462548
381018
458540
340749
498642
729281
904657
120640
812007
861817
202286
766928
855504
160005
284764
498356
685550
56264
72771
537585
758118
93184
14160
395424
226345
641763
687621
301463
813198
86036
606378
722871
538714
532354
852193
441938
783330
984414
16663
14134
821191
183670
586134
670811
218529
206323
394808
875941
295287
159723
888759
789909
273129
392100
4511
988306
251889
102566
320868
898512
717246
638844
247888
429595
183808
224903
635605
878594
158530
826622
706432
538786
460016
628165
137102
952206
46074
811881
5401
213464
413969
790454
844203
999167
550351
177269
695220
906805
863731
3334
534358
246859
209225
74197
64476
835131
471848
176444
90507
315409
914837
696885
704657
894648
901830
377274
50970
388317
48576
796988
218818
556546
332577
136636
638436
218913
928250
157192
433105
259258
87380
940245
35997
594619
250580
31990
103187
639692
887417
529591
220360
135412
841793
645400
23565
181931
165612
571625
390846
783292
579992
530239
247031
882070
334859
894160
479463
882353
327695
467504
372156
613848
19000
711977
493694
151062
158017
509424
782520
966209
698453
791498
428176
483294
994089
141755
131256
495151
205126
890982
678077
779808
931236
781574
814333
634634
93618
261127
507510
732001
372531
402114
595385
389121
734082
141716
606076
451472
243574
756378
591119
154447
229728
413258
892327
997059
314545
871601
685462
885434
72569
147909
780124
143804
399498
804518
456727
792080
478843
344822
173013
236263
401352
485393
641226
277929
559767
37995
242973
902555
650517
689093
684957
987818
739199
914316
545681
511959
888381
294350
26412
390654
349480
440217
837215
172996
358893
807666
15881
594396
650313
115439
670602
372470
883380
241714
202101
799430
67098
781442
495587
453356
675972
211207
484580
389061
129622
162914
785425
289230
472497
350887
712765
868336
521336
218488
740682
447724
525232
302527
193367
801699
143809
255943
425623
125763
12953
887799
31293
786378
8688
115757
731027
512120
511398
667571
719914
679445
328456
103457
302572
995100
590641
866895
169485
700163
881037
592244
264544
738280
451065
356960
488774
99225
143686
493266
538561
929280
224477
336887
185510
451433
296444
15552
40177
628914
600606
623646
311603
626958
921273
254365
27686
524725
485345
138906
509601
593580
696202
904034
781478
803628
920491
561449
459737
645874
781757
341988
412812
179939
565858
831363
475765
552281
571875
758414
206273
914766
481042
294043
732609
705187
35214
620137
228995
92750
86693
117853
402492
542431
421716
25814
501217
281197
286825
129903
333140
573537
138889
427472
693179
81054
796174
116145
123117
972236
816456
73837
164934
899520
79077
845695
435290
624841
377835
308507
439302
234202
485025
906155
665122
950095
306894
504996
391442
533470
710041
549765
774716
760795
240207
607020
904084
397031
825476
724181
204498
916022
907408
529071
403141
126204
652090
219357
948033
461492
656819
594502
208244
973901
707897
852313
867095
977073
269916
916448
104768
520242
591774
850304
689684
590100
785715
670475
562009
378289
656807
155522
434217
135501
958815
24554
751554
929399
602807
472905
651835
186776
573323
304061
879569
37019
517329
795514
691360
371193
42980
96862
104557
660383
302556
132787
632736
332159
841816
453312
824143
820272
310621
881100
473909
672451
895576
362736
312001
688483
875007
610264
939019
763112
130774
448342
193761
613688
289294
38562
792384
234842
774023
454258
764126
170201
746870
424498
700004
193681
333666
431073
127610
259993
480329
43848
708986
180364
296351
606359
131142
879350
352310
834013
626741
543768
680825
792035
784872
681112
37394
503526
795515
209417
997292
225264
181143
71186
416658
990866
514021
345149
883958
242624
397597
633694
653902
49929
135292
730590
698265
444721
623764
600995
354688
898092
563325
916318
153943
221433
182569
945136
780418
33945
539094
916921
191284
454700
416348
412735
733587
455078
305126
128312
583352
629362
795133
195957
835794
504483
130496
648427
490730
800339
644144
900574
909121
367834
554792
120619
576213
366637
610281
822963
988674
396112
777875
113120
411206
726713
512881
295061
396125
277699
20459
890870
492875
48523
1054
645201
349368
292203
721225
480743
754677
25361
757982
540635
346909
881979
640825
277494
803478
252433
706796
463573
210679
943262
96504
934320
352196
134572
488985
205191
982676
658236
947641
837354
176083
408095
908804
896165
272356
616884
963867
379079
821726
272959
907682
113870
158776
903778
952564
722737
894527
556154
691126
358346
622019
429784
964169
757597
741778
132826
947801
473289
10460
731302
529554
23562
381430
57602
566003
91496
854714
251219
206650
581567
131595
556592
532927
534636
562166
55843
985245
486417
963251
377852
483531
87494
943884
619153
352136
416284
744853
530005
791349
591119
963033
152019
595708
948935
270741
64008
394030
325707
20445
647451
367275
506563
423901
788026
150010
910696
842683
747858
641977
561162
408215
166506
491822
976829
349172
911069
8827
316321
214256
847346
518896
781645
511919
623194
751995
776152
412374
30917
205434
895683
531699
290977
288049
167110
195514
732144
451863
373493
505835
35204
470347
766671
719311
256666
164516
21156
385440
762321
330470
489632
437512
399813
80464
234551
837698
615500
252434
566895
91549
850061
433947
74245
204127
431160
8465
393341
943238
842405
252378
641481
686570
705037
121111
599445
243582
881247
627505
685293
754613
708608
471051
548364
696449
194082
445527
723714
177910
127552
29316
210241
130637
897971
260437
664964
555589
22388
533517
859355
253797
947695
631303
123736
721948
658688
868898
449808
946376
827468
375001
422670
109525
663742
818928
961690
388414
999773
563338
406945
343599
286151
688984
916289
830411
197645
435116
178163
284105
75050
650283
303574
581049
885216
727201
240276
628773
456113
936751
902259
98962
765175
854687
136954
739942
270752
908952
978749
927651
884810
652909
327816
109841
593975
149647
787940
68411
90797
799459
239112
597391
184045
272942
684384
1321
533837
312749
799026
293417
640308
980802
984883
994176
440306
492680
877605
759050
46714
701255
194283
142870
244157
335555
845035
542209
926243
728495
990622
936511
744296
380479
715511
691771
16273
607131
496557
492439
211722
83503
73127
854028
805534
247967
789507
686645
220626
449176
413059
761191
95838
713794
211349
134840
874441
580753
600382
582753
11296
452603
581922
535614
781650
341316
462706
893362
942955
71669
408498
838055
474411
114539
967590
925747
412803
861067
269848
597526
473899
559187
972425
849248
99939
456140
142962
401263
123716
592667
446901
637334
562049
237367
873765
825882
232320
118646
337263
785110
532815
490560
223779
539326
858948
579620
337251
600064
800118
424137
795942
209222
232913
389500
93737
682328
942554
913257
498228
68831
472640
379173
497413
553284
571227
321448
454491
183159
540676
579928
410016
348940
451728
427904
647155
671999
413993
670943
361362
672728
521739
689757
853857
173674
791064
382617
960857
991221
512345
716061
38224
908907
190802
810611
453408
885840
159361
85585
194423
429178
892786
7727
218555
871736
477954
407546
145944
496143
790446
265056
200295
64032
267735
964812
632508
510629
519380
894892
297868
917914
623796
296557
81785
845944
489871
942792
734140
202076
553863
95222
525806
51591
766368
947263
480819
735614
472889
308336
942915
913170
568999
240299
643478
696570
243373
676376
75884
88668
97753
543674
981046
986411
280701
409628
552100
314921
235529
698922
820684
608206
169922
10651
157172
61313
569633
299276
750012
422979
565514
513321
457387
61035
566439
573124
424980
434571
128801
192392
953188
327026
549371
997702
495755
864907
926155
443182
669445
693283
156245
913883
367492
798024
404229
786373
513020
327116
601417
563546
367114
20329
710601
783590
230658
985662
26052
85934
210196
382584
753288
737053
943449
180172
623949
789078
176320
210208
518959
742120
802960
902025
512711
672031
594329
971887
883365
737975
189691
743757
747371
622060
198098
773333
944265
951469
77629
254321
237712
555566
217481
474659
193141
528285
25471
245069
467813
306860
807175
336205
661951
138893
517624
146688
943987
7356
380285
466152
974069
734710
554789
681128
686749
992967
858054
402284
595038
756609
526543
194277
943968
760712
863721
226674
420669
140747
562122
732954
740885
393997
523350
964598
524047
14241
714865
507372
159852
511604
187238
645589
264521
553924
911853
397760
64177
173231
785436
658128
94172
599526
66669
171520
790281
151616
659304
393607
311411
960107
206317
80151
857011
223997
39520
316031
846897
80872
550129
923376
777160
141260
136326
728284
889270
99559
292232
768058
204732
968424
32135
351462
388632
274529
684107
880294
528541
778842
225144
724552
267820
960961
305116
325287
867409
199167
178393
185356
745276
246375
862314
92272
616858
63304
946579
422560
628943
331554
328553
359417
81426
362165
60283
589395
240742
299956
591068
221754
264753
844313
846542
139031
782970
477906
387149
674606
852996
579545
244021
553537
977601
100961
347472
894417
563253
601708
575616
78148
468073
222842
304454
372130
989511
438107
934764
903609
261337
613350
406805
611681
492697
674946
730847
550106
522612
398369
919218
964497
410784
715149
178088
987458
173718
419034
473305
535671
916654
255419
108033
67630
574871
231025
122384
863768
440495
292510
587855
684414
444037
896632
499306
557182
8232
89625
416414
43380
830892
315890
277056
50484
747257
525280
77479
125427
983759
96279
392631
830021
726490
915195
927627
780224
412077
412109
611198
548928
279326
999362
897814
924229
138687
298928
164174
531638
322164
901345
754559
702792
819830
39754
985258
773306
865827
999382
462116
114104
602495
289883
630366
233119
264971
955694
653648
682336
15040
467154
686402
203582
955880
598795
741495
332465
303898
174929
62390
569581
470096
681888
559158
825020
817062
163180
40549
851464
295857
977650
485845
804085
247482
26986
351236
950315
899478
206296
746438
670321
368163
45442
817489
579380
535969
170748
991717
210792
2538
900767
495254
806982
993807
145304
861943
362419
528145
438812
733157
318145
464825
953209
799469
256654
659861
761544
950043
762890
72783
731775
40608
359191
366827
366115
995103
86089
481116
284762
70420
216140
823492
90974
389153
610661
712071
957454
319095
42001
360906
696415
838941
819209
579342
703087
873184
296615
330019
105082
575511
510562
747402
909925
816786
728949
943083
612664
292703
918559
520687
665833
701304
400451
997307
860243
182924
267567
950410
968134
223528
327417
111526
84215
342338
37318
149315
908056
69282
310884
360376
636675
525742
259479
892379
515280
833616
706865
260471
744005
26182
500890
841836
752749
349061
687216
823652
551681
326923
165063
43949
451011
217536
253201
812664
434218
693576
9817
86381
19512
76136
354794
151145
952231
126290
126476
466901
838145
447374
74670
39908
529359
89735
760671
855465
858025
956208
944886
472530
26221
782801
563794
11781
347915
545714
193212
328853
271292
433186
409257
347361
246034
27044
791579
977929
662187
447159
272486
60814
71359
142785
860752
52805
836185
824279
785810
861752
834787
719339
144251
515545
869465
618643
377908
693732
357408
975538
795678
212048
593391
834437
430231
766449
205227
209292
337692
588525
661201
18771
552201
253976
85197
118747
410107
98095
436263
964010
860502
775342
763485
162988
694434
347278
192395
55749
580560
771231
158535
323636
368795
271741
262857
592933
508042
785266
727943
745491
477777
691560
960735
870487
881943
926857
437294
932434
684563
244597
384958
697268
302032
553887
178268
383718
633935
238597
767750
94426
2315
217866
380739
264172
720343
470641
685197
305205
610980
953400
327786
930541
63455
366223
630105
19066
747447
126451
417895
34777
109948
106348
853217
936360
774819
980575
829539
977357
131110
927248
407439
238599
820232
601336
839770
448591
644086
338687
484480
190698
462537
424919
306648
606286
85544
814773
914881
377774
848075
367083
650236
364324
39066
736102
245332
505466
241779
470146
953464
652822
872395
807685
610217
119551
570668
364159
937998
169104
245724
490620
597029
504632
886302
578211
525524
577322
81042
814126
398365
599080
979063
100998
406128
996008
990545
682618
89563
570208
7398
712540
626717
78131
243618
11000
803224
767543
107482
857650
716260
235426
981037
498363
878080
128850
335494
115439
778659
613558
975167
183183
856753
272604
984800
74774
378569
750167
790917
535289
312635
83404
12573
19904
530071
831258
751887
345724
631776
429731
214775
387364
815392
329851
984525
252496
995925
49773
774118
899793
996489
559332
263829
629099
706431
540285
564586
306480
587785
758374
688794
828794
221687
890739
443199
249604
411689
681277
436790
383461
614086
774327
681382
142635
409413
771791
692000
5584
871721
367164
742754
239643
790281
480234
311030
576598
595917
681280
502264
948648
940533
153034
757812
238862
902803
368968
303085
659514
410201
425298
489467
536200
942349
869990
29900
523097
113817
15376
622858
93902
53950
157300
579741
426851
538153
851067
888584
859877
589918
597720
264686
386449
308369
648374
140855
719819
810643
273088
235214
241208
44777
539340
730178
278456
681465
486053
642060
734851
832798
720051
554416
471839
507738
481417
506876
107515
263723
330571
928877
913900
981686
106682
671217
607233
193760
663454
459144
482308
840060
501583
790980
469072
130398
384991
424559
230282
499662
553511
87691
45245
614297
37869
404980
990102
724353
699503
354146
455928
892628
642703
938187
828285
246554
812890
768549
837963
111400
49142
702857
265614
490705
685096
13171
43671
811068
779072
376614
581329
894865
110370
850028
143771
443981
408369
312763
323079
572598
413017
50867
860847
628712
979257
172100
900590
140109
754924
907373
970370
844779
644531
384735
162748
579031
693184
368832
567393
518215
53665
974859
761313
887557
793287
189204
128881
497984
119219
103401
221767
659709
745660
853973
186034
897386
476351
922430
470419
806739
50403
828142
737660
967021
953671
822382
576611
526928
350027
544910
247042
596098
577272
351682
484239
823854
878989
565607
731731
916340
858087
404259
30313
81306
253067
277289
92182
539488
826707
598940
481855
196336
896436
693963
646219
949556
815272
3675
696214
165058
133628
626498
397902
786995
119160
593967
940910
481553
421030
521544
35029
969774
30273
696395
331906
680849
556092
790678
514862
637708
769579
955265
999686
458665
470930
1769
756996
757059
94601
97224
783849
178224
149384
137856
687321
448796
289301
132343
528723
900849
223751
639131
43275
230834
132981
300742
923685
116391
282880
736509
622096
880947
978106
527891
715581
933313
869042
891563
123771
579293
270238
676762
916913
516383
54435
335211
950839
566977
821507
18172
147985
1682
624163
152709
199048
236484
731832
596281
502759
51295
218190
466949
960655
339224
628085
317429
375351
477052
809672
497462
146500
761799
722907
8822
860801
447697
125568
74919
362299
15336
866742
993635
486460
376697
594671
375850
685282
540583
657533
492550
132187
537790
16216
214928
147390
612993
364174
35787
32649
641503
246279
467885
999795
128196
788340
988926
625390
609932
925076
737178
758267
192851
645987
965904
452201
936232
490207
979117
288043
323232
739383
134163
836309
622598
414995
734978
618483
811248
627386
275513
870918
671853
107492
756469
74588
50394
61277
755544
87179
703892
110163
339557
120201
327559
695036
143592
594603
696229
796070
984307
947192
455411
275292
506818
106858
596349
916210
161408
956416
132970
118382
695971
819074
3050
98643
484018
913171
557579
528907
403494
262316
87083
258544
673390
890811
91144
854391
675405
608343
385460
971129
27679
965662
375204
5920
497337
473005
916007
901162
505517
405691
564787
367325
935468
251794
544346
796616
489415
739179
545948
275569
375118
128934
172951
419360
146329
833699
527706
851079
49189
276480
228375
677260
666709
841199
746358
792629
182234
916786
385542
244847
82734
286390
861838
857787
350906
901769
814146
321974
598744
448250
576273
696771
369138
133068
632219
549462
647753
243542
260544
305440
796946
274426
645396
267666
47035
207680
699503
28496
890443
65038
460576
431605
415271
727302
964993
577340
770800
471036
543077
140881
485258
579154
255854
735413
156216
309299
850748
322184
22243
314024
398656
617270
476602
569690
416238
112385
841842
529701
888401
877030
461871
416020
229496
70767
162811
715135
315726
900180
624882
905214
545607
222287
312961
425481
175607
12859
683267
405102
353021
821480
278474
692781
852060
825981
155967
329651
375145
84554
584161
808625
259680
538282
861865
153241
649362
11985
496014
495989
640058
831032
185188
785060
27181
63266
421984
578737
562351
178441
600822
332497
769570
928682
144547
259513
281433
480938
558983
555930
183626
981988
559018
590970
441378
760912
442463
830448
360179
762449
916293
325628
982984
438442
511744
774362
618686
764875
997535
904475
506644
791735
525297
449903
790851
554962
672864
489274
289584
34292
416098
922516
658561
866481
439187
41177
832588
141300
513006
335710
569185
198276
539304
375486
425968
364265
93097
166034
811609
966439
671719
678335
745423
93993
976481
553960
916327
377
460597
412676
455619
480428
629023
376011
960085
815643
221135
883595
398098
778251
150182
14551
319605
98670
388620
104862
453613
713859
76400
67609
653669
650840
681757
244254
761261
573936
991862
756370
286474
547391
107470
73980
664151
544274
351334
651380
853653
587595
443716
287674
657687
191626
109484
398562
492675
769576
361470
781165
905477
580061
278379
193460
109718
777793
918485
261502
886308
58991
911299
978288
676383
80838
941118
616676
305952
481801
150218
457938
106741
778406
758020
250922
491213
119252
523669
468036
608189
3605
687248
843439
924013
696795
563630
156134
88802
795079
230819
691105
62248
253516
546204
699335
508123
438130
695512
848256
897746
651831
26400
172649
414505
80272
123108
92001
380778
886413
283444
178688
530455
536282
292440
927464
65815
300961
871180
598259
48571
865549
103003
513868
169899
950634
166358
329817
298481
347880
388785
319254
94434
90303
941691
146749
560484
457132
592249
679521
324577
740569
391901
808091
433607
245658
490536
771419
114104
436308
453017
11232
889557
361400
406992
807298
770018
441645
170308
130348
253718
391372
649694
392872
675330
972292
43888
798995
254427
360350
790485
890671
32870
672796
964645
720407
523199
507322
540565
270477
866949
172566
131818
87535
397477
367531
618968
668553
415362
86841
788731
191748
942462
55745
620081
497979
213544
965228
200018
884526
807298
53323
465613
335823
82477
173433
42592
193146
1203
283101
652531
298242
126705
782924
966866
825254
360927
99339
594629
528995
824894
404018
504078
478691
984797
940844
658815
78355
595463
855386
357749
583058
32460
943447
763189
280261
837034
121622
566817
949639
656473
946920
567126
513598
116144
934875
906469
551753
400631
682428
324973
249365
760074
932860
470482
515407
564774
25072
236188
19636
608915
451122
731502
49454
408549
607648
733780
423890
125398
617020
917059
796707
877055
778578
967108
161206
675877
685048
830362
408672
395809
316258
24803
763290
166075
649946
389835
246542
601265
917211
674401
701568
471960
202256
481286
699484
761498
225700
319170
895000
832157
975557
173808
354949
720133
848123
307290
120568
144975
451999
737183
215631
891486
786937
783057
532962
674643
981498
661467
130248
238869
797010
299551
69635
550896
640175
506846
896201
160217
841236
824913
477167
369552
307921
475284
239476
937886
164388
73858
343464
850302
998060
988188
835000
681304
135942
261730
546326
718056
782983
38596
958729
932477
861588
124530
818702
255262
891872
650320
235370
688583
963459
20421
489933
658641
668788
583475
341860
541999
56035
336129
661756
352404
164405
469139
968206
730994
744285
447899
64171
761246
571348
795721
465861
309392
800692
348190
324055
286214
272247
568350
343602
833671
428295
122788
320102
406533
689921
756687
853833
177116
122379
705818
426599
415351
496398
99466
54214
288785
917202
23808
834196
312985
730037
607534
126639
958127
393224
380966
859345
631372
590150
934414
2326
650238
934898
493360
612972
905872
544588
428654
791382
712072
563439
309459
324636
80009
531018
648004
63379
304857
192313
913301
881989
220029
627583
90360
247036
848641
566754
237712
908400
896084
711331
138403
207050
354255
884505
83950
585620
62870
659241
433299
664128
793751
695268
651566
330002
270512
230845
268229
999402
601709
402789
867037
942130
831791
870725
309225
422880
938920
872984
921118
516456
685954
818722
838242
289282
21919
263440
629218
909715
781243
136301
229571
515451
490926
366591
306608
311930
708430
633468
632530
851199
184434
557484
730206
682575
457233
303068
377927
240398
226120
408380
374037
102509
4474
464726
268878
6449
848530
697643
908816
749084
960228
440556
443008
42490
769905
240594
148893
65609
458249
745562
687854
547206
654731
312545
749018
569168
921224
392983
606486
58363
598534
150755
906040
180276
800032
968019
756139
825292
898378
616766
435579
497635
397555
313017
341968
54194
92867
330866
894904
514996
231492
423468
10397
712434
928349
5271
494294
752362
798648
981515
192536
835675
132101
355489
221581
56624
528024
118702
20669
9734
898158
753309
180777
508508
371917
399336
957623
9238
848009
918835
85447
502382
354850
661957
396131
846199
507211
664995
823829
848783
133510
968587
41875
138657
638698
302282
340630
438612
895047
613498
203081
65748
201248
907932
627292
138043
483222
203790
811575
990107
935078
339817
380236
4651
915209
869497
788741
15179
956858
488089
978205
326773
548372
646635
67531
161090
626265
68850
768088
952598
552783
381068
613777
343530
599300
860495
957977
231924
368563
692414
836310
691637
150015
19751
972171
616159
699484
453597
286790
352672
618445
35278
813488
335823
740679
266880
101634
858546
125173
785964
6615
251818
908565
186423
851164
29371
821056
900105
571939
860732
512454
672652
648535
780311
241335
380547
117834
909246
245951
523460
292074
975083
329833
147796
520211
139985
820356
56797
867582
324388
893731
755918
122006
872514
565501
961935
415595
392957
41973
984544
154240
661190
965493
887565
753726
882487
765619
643280
369420
995964
108630
255555
671798
384479
512049
233024
995594
380719
132397
921175
434178
534797
875462
117739
429979
194899
781164
580969
436996
809889
917577
165862
655282
328709
771746
435604
587216
394310
98391
852833
955604
614606
363972
958253
225453
255665
297546
687205
349208
558174
306280
856001
860882
819105
617282
892182
653736
218066
39492
325400
251050
621406
176672
449136
823614
133871
75635
323190
297168
887867
727749
833100
700327
253926
814255
897494
551059
62165
343959
753049
898371
341904
921175
751599
808691
509843
4860
122532
72130
923378
641258
632241
89057
154854
254621
15506
66663
237368
715530
826502
4354
371720
801508
396323
868489
932986
335162
559891
797868
184830
369533
30767
846029
969211
848928
72118
760359
23768
926168
329770
269420
386407
956803
344839
714478
712173
486501
911073
897587
479826
300621
18777
43
696738
826262
999355
836989
404221
952777
938487
269373
473825
824992
227770
964731
152786
598373
924265
206261
573540
605049
449082
908332
542757
631921
916142
9619
202793
340315
616431
324516
937394
807198
688578
387982
685500
169023
39592
659977
77539
711936
674199
429129
97010
188963
405200
28496
494217
984588
420637
86750
702826
542852
826025
973892
284192
70490
829115
221591
130060
628324
885840
629695
984909
207267
292757
631791
54155
292548
277694
172015
433057
561411
56390
724180
390757
530666
652419
570898
341396
315832
14053
520296
26911
64668
46859
40569
463372
706720
936513
994875
320203
438307
695962
770888
575766
583871
333095
611858
992451
146057
736465
789236
991337
612214
173464
294947
677037
696154
840104
70915
766248
774604
61077
402582
960246
989990
861236
722767
941470
717673
886997
546821
521177
363069
398816
590915
94785
827797
349387
456828
503511
420465
275573
979227
935793
510845
726370
182585
272254
114647
964820
399592
888247
349102
905602
291372
780324
907974
873655
919689
478984
361879
215882
342328
162283
31637
435254
2291
427778
239243
238101
80816
918140
344545
224190
814442
161771
54844
926711
161178
207630
359236
892313
112709
383671
56897
675263
998831
933213
479007
941738
825325
669440
372688
744245
649816
49077
422352
769007
372445
55053
227204
220186
815346
685222
960060
75007
743395
526861
923287
319404
714570
592270
844038
175948
684125
856987
653609
565217
247585
355285
988053
761504
249149
265337
559479
322536
210857
669994
543058
397601
7941
845271
979236
167150
812422
918408
905126
817934
543499
625995
747699
977364
670734
106037
628544
921025
421622
848919
84745
416507
805321
422143
375245
675820
603838
416167
169263
333498
405552
503679
246014
100190
904687
454994
712590
59939
575025
539031
29381
753405
779110
604247
748850
653444
366313
684149
554647
142475
872466
641247
487943
200033
781224
77264
969194
218916
948980
396799
750494
572284
786288
388967
24376
713211
309727
879540
346664
740687
775094
789767
779002
559842
670136
76198
197625
853455
50463
880643
810990
619392
493238
861799
454726
311464
884612
875259
762961
302298
407458
764275
162791
820485
787118
379224
492453
192012
836440
60464
691413
379014
551769
409931
733676
742607
785988
566637
925420
833737
753461
325459
444458
373747
162213
788068
293610
804451
780000
852021
810982
653091
768653
972281
88878
830054
768812
241092
684009
167590
456735
807866
802361
231195
744287
952600
880701
304409
215503
123230
724016
552519
9069
442136
298990
998775
537765
451016
552727
918439
84224
793138
783116
991891
78777
897668
176086
33845
239536
823135
616103
838363
46648
583110
622648
564834
605131
24994
269969
960724
176669
352431
278631
964060
459917
259143
287071
676962
808376
953865
60145
544775
747432
198374
541544
364926
640042
341000
163717
567941
862142
650654
252739
742591
841639
178120
308022
876400
898785
539868
595405
478548
873394
143699
375990
913756
251225
867348
735712
145798
223267
74714
256412
954712
206941
422404
874781
666680
258596
471865
770782
667755
153432
874037
635939
996648
896239
320501
35095
823320
898981
341115
386196
978413
955601
366014
841794
761564
954707
101938
966998
156920
465578
600495
979388
47469
408610
184577
901711
513045
835882
150091
955141
277818
35460
959640
351208
381225
486101
560768
230911
932591
902364
971187
124491
490547
710016
769061
106029
540975
666369
870486
985829
497484
420625
944764
541301
278426
19324
451152
887460
108713
77954
289842
351262
2631
529733
668794
873016
827990
448989
667164
900242
507592
189705
198263
743958
441594
305217
274938
563100
42538
732583
90995
918576
53975
270363
529526
421611
591028
154157
202918
441853
981448
195373
132323
308301
369317
270751
328400
48439
303234
82635
753535
505012
795063
790960
816060
832792
846421
767385
990899
10740
334816
35591
857855
526235
856491
303053
385487
506818
675982
647483
960823
31617
390469
688370
397841
910582
365928
162455
938702
42568
608322
948835
463837
745225
833937
861398
523509
54069
430490
108427
194371
883735
628134
940007
734123
468491
100060
859819
483645
527838
587004
871465
229686
907857
921846
573524
993648
696509
807909
984816
474535
454800
60779
554536
340648
441077
727849
279806
658840
819602
588123
537629
457246
213611
673871
962250
206318
191332
342656
251129
448819
691491
683859
262012
281688
281876
790701
244758
52084
327174
12911
12526
540112
766067
543119
266207
766677
349277
886932
988588
660695
697491
140526
407441
258808
670547
506543
806644
298234
500169
65770
810170
390053
346038
30054
614135
308881
47084
428543
226813
8145
920693
238362
67477
249980
604115
14083
323212
639321
113251
758693
876068
154726
975067
864293
275500
737925
396658
721435
353386
412676
272863
764525
661428
14855
873529
85130
764638
817364
102077
581184
144781
523707
434350
460091
681450
77984
307031
354907
698931
520103
114860
593584
15147
832634
635407
499541
119026
482938
535982
513254
980463
234111
472713
276447
331817
605582
132561
753490
625973
37654
768876
437061
520714
516583
98005
430054
143536
670768
239393
677995
93591
66227
361884
666954
960516
603847
842066
495826
730854
911753
908649
315749
673927
310177
588779
763666
207838
83436
644194
891347
829441
544011
492188
553568
269943
356359
477071
75117
625067
760095
923029
937927
127677
2417
440536
502983
755059
310721
321033
623216
718797
656936
512585
267755
217398
890331
990635
580956
417046
32727
328273
588448
399429
340902
757746
977317
606233
844945
586750
109543
738336
686883
469464
521219
412329
760405
471042
104057
191037
363547
414423
321155
235691
606410
5873
600332
39105
345252
259498
378959
875671
230978
917504
293453
135109
642076
586002
580650
515828
363896
21383
86629
205522
795117
343310
687474
75039
724115
964735
567670
649637
971786
835169
625055
763716
949155
663813
46557
40043
712558
917455
995136
891363
139297
20052
426671
343301
214881
761247
461250
352908
126576
298574
631357
346949
502900
812890
956586
744099
658848
880436
904978
744367
615233
224266
85399
662108
811111
800296
557937
275896
535854
34940
63555
415743
578472
310834
221977
795146
286376
923518
917761
742309
211566
636664
530435
261310
374186
829920
314621
86456
680751
65987
599712
26463
791285
925367
879041
285494
994186
16704
43485
554669
215639
269013
928748
270319
685451
789564
572448
99351
178214
526738
645114
283522
831716
365223
101449
825215
671428
80070
398465
706211
992051
219218
852404
526842
485786
914763
913007
283864
174657
660400
964468
306317
137182
394367
409231
153014
22846
331032
72471
848304
888847
692351
571267
561960
639176
481472
452134
901070
7029
946221
531848
563816
542114
913923
244835
778307
240099
79531
571447
571268
302783
881820
435466
433500
375671
134301
636160
519962
583286
269416
96274
49946
855446
863787
77166
797979
396876
127144
822507
749807
24754
158971
125671
854027
552368
628924
311808
707006
654342
102010
553195
959807
527223
482920
181108
434334
661973
33492
421522
731549
463142
78610
105638
365208
793968
356407
243664
32095
718694
825729
78766
299108
81839
327124
60530
404559
32463
744031
311135
167664
905076
241501
672608
331532
91743
978680
417349
22616
892973
147080
636059
688196
882050
831864
928614
245678
137169
257353
448957
268087
561609
607473
610179
34739
59167
671771
917181
337274
931380
604498
221077
86427
182820
140536
12650
220912
469291
802800
301010
470989
902515
738844
84013
115922
257342
659328
816487
746016
165228
671813
992969
217704
950058
894746
377725
747359
524983
222133
574748
60750
443284
101431
485045
345605
144008
77422
779613
706288
919309
661044
42222
967937
842330
828404
453022
923405
820494
435853
922684
269299
989046
802831
719432
519606
190651
275170
496560
556
190187
535109
271331
780112
497378
640820
500116
890482
315476
276067
640909
777294
184314
290408
748653
730425
725463
198453
244480
627063
739430
81154
141689
19818
971426
475657
501390
592613
162481
551467
355760
225439
135406
7408
483302
436355
788050
890156
820101
447204
513406
531261
313550
142094
256871
169712
932644
614008
194142
251011
746344
396693
168379
475781
788147
388809
935526
397530
240751
316025
352513
195419
820946
314427
813301
293146
299705
711981
989016
201090
716893
495457
665720
120157
472180
314358
187719
668720
652006
962242
802978
3585
502762
201835
868991
22137
119613
465877
164019
443748
345727
442357
933854
464084
908778
161732
920756
52390
582639
237200
24104
875100
743791
303148
165303
283945
104018
754504
964302
148684
411848
437211
657432
607316
858842
480572
373480
403073
313964
614161
479872
64715
107857
451614
367100
567292
675147
768447
850078
517752
622750
222193
169207
654237
820623
863050
175726
93829
19838
741641
463152
985064
667357
638408
600308
266655
387788
72590
71849
403779
708691
73089
339839
268340
105979
425400
233871
981046
928073
777967
239016
359221
613400
544660
981943
989481
320850
760638
984146
50708
877258
881533
989025
156136
538553
153676
8233
131975
105748
478435
292086
865826
43910
173929
525925
337858
509775
460679
240588
681381
252409
510616
518022
817984
70898
198012
127902
566884
65995
9292
626839
193083
425484
763495
887893
655665
158705
12971
430508
462895
889158
448448
533380
384386
320090
517518
660261
510554
893923
168783
519845
622255
310190
592126
425515
687550
655168
423790
230815
578610
485583
202232
758128
331101
615190
187917
648577
889701
849177
861610
674417
928060
679797
61417
12421
39495
855714
830195
441845
842848
435465
99603
389456
166583
518204
466854
167564
982099
322006
139311
324974
800822
971825
795335
275602
559903
511613
804337
659992
60969
731715
732555
732907
110225
990455
354913
395439
288725
894259
814620
353862
101687
170838
283736
187071
179553
386744
504851
578269
66594
941192
853312
462399
932822
79685
641276
90609
448164
654549
509464
587854
504674
232581
472788
256847
147795
649246
674285
359669
24720
829344
31630
674639
940420
152478
248866
817192
140496
817334
444617
277393
859664
827946
622120
504006
95861
438048
556443
655040
571345
607090
419270
563607
881074
638579
186953
771537
516261
877247
991569
791499
761436
77310
489547
344706
937450
50613
572340
439166
884330
127048
593229
443165
596352
27664
944746
967416
273079
310037
851752
764212
556618
434920
666430
803495
515710
414112
531309
954148
560556
539375
361297
461221
952541
502560
35610
686548
501134
236399
38804
580150
812498
319236
264033
33268
114583
226574
534985
542408
392768
27960
150952
501568
701426
923403
510213
974450
916523
119200
279683
720829
650956
761280
960689
203639
954871
621146
585660
431416
637459
342944
235908
996610
347948
342462
906315
71948
668792
801207
195978
728425
640180
44702
885406
459482
907501
306991
82400
375661
987675
55816
452306
792975
508136
719495
266740
509877
91342
611841
254071
729635
969501
274971
140617
771480
826908
366921
54287
97878
365384
526497
88113
623377
674296
343387
396494
199988
770272
121959
798480
448714
583796
64235
69467
105871
151780
830296
784991
304916
973382
818024
60301
788105
364946
630966
437927
94442
987526
696249
517103
383817
543594
422686
968577
285428
491374
979842
845309
828098
532783
506057
855836
652479
48344
15006
82532
761905
149157
595463
817078
70919
242947
540707
699205
589405
651860
639363
633953
696110
575182
147747
741041
447831
294531
228164
889664
827844
579003
466983
762670
517625
613245
366759
946246
52095
608749
516340
315312
146281
421839
297704
427133
90882
253929
675207
469728
303508
844423
572632
803324
547095
610072
551642
543512
983477
892918
592869
934128
988726
880451
291999
693861
986061
448046
251159
120788
338110
886485
669953
164547
332586
737925
352974
930616
70777
558684
769767
71140
617570
653136
995527
908925
629210
411720
267827
470185
368982
981480
315862
762134
531903
951402
726397
163558
372914
71912
215275
803656
592432
231222
656794
343458
938281
893227
126927
32938
947424
333953
444184
688468
856442
472274
171109
592421
553321
161858
272577
7591
628080
537212
270763
875125
90002
894292
448725
251830
812379
948108
911352
376614
386314
71794
436626
188176
368153
94311
342845
941464
460395
710010
648621
363700
119377
4658
719174
955387
216633
609771
262744
967894
35252
688407
55224
495059
289635
164902
263932
392216
213245
921344
962002
108596
239614
607599
81277
301585
540399
448730
339246
709062
7759
941100
733371
303369
945819
494484
399742
491074
339327
636133
878989
114682
205337
764509
648401
324082
351462
960322
635397
264528
216779
67880
395725
41460
830338
680336
352560
531113
869855
657131
82484
100088
782206
479100
555029
308374
742667
146523
247073
425021
942510
802709
881075
640792
762129
98609
792458
886871
488719
28237
58885
556899
9018
86567
656701
155499
49097
339001
946559
349341
413725
328891
479972
40753
511150
470220
230095
623839
642518
473515
697923
657265
319994
917151
507614
756338
942289
324407
578294
138950
296978
90284
405775
691731
696574
168866
610550
105565
418311
487117
884477
117616
627292
146801
415698
173686
222482
605889
441342
172840
607024
960745
717496
178785
402327
296231
787875
161487
843660
713236
526379
304834
393316
784833
853495
904551
53195
311676
255179
204238
258224
1202
569854
654374
765777
360942
635410
545931
418078
880320
457013
850422
26636
142457
305171
89555
549241
11474
390870
113072
706999
489196
937211
884049
46712
478578
203474
417568
829844
625498
9362
426561
701305
284299
639510
333636
157807
876889
739640
303028
887430
218603
702793
946764
918303
962750
546986
90825
897877
218754
655434
408667
613190
347874
351356
985077
639617
244705
818995
900740
533646
667168
961117
276284
584276
610876
800986
291981
248939
91348
706264
549236
929023
462440
432141
663343
364829
613724
564239
513609
492253
666524
26771
964499
893740
338715
180992
663667
957237
357044
368815
413078
90476
186161
308290
59201
475959
266537
529118
845573
229369
773059
906438
246545
81019
873561
531157
980257
839609
43641
394392
854100
33927
575429
641286
761756
407710
434618
869276
785295
504200
656461
256089
344026
107235
444529
955155
501652
811669
766518
847221
982960
497100
789259
650070
796173
939568
347620
3574
845480
805736
40438
964311
492465
832134
860063
415990
419451
499216
14243
450148
761164
67180
14994
402118
671572
50471
884997
425125
906939
32610
254534
254835
388051
25433
295631
224667
44397
871953
694827
975811
297031
331294
985274
864993
107875
22286
624016
188087
717426
435830
580604
407020
