9729
927511
472402
72276
514952
702077
211957
731150
623543
692517
630293
584807
293367
796012
193157
629218
915974
184680
4278
841277
757670
718740
583317
738920
711961
614165
717201
753312
472619
919784
623866
383021
171689
638891
168453
170932
598703
248901
401260
817786
849311
196082
460146
447926
868270
594478
244612
464464
483160
839293
762555
114236
357172
721109
909310
143406
940770
756457
641221
509497
994208
9812
266168
769480
620668
561438
803894
497399
371172
830765
188721
765967
574425
214858
693558
753308
987266
518735
943242
604077
698269
784939
403184
497512
488592
137938
344456
449159
359326
16323
308561
367603
441397
64951
969295
544635
968483
23843
118856
494001
789737
406826
533992
503329
467368
319651
695876
974383
736376
322498
797243
963532
708760
757797
837625
88725
543103
174205
281301
301960
23249
989719
839514
581219
428653
153542
796579
413595
279395
557231
436960
478709
299267
35953
305013
113861
523664
262447
193409
374017
168660
240059
845947
837633
100365
13856
435193
432662
349701
717324
888331
714756
769919
272856
607300
26973
362829
328566
405976
538363
590591
968118
888353
698969
262710
157877
107452
570703
720598
598818
962384
352296
721050
848942
20783
362081
885953
337680
121556
870849
367014
65714
956428
511439
228653
498043
598514
420341
322585
284537
67475
348079
859771
42027
302768
990768
284165
848361
452833
133585
301949
249073
459862
805750
606285
534799
189177
398720
232823
938280
116271
399976
573093
567715
471294
920638
619230
368499
978888
126399
751125
3909
358262
996684
489372
874307
226992
308045
231670
600899
654344
767201
525769
700368
498166
788928
758258
45651
132670
906416
866483
392157
502126
271584
23943
10771
235395
897829
917078
401270
246444
300430
56900
880077
22758
504166
430884
119026
63302
340997
603403
951607
290261
577043
813247
49459
541141
671067
39885
295532
560802
801031
696505
55202
949876
551550
528272
339190
928449
532055
486682
348981
73599
721592
27628
313542
961351
479823
382169
61291
201493
808492
77257
499831
166124
782522
73185
915341
978518
46041
135202
675728
91913
882777
20750
907308
209382
290004
507332
671232
635675
180968
467181
264295
449255
54543
54159
948194
802237
398301
434047
673059
886338
133718
18291
648056
877233
452842
845813
996307
956702
202831
318452
582706
302424
89144
566133
349487
370599
330935
970983
226534
298228
304940
626195
759550
764552
640617
749426
217238
216429
588452
424344
779790
144049
630423
522383
894127
549768
871352
40447
980536
285777
898320
613064
486342
808433
429691
624114
178975
727452
85051
227900
454747
147762
996792
547601
909103
780357
396824
893592
594647
750457
742263
159466
825055
862405
72387
483167
391823
502358
473335
205057
748273
870226
10738
89250
763904
252281
795443
342858
673455
542376
40436
130248
74515
514104
563424
640361
248749
54787
597233
192519
738008
951302
652970
957881
778699
315426
773486
711528
227276
602621
346876
677121
411186
117765
142600
969734
8917
935893
253942
310335
533140
413744
720117
85199
313666
264233
933878
161185
65005
350565
762184
395137
75277
910905
956882
479367
28486
37933
116396
78382
381978
60514
209050
848130
996142
584463
136997
743288
622135
391783
382424
712344
513729
445847
377428
666325
157852
901803
152017
443773
748771
822544
109745
289547
126314
201012
71682
843482
611523
595594
75537
644596
829869
47465
526949
825737
96986
885396
863519
380731
361052
953685
119340
232406
204651
119874
523812
344669
185941
977825
113858
141887
373443
668712
886080
443561
39395
227613
654799
131893
167543
123100
574192
879616
386426
105143
630386
693208
621674
972407
564680
264404
236919
395649
457798
206463
178054
902036
874296
499564
962914
63791
905887
228077
821056
888399
356169
922078
895213
426646
840012
565468
944534
823239
515743
932628
208179
830958
969428
231926
507410
611997
21046
318215
821244
570768
369915
708758
184965
134450
60006
418310
19509
552313
904380
457162
263694
111532
287904
748912
807610
846597
863309
712404
977171
234097
1904
763509
593294
371
167392
44964
596549
263017
80635
465624
383455
503911
409566
735903
787614
16000
143872
91951
323972
118307
475691
134427
94819
149537
351257
698273
726400
670476
48743
723935
670435
391739
806840
555238
785406
449579
578409
856295
382391
154496
621484
608330
438036
614889
193219
609566
973506
513121
99611
32619
987714
262417
372163
864930
215857
329874
723399
543286
4210
91985
699885
666500
334010
891852
38283
953389
143927
264184
895171
662020
432094
214213
460253
63715
671888
813881
911999
26392
722024
844217
995787
919677
332259
842023
408853
509413
289069
290596
27136
954290
247172
516598
736820
430532
376587
199685
440061
390860
448429
859072
712195
959102
261228
262813
14114
6629
797509
243645
336294
810192
134530
279533
561380
718378
222812
422857
123319
637672
411082
656635
926230
501339
929642
378465
402255
88549
11
957069
45154
50376
340565
847909
851836
891546
336405
58667
588559
755477
655593
893975
302538
860426
386181
129121
70906
45558
279455
199963
297981
835693
72829
659770
152158
724723
711001
987893
582354
26090
716845
537733
437454
650597
63585
705741
998659
55834
947791
59220
771319
677110
857903
961069
143489
835659
306660
13560
94689
720421
354978
837377
563642
863098
736378
222085
187756
244287
549187
125461
229394
391127
138855
952532
716885
419046
790343
868379
612907
543940
856844
33083
1264
936014
712267
882914
280543
804374
815316
257366
85037
398842
857624
197279
669378
664338
665460
852290
702421
583939
32670
248487
497250
767281
203370
780956
720395
633937
765242
945010
635977
809116
748544
421317
308813
862303
40689
701338
530615
474159
985225
245024
729457
843706
922228
151385
29802
361017
693024
70930
905835
969538
574557
796942
298839
878074
735981
190913
462659
927656
452910
80184
638511
187492
877089
549462
133217
549550
410390
263608
156829
159323
798134
187130
237891
507689
295469
667347
775173
901748
987762
681179
6082
809282
694324
209838
158148
802425
287586
566568
669139
2544
147991
265487
15220
758818
163233
105105
893121
685887
741612
521762
248230
294172
273616
914567
364277
523147
683956
526449
209703
372998
626845
503105
520880
180165
678039
41066
131390
253871
438590
322549
241421
526573
493545
316957
236777
379353
419700
917146
84930
614933
713897
253243
228837
397305
190987
180908
813085
586212
332798
349016
223653
902067
618582
51623
856712
996944
6074
138536
277463
18210
861108
711755
135047
277794
427865
449349
762916
955789
479184
967894
650806
712640
428327
146671
418035
505562
411084
27341
829751
354432
185706
564562
155648
378448
514418
159326
670823
414034
602635
295654
324053
750202
335886
235027
763028
621657
803563
718265
636611
450407
354025
292722
752868
476005
417098
222935
501135
717426
441932
681754
492425
65900
449228
127683
44976
556929
804358
432133
483341
335633
357047
843452
855436
660289
133219
741958
823687
310943
669042
589115
433790
73005
349558
768714
818083
314828
908616
148465
813586
640199
258064
655448
511198
11000
411938
556491
412103
320731
879173
893267
900935
44205
655504
276335
279115
579776
716270
908660
232191
169374
241088
421310
441794
422487
384993
906258
2297
483818
636933
542226
77055
671372
170554
226139
589818
761943
11153
444159
53577
502162
684694
149594
670105
561689
76986
747539
864855
476265
23186
771057
53504
896394
975032
104471
35988
328473
873743
212318
659113
674801
884709
738829
325915
142518
540017
162167
608993
183869
318459
230642
110779
718235
267227
125743
271495
815305
875097
213435
685811
629041
769972
425809
670221
622808
442622
739097
988471
273831
144036
716865
605814
693975
113804
836215
854633
909432
426135
617728
930774
897119
669574
798840
346720
841578
509496
293734
219989
45361
70609
700795
297444
784971
478071
622311
736299
835962
883382
442841
210479
745460
832579
765905
676069
163087
569694
810723
227181
218376
748880
893258
691806
555183
72660
217318
273148
473779
166546
75859
240070
526150
643462
126824
29228
781548
41152
966857
728926
573286
192772
919529
379520
811253
998161
793248
535162
470029
12863
604901
672043
230488
408897
966312
859965
131107
277194
665743
647763
188777
394381
678986
672735
407162
500636
668501
885713
797128
998066
441162
978090
429774
638028
787488
611311
501533
82545
878276
663096
259717
195091
766354
473832
855004
919566
469360
894327
692526
474125
88647
436202
844097
160332
3999
888484
998211
863607
913622
896854
231826
828658
434941
843347
957736
527154
285072
147262
933026
591304
733391
51172
625323
724350
477565
717798
207945
30938
339956
521359
283268
885504
417443
496964
662126
597107
52070
833753
142164
948028
463040
175808
215615
857635
354488
688412
109415
507482
735501
537716
819061
138298
575574
131843
839796
543780
169467
514604
346899
283593
983242
761610
522521
821894
102519
731109
346534
722215
340659
197890
966177
291917
765543
811538
583555
893866
450957
199178
137279
431848
290795
258962
173261
275497
493037
487447
885842
831978
525983
192443
278446
70721
139524
72620
467169
178309
729941
118418
550490
617420
365401
99106
753246
81743
952989
632400
609042
765162
355473
885089
759205
821632
565823
891422
850396
522940
16105
112356
329979
968306
621373
838617
594509
179171
617015
578809
871569
365215
817427
87502
732865
104389
653486
423678
741311
257830
940793
673726
753247
202952
350296
440293
526603
348358
969693
797019
313431
347541
314011
68464
191266
984929
866794
841161
864997
904149
409527
64756
743195
227130
374789
256029
980685
684151
84932
233178
42681
748471
979596
98145
976350
589736
830454
837209
908391
977567
443607
775949
303153
858392
563226
243133
121403
149275
638713
427087
822889
930299
97560
22755
681269
396281
61886
86660
219571
972741
132400
210489
360191
189028
955948
270844
777541
991021
952383
247170
447084
614893
830660
222649
119520
254698
941689
402384
899642
771589
167487
906351
174798
400888
19886
914696
609362
568447
980242
298629
808678
629588
172679
853729
987204
31378
209580
254867
215046
213563
538439
177124
310606
349013
331957
777506
420053
121007
761868
379245
533396
920897
238607
174062
687624
433265
990157
102696
709222
344690
291094
391270
105371
36807
749403
545428
22590
523878
550625
592170
40469
566327
717474
917059
850817
745851
463872
445068
113607
56842
229734
73687
862971
751605
506941
336655
31499
979018
71432
895942
846693
282677
918045
726955
930758
634755
38273
918679
869536
565314
342494
308486
525735
516933
592355
301603
943289
870468
3513
306107
58600
506463
506077
522324
33637
222147
139998
530903
251658
875685
961141
717224
584387
226476
363580
307734
357786
877675
485517
680302
982047
11148
170232
465578
789872
730696
872480
684231
46379
98578
696946
630772
183661
439379
132099
910502
857349
522384
655942
481352
62010
177769
433958
516496
784565
296891
871814
111405
531021
911012
910483
51100
829869
304678
221698
159322
720292
5157
49579
709300
328969
786570
726722
36538
798281
812746
855470
39698
910991
696833
574279
668840
800334
97528
362417
755075
249710
996741
606991
604915
874384
934226
716070
892071
725568
462390
188816
195995
590134
907327
309594
943854
648329
861969
7546
112657
96945
851815
500528
253660
851319
172856
679543
688379
656123
970358
926248
153221
920609
205616
80108
817197
134362
638104
497884
735121
739210
613150
848951
345200
204699
986298
151359
143737
178398
43465
888432
122110
729369
112271
944606
401607
688433
902939
679402
381635
76405
470216
686880
910233
726596
191455
303856
654749
392925
942042
244872
630559
89665
728068
649994
976669
129479
139516
839471
444888
561148
79512
905016
39236
818932
778853
851084
580312
825010
444621
959411
93382
411503
111250
14189
753349
378827
413494
999472
162185
46733
805821
69501
382740
525400
322442
106398
18982
610797
38054
269630
188944
68119
165536
618212
828391
498167
909390
959502
174867
635820
105457
150438
22663
836894
32183
862051
73611
332072
505561
597311
90933
527136
275941
431312
20726
247300
126358
649862
687696
930882
123807
962496
706725
637859
314311
52107
411115
703126
751597
1592
933052
231253
992941
21656
992266
900534
772571
314390
210672
787664
50732
354738
445603
666312
90101
406358
787911
820983
498443
127446
84446
586361
829193
790153
670619
341781
970351
54654
488789
157764
103399
919645
985559
859232
809316
859164
116692
378987
142499
545434
340920
217784
791059
685979
724057
287865
614353
417313
235852
49383
324620
434211
81812
352136
852424
347437
921206
889440
413950
904787
988392
715318
196960
998227
834407
942081
838777
882758
470184
824432
986035
1411
194406
29011
955699
609297
815002
763689
338398
107590
935177
481990
758143
276928
948343
586913
942721
284799
960889
464120
670870
711518
880104
504160
240698
363628
770866
104620
261330
697387
71498
838713
907310
610917
695231
263573
311534
955173
393066
540554
540032
578009
257986
753546
411911
6914
422858
554936
453655
860885
758249
48785
982749
157554
650714
816181
288796
462078
941434
615190
273490
586527
450494
554620
86585
85907
947079
858098
881257
691821
585870
985808
671258
800174
260986
559398
359368
165692
914449
956674
373743
267329
252106
729503
364918
551267
501696
766954
350440
323931
999939
654385
790365
487413
47817
393259
477175
735011
240322
456414
965704
946301
654921
686449
913553
425113
574710
74766
71333
936259
798928
861235
92461
722329
846176
874774
823044
92358
981089
829235
506434
355673
218387
898611
667158
742785
98286
512314
994253
47335
822516
845261
153775
208360
334047
779871
291272
703213
106042
977975
194116
503401
128396
978559
610804
74799
956270
808683
911917
60334
594750
589187
487567
852490
118508
709327
952995
83543
896434
432287
764382
625076
206816
460404
349187
713538
345173
378254
699492
381184
583306
270419
878024
254213
84424
333337
487272
340824
933626
458064
214676
216687
400477
245135
325747
587715
914899
924537
82407
871564
578455
484428
301519
402974
243787
835782
137638
492640
957166
802611
777416
612197
816553
831320
169173
305896
811656
696950
391918
267049
269702
780923
549725
580830
712321
525258
663121
188248
93324
223269
680902
24372
286307
403957
580227
281977
280185
286583
719869
116821
623918
426818
245273
908463
545692
867320
213327
971880
995025
453833
166890
760948
111703
397791
581740
419726
591534
249706
454094
456029
349659
288520
308196
232673
266457
228623
813343
17049
532078
568059
185132
43637
992537
586031
184891
139699
422055
318889
424922
489817
366437
225863
76799
380750
928752
906224
644004
127636
578536
278945
259917
508197
598595
412372
750117
408810
899838
277134
963334
551890
512238
637446
317848
822229
696436
324013
202001
992262
381582
939550
402714
785998
275211
963876
147346
175882
168663
816482
546603
868611
727860
204643
197810
994118
244873
899583
764525
879008
731860
47398
958109
993336
704572
907980
810083
768649
518530
590385
532223
474170
929429
684748
974131
854491
933252
280851
112006
554366
418190
850218
563236
10992
269653
361381
221027
451219
236849
396988
539424
741145
335521
645578
156872
163487
841885
220482
490867
918563
568263
374895
545130
44324
718079
224485
273673
303509
560470
703177
963328
147901
651994
696826
822131
873710
188623
580891
635201
770399
735423
635839
794402
646185
690921
651311
36778
758810
914325
725274
379562
195386
148871
677146
708342
976920
389714
510879
662592
418383
721283
745338
112291
507674
985086
263624
39100
330001
880487
234425
592819
480128
565303
485500
823191
97954
979630
931977
678695
505215
715751
448970
370542
175903
154823
446055
884294
677098
457359
109740
551804
489885
175826
837273
635924
863275
383168
736519
7523
592110
660448
115762
595035
911176
896092
420071
212260
627547
764662
991243
342948
50912
88089
353349
643809
554984
675850
936521
217854
551917
286781
881410
66082
110100
791428
558812
165686
875842
589026
265323
946828
918808
963646
579643
586077
761804
25843
427189
820651
198629
232452
750314
974981
306195
416173
13695
255977
338600
196564
421365
644035
316215
149855
360212
709588
668232
936095
341236
896814
159989
326953
426856
738715
52964
430342
455431
87710
608992
107008
649880
501265
807510
656925
830745
219245
422890
624360
789228
6248
121460
904554
869535
764537
500955
411384
901399
225527
944779
128486
894168
623967
28886
272281
247282
858356
549221
970490
732555
344513
754712
745927
117766
148794
346818
572739
819022
363009
835194
423630
227457
900996
191071
110415
561339
115459
716588
754701
43069
137007
258484
71773
517818
963246
459066
331638
100350
258748
733615
876576
119291
574635
18248
740939
564146
521803
762044
137916
385530
886500
423831
191266
313456
926048
585598
907079
990076
320198
249728
57058
668283
285793
391508
264137
820430
149567
663925
721027
583103
15445
167767
915836
275211
198656
314500
144978
528656
678886
275480
107532
130580
328507
225237
970218
436719
835807
76260
195799
831511
346085
833065
787451
447558
183087
420225
771117
739338
954997
566811
740166
849256
309988
745008
438032
884270
657571
374560
819614
382292
934256
648298
62197
121294
274665
780424
748200
431857
929959
168933
180353
748799
417285
363068
86939
950737
907262
807886
509197
836384
215156
235648
926401
756527
722765
258382
978978
565081
757944
539696
58867
154355
747534
281096
313021
606493
759315
930756
660257
107946
748891
801366
678859
36329
580489
143757
822343
621008
101043
82768
978669
158596
927521
831607
421240
733256
413620
116934
814197
974655
57124
730311
959191
896223
747426
32451
512295
585972
142876
933276
601880
851726
691295
739466
223929
877001
992278
78256
355139
934647
711856
98330
802066
660652
990496
421206
618353
262757
30142
919404
73742
749333
841035
102779
88140
199886
689617
810545
842551
976008
17257
892134
798291
915666
615894
734614
242061
758546
826575
648057
832787
292090
315291
911553
548351
774346
96148
302447
605934
21563
52749
888787
323504
220943
76624
815838
735704
384115
417728
751973
74866
563853
70429
960501
169812
100008
398054
667469
341517
568697
903769
29372
97147
258254
534550
341400
329977
539858
583842
292504
955956
446079
867462
783
158623
937440
407831
452165
947965
253634
405649
918900
107419
689271
880925
571164
202464
185094
405106
67267
777532
849394
456279
546253
82622
468773
657479
530995
332866
367673
578349
496739
660615
626084
210062
5812
747039
475133
806086
453
888703
9583
204842
903537
340598
100601
351373
757744
196411
724959
475614
166669
476959
115377
34030
973375
27617
369141
447696
255335
504800
362291
572505
973861
382955
757470
468743
243031
483252
473626
649854
754288
623588
282030
54765
49072
179528
86920
875728
504581
372456
656615
301006
717630
174840
77097
160834
979368
77608
619761
891671
200007
144022
792948
327052
366067
149027
503585
260055
700748
945059
544106
876966
928155
977582
379188
398272
963462
758676
366487
276362
285360
905453
237906
278438
440939
790285
248142
581622
538007
850253
336126
534504
809769
642479
600551
105183
543541
784993
314272
934246
156719
916706
213151
902810
847650
11507
912966
747783
244830
538715
474848
597699
946572
702932
798730
687719
299810
391574
744238
385195
747569
628733
594091
358429
518555
688729
196497
871230
412451
510546
281224
197305
442525
863094
407952
155072
843396
781537
94690
550149
9322
5000
318134
588371
892618
991330
38238
250950
784569
63347
872080
516909
52539
100470
761409
573114
164274
376678
102124
757796
265266
253225
747441
594650
717615
988953
63195
751587
611928
697713
356986
219734
764157
354961
203823
321651
193258
384430
120390
872605
73176
831129
820349
78069
754169
619498
583651
11668
452978
26889
617372
591716
889957
449048
690113
735516
369195
138176
952484
141462
425249
453911
100913
319054
116442
737899
508015
105593
503410
927854
781158
868096
591106
171966
457755
874135
353199
820687
147959
59838
930653
867383
190022
606740
896513
344533
658715
924499
960533
330463
384208
833004
902820
700231
849898
269056
570373
183306
550620
846968
242724
793685
18658
60801
707579
496276
864526
281319
218657
233816
961760
535309
976633
16291
339085
624327
374987
147091
844386
566100
205231
277929
251778
598267
545701
46838
354955
434240
463874
422945
977687
562243
49285
683799
83167
768502
805384
817999
88569
771833
357394
952569
421826
959700
988105
222530
637206
621136
449477
858566
942396
361266
633471
771603
316703
849109
889512
575382
281271
628003
352790
178341
812039
433584
705817
467112
33023
518131
429932
714597
136193
997921
418631
682022
735616
801576
530257
491848
428485
901765
593779
828067
385996
815746
44872
326801
924171
188239
468976
697949
283410
688828
264324
917130
142925
504529
861988
112701
180007
426891
95851
253319
619081
274611
119364
971859
69440
850523
95766
503593
441789
527352
163099
406172
824309
89495
136974
731094
951465
99070
433987
876414
210944
574816
496144
623875
294672
855291
778281
504008
518843
795346
107402
756396
54070
784770
806669
246325
279717
758468
862619
494616
237602
414846
301887
900199
37021
608838
534806
138583
992669
196084
911843
205677
800805
816482
768383
908933
372721
450435
833261
65279
13471
301469
716300
630598
302827
601124
251557
536254
387411
646644
126692
417546
99417
659435
485988
728951
576743
470625
414307
746632
939724
777542
570069
471774
885605
618710
823188
360708
903127
47931
85108
621909
63672
988415
646197
872202
795149
397867
318098
73252
570158
298049
150902
435378
144198
174803
539022
100544
299127
707263
428729
502556
767066
389640
409052
910342
990564
288273
991635
523379
463908
682488
629250
720190
566824
271500
470921
218092
794047
11949
380438
520538
832154
644479
238164
755845
942796
745866
283073
151350
686065
794673
392413
745608
712618
627597
755262
603479
740742
826854
175488
183431
115516
210254
461210
599214
356245
320665
392077
554015
411750
243004
745909
516884
871611
61057
639170
449271
810384
726372
983744
993549
507576
955726
234834
107840
113313
13611
484285
995207
395247
365994
730912
379764
84804
42256
553794
171225
169249
913081
386756
870872
765606
437549
211573
438982
44213
602523
814788
377275
188597
985461
625744
223801
276786
902823
162972
670391
251426
529973
993502
496265
773507
218480
381494
526381
215391
292052
119356
72372
410033
144897
754610
445450
786786
311828
241304
575013
360620
79714
984223
235782
632288
950032
466485
373231
141698
114322
61247
927714
691922
392574
339173
756561
824870
222604
935110
487591
508018
661165
504653
369073
89450
194884
420571
118251
234302
624325
145508
255011
907012
979689
413334
741580
920692
59595
773043
818530
955596
229986
648832
72628
212372
348764
508693
608723
139324
866387
95509
53205
107169
804142
205368
687622
494190
849111
349508
377517
878175
472468
946779
523254
488993
807812
668589
286017
224150
669753
33357
85318
267892
496620
488993
474850
838349
150177
733364
64835
3433
155608
528678
13421
763215
882349
62275
64806
549219
77517
971248
893188
306153
53461
764545
447313
894760
208072
964008
830360
944297
498989
187273
128975
75358
201923
43241
29408
307872
262498
27524
500630
881041
581936
56637
117344
322593
48316
126128
705413
262443
985978
430116
438821
448639
16604
820252
674792
316219
54409
120908
850053
675218
327868
331817
589489
42863
191228
675609
796642
157682
586675
931722
925566
86360
31086
589662
984037
144442
216944
671492
977112
640620
787571
746722
263428
792582
247036
92334
692143
807615
287577
940764
840766
92788
437754
707954
925664
804617
470570
218103
381275
754918
933416
613065
407665
267363
242022
669582
609774
28926
185501
879299
377617
942217
502155
255216
818581
666401
724619
911868
76442
131032
755727
321693
971445
742964
269243
801831
39697
865745
859937
2630
603072
630497
58197
907975
682338
81556
722541
333264
213360
104723
589527
53872
993958
532325
322327
50897
843
762933
945051
338826
154910
894123
251452
304401
815518
692854
205651
891022
330166
100715
602038
421386
488324
430855
998606
885638
268805
714768
150486
456360
194014
777242
207538
704913
261065
558182
158634
713290
135002
929637
252609
995356
722797
140122
101622
730942
712751
433565
190678
803369
169989
270331
184764
855624
520220
367611
259623
902923
319566
592316
264054
31707
845550
537914
519874
98536
48944
644975
400216
941469
54392
869782
251474
999797
816189
328202
470032
963751
176538
227597
373016
957309
361841
619237
537416
878147
210044
416417
46516
16474
75570
416826
237728
895276
379345
801492
779867
91514
434702
543076
854710
981200
471063
307115
841248
70298
896001
217056
114719
119377
899155
838827
715949
163854
534894
655502
473325
111615
861847
653982
763912
951671
439971
463855
612713
837727
507390
349711
142929
983626
64791
148392
223703
193255
828588
577865
520384
696463
152301
589758
956214
460606
515024
27163
52137
259103
420913
847192
506239
360576
821475
122262
915321
108645
673943
524288
98531
228920
464935
508621
955127
685918
5888
121313
470032
988388
510122
620819
26374
284376
638070
881865
35050
205173
667587
491200
37983
498422
202476
533736
847699
79179
239185
281772
14105
765417
243777
333455
478181
929916
44161
63090
66979
423416
702331
297010
720628
263245
463686
878382
694789
114937
654094
232550
378318
107319
965024
124607
684005
617621
126101
786979
843580
465443
382040
443013
764093
96071
822741
516226
449856
914158
452991
486755
757671
590237
553022
177983
897687
653861
829876
595709
606035
661109
381547
373559
608310
808777
370397
556987
752077
950145
252894
3371
107983
342156
525290
852420
702586
869699
378823
18811
925066
496274
962902
196547
717208
400785
915004
767020
467150
61169
823271
677989
3
169425
732991
424866
558327
544368
218987
786457
663276
949629
957757
380454
63583
376907
811771
625614
211106
800864
319115
605600
426839
753709
152954
802551
122635
464407
406377
449693
529964
706675
198036
716874
994792
214865
65536
175306
212324
198767
899009
835068
272598
866575
631525
189878
113920
376163
723009
498694
472202
777060
47126
293651
846202
719489
975519
931491
386642
286965
472377
249974
318086
492849
999919
254927
507928
519993
14305
40978
357394
554379
545041
561353
768735
379449
968139
385664
385671
500248
485614
296017
728582
57809
733338
401274
298759
637012
418232
751210
287682
630445
865248
69979
164079
181103
738923
121112
30693
551244
671703
90400
436180
988487
394832
142883
891675
249088
520161
525353
972039
617774
671159
314130
37353
965228
662221
501560
888595
18666
118457
879472
903279
283140
354579
400944
424507
587055
593661
487946
121317
92047
501460
427286
850494
845159
224242
68783
660894
607400
68252
575444
197077
933802
665935
905838
392009
62584
792482
506352
23217
282821
443160
862938
441197
851389
769668
501977
197055
429879
872857
679561
136810
625798
16718
894810
497573
256431
314730
253200
486780
622196
899249
931620
577348
888271
236075
849608
659641
726203
762957
138824
152182
678315
521287
7756
873807
765662
919529
853818
704014
329738
508530
956152
847177
401333
643831
719247
404700
154595
695213
305899
439817
312682
545363
905023
706408
811809
740542
631685
565772
238071
889730
503779
122165
852704
257914
394793
855851
275497
295861
407415
273277
426605
806333
663804
706518
118944
964677
573209
949304
184712
785646
891107
772184
322828
79158
841543
673110
753701
177854
833673
461720
369905
314550
177381
857602
995430
882663
599318
576211
953123
588252
362228
600159
500002
391086
458808
6501
684426
144683
931099
210124
324577
282274
178077
466303
747295
640718
870690
180706
99933
462429
563639
492399
840749
726235
747442
141426
919107
865408
177078
344029
440656
949650
804757
704841
971759
213240
668433
137674
518264
575837
909563
903853
953971
26365
928957
264720
529703
135056
607603
552606
559632
83727
861875
226534
847790
396903
422189
335832
68538
398969
436590
76123
607860
786636
458559
327245
213463
717840
889706
831256
547310
868944
949212
67309
82304
114611
96614
177889
331687
678062
517342
922592
647231
929610
280994
105554
19769
78605
122300
170440
337039
314504
297953
584163
345938
587388
163668
409986
802335
368746
306408
992421
137136
544502
366882
579811
58254
443959
706940
375172
392548
630942
297734
860732
147504
74240
375272
420293
763730
796545
608706
405079
621191
14815
19636
697735
895791
339864
16569
822521
532746
8313
498798
899587
354049
458373
879985
143648
856033
14462
669348
102798
88610
514002
989905
151045
174438
566693
847976
942868
746941
84471
93667
43609
888549
258610
626250
801628
426767
536723
821330
624328
990620
735858
586017
158728
4263
573231
903277
621115
490811
731963
871746
501395
286949
312704
878434
102991
147557
896686
673350
766226
157694
953124
403971
102240
180013
93495
524424
12790
247990
188705
70468
732803
785369
105225
475684
441926
100836
333994
817722
568005
879970
805283
621945
999527
464241
375643
282717
818479
231281
846543
196711
217109
101272
915322
660102
699971
477987
672608
401426
935017
688423
522870
818737
966653
828358
292081
799004
399186
107773
552553
142588
967060
866201
323114
53422
443294
103625
606680
203366
672568
855247
471228
536239
493040
807505
744111
376720
834323
607308
474721
246475
536968
609512
42119
86655
173898
399718
194783
985773
34369
62837
667553
483415
719140
843651
263044
998155
954803
601833
147233
200638
279426
46376
733953
889079
940779
222134
726277
511910
34667
669615
883735
26153
37499
465798
91536
506431
65469
825094
573946
156261
59282
709700
481327
978767
282504
647588
896800
688708
892273
472772
487346
617494
396814
144392
77570
650493
787050
205827
191241
884432
20932
305150
817307
427999
10085
835369
106378
459055
30159
795996
44647
228371
442774
125768
636328
898659
116104
69246
532901
645276
734919
673563
936061
906452
940664
194896
14933
95064
961556
582730
797696
484771
868188
574210
718715
611837
608169
631970
48143
538735
856161
33938
604313
875614
596166
79199
452070
952908
185256
360264
480184
151974
278203
259300
553126
893194
733059
42419
75807
165082
993515
609023
319310
755958
3318
903342
357210
21977
522061
59047
275653
83858
36726
71839
746996
371484
243237
518207
520013
381724
257645
860340
857532
721720
58767
180690
350609
856911
403443
86566
739075
896152
46005
689238
62680
327386
960086
317495
910940
888389
351827
722412
18766
360876
386643
82869
410971
618592
438393
328027
23170
88106
585945
922550
121302
168932
462472
781594
498146
871476
148493
33884
19878
799334
414707
372676
524928
969445
877632
848465
982566
658838
89280
606179
664336
196498
933818
527689
915507
109694
108036
897831
48423
233736
428723
309252
873769
512959
564842
659566
543293
422287
863827
3274
485804
512920
645484
471868
312555
360811
930169
866607
832220
328864
170584
798977
542637
919959
79409
993422
361119
578313
114379
451672
867489
191434
20604
440656
54170
977309
831289
402307
748550
883955
513291
857572
345848
563778
979875
365042
285373
115903
625924
521670
765857
542264
259550
261307
86923
873551
128059
97018
38915
917270
67154
434336
510100
857604
504633
819663
25229
885010
967992
366990
574305
691893
157497
437725
550190
300216
903067
224410
896283
396085
135397
910665
486234
138479
150615
48836
591565
716879
315613
809278
590853
433978
43293
955573
822181
386635
608239
570996
944165
486258
665260
368194
500466
989224
932511
892331
544499
418062
52505
690088
17767
977250
423457
34733
403050
856028
820744
289423
212502
299371
559769
581649
760838
759175
54511
674762
914358
605427
765026
91188
578246
329361
589657
761555
288350
902177
458883
73279
453291
723672
679905
339024
284358
352089
476154
933990
807606
64594
84658
517971
631692
261110
126453
410021
380397
157842
37326
260307
866541
111502
816660
682050
372117
982211
105091
83189
934087
225395
880680
412304
303353
875689
473910
632263
823709
256046
298679
513256
366369
234917
627932
248641
29266
816388
731701
962927
526939
9903
394748
256772
986348
404082
258699
7572
476022
813403
340782
503068
513234
866546
753107
798224
937857
43607
1566
140864
732558
809718
557081
192934
152016
692072
832713
68430
588876
716521
493851
352418
269431
111346
740285
75793
389016
84275
131914
887132
58508
672943
20893
317821
913124
602739
43783
164020
807016
930612
928667
701103
875903
954116
893030
701716
26086
786417
595772
739183
827102
329978
641389
132851
233827
275951
611863
911087
869526
382564
843093
428494
30972
534481
510229
322890
194783
210697
629768
394735
351314
131477
858930
495496
267538
567789
882337
79976
788040
413330
102714
951766
619564
548939
300014
876950
657795
110266
355340
646416
906888
526489
664049
529824
573033
102551
268762
675065
555176
196169
679322
428854
39266
18254
599206
383231
937325
425860
895438
537556
897946
754401
332871
55993
854873
649647
453603
463422
265212
638246
592417
367530
731732
919271
225505
721476
586104
479443
424112
667069
337252
93318
143873
778621
768829
895604
330941
803592
445234
808222
758257
809677
194495
498224
651174
475403
850699
560954
951694
72672
728050
197257
760026
285296
107805
838497
74729
893166
882380
19098
785562
992522
607605
330644
716482
760183
988742
651225
854841
863384
104135
916941
60303
14406
506779
733588
228828
581440
979429
603008
723573
246896
333576
601973
234107
681046
758534
847644
842509
811859
949194
18624
8733
341204
363713
117832
318752
528217
699874
224977
192735
448289
110991
910120
681387
8244
326803
354977
289326
219789
441483
150487
522524
141921
788002
514240
590279
910288
278581
662251
375762
41383
768917
982361
620029
615504
243370
899126
923424
853079
660148
540402
197235
99993
870445
392128
416522
47051
473867
624107
444894
245156
764577
151504
909381
6952
225445
211644
867140
363218
501132
794338
93947
103710
795986
174521
773502
928112
380054
311280
683396
800548
469473
287631
231161
433587
997895
905836
15662
690366
139814
760134
243824
159163
999692
152833
700854
274297
902389
914878
31860
385489
88561
233238
147596
205483
87588
424244
285732
90090
244135
838860
716562
23285
923661
619644
109492
738979
776576
848509
478237
978370
56969
136837
742826
273028
708398
246205
238898
262535
450293
710042
997467
901056
676935
708443
480522
591747
395248
957597
533938
625457
211779
326942
648014
85694
601178
732620
176489
122589
163323
4169
638618
139659
46935
508478
486478
489717
450668
873753
92158
136839
493578
898916
162559
217299
309298
701443
596023
883161
24537
678218
17645
596281
505229
191161
4282
786034
366063
843285
776156
963862
248350
401507
228394
284236
561268
973444
217377
676289
678506
169000
513052
999085
727639
878768
149858
728446
742933
876068
161370
654883
204740
409485
201817
986998
926184
132337
685084
479238
521902
632105
727057
199488
296396
370016
876751
561914
250182
286698
836775
8541
195468
124286
425042
104300
296833
97298
550857
186805
790678
290514
479796
515282
63125
134396
834234
415580
476922
868571
385207
142254
914683
952669
223180
151377
307305
823571
554960
305929
523118
8133
350627
905851
891190
228336
681891
239609
828715
988062
836600
937708
372696
191392
702667
877277
821743
615209
733652
952992
676390
502730
28495
629405
170363
6917
222800
535164
994457
807633
377198
191020
973843
548778
549787
199953
656269
28369
177236
360328
121082
464679
758195
271319
20543
327842
909154
745846
435318
43497
633962
171380
411215
358354
184681
350152
881298
15478
779746
979765
864384
339309
525358
180504
960919
856683
969937
83217
990387
711414
938728
257740
419857
330115
11582
25579
353327
494828
442429
100050
935312
619025
629953
849614
416283
418248
47368
169571
960099
59522
928070
440048
779650
831163
817621
782145
503646
745949
193226
905329
790797
832178
490723
967674
62357
408260
744860
567643
809932
112852
113376
454756
411294
544563
999197
489313
126701
329599
845808
535009
844243
515837
927360
858914
590210
971408
80871
380442
300685
701908
658570
814884
932160
903514
103433
857926
580585
976128
944338
346587
836986
36843
628112
500513
985926
596708
240001
742945
486377
364620
752422
54391
580677
826941
479699
369661
633574
122431
519718
426776
645895
878500
362708
667614
379566
453569
23199
743907
588146
885641
146788
439071
496413
787015
948432
210557
492652
530871
452787
979458
415411
562178
289517
653528
466845
119125
19844
231415
917906
143005
20184
287727
819697
604513
390061
295892
740092
880123
843944
912070
356115
51444
899605
568155
914265
74299
327013
320300
245107
545922
421173
49401
652335
374006
878921
217785
800641
770009
395287
304835
239336
310589
384576
304082
57519
500254
947802
561208
700367
484189
605032
8034
427249
177365
325163
180484
567378
878556
791889
77729
411136
550296
69196
187576
33153
812027
563774
361806
121362
889436
939664
260885
785997
634611
468322
122486
379300
168497
680668
767936
582537
104570
866787
832492
115376
718080
687784
480268
640236
108797
854746
366288
929462
683980
101884
729653
883597
682021
618513
101835
494199
135411
714035
264481
807077
688084
280707
205071
963380
495853
556410
343711
622736
62502
930654
681688
912307
693897
32209
456233
23435
914291
988611
778543
129082
413044
989256
868195
978999
449225
331013
721507
416529
476083
494339
456603
252244
477363
52965
160784
61316
528421
481910
397449
367942
576438
880412
883098
328991
191684
119018
577934
898707
159440
558289
317040
407663
945442
231797
706294
617379
510394
542110
540235
120583
803118
410373
460343
25150
248485
721231
607534
228152
376110
457238
543986
24273
101374
408290
424741
676887
653508
653558
157999
161769
836971
422087
242184
547258
801132
805832
30498
162037
130508
422688
842358
112379
7481
363645
554602
76487
749885
729666
954140
740787
305693
74844
573646
80275
654672
592946
361454
669119
498591
360890
678080
621039
357462
404521
998250
539967
605348
570242
668764
344529
884052
524496
159834
74321
390248
645807
453479
176532
660623
26436
360271
815450
280772
909516
904785
143282
902915
44114
863848
158076
983911
517755
133557
328522
228133
603835
639243
730784
134303
271338
116758
422683
662822
35825
846504
455022
503119
270558
818722
559943
180656
667288
321851
915152
788600
802540
430320
501713
915112
868293
749896
496562
267314
101626
309251
941278
928108
988738
45471
241476
969585
894595
330950
615351
253717
376327
940503
939125
356674
473423
697999
799109
48243
226434
81620
52473
982989
200126
598174
285971
127893
615568
502594
617156
840082
560318
270108
927632
467264
215489
541849
424205
470382
908880
240991
457610
901301
931287
736473
218827
58325
572167
343394
869875
104941
233286
246925
986107
695831
608071
402063
937054
846238
433013
574026
767831
194716
649609
488566
156802
978037
414076
339630
981727
354410
46870
461589
850934
538458
92324
809443
514580
334363
347911
890319
60275
705969
449193
101851
445431
248361
264203
508087
339157
185109
297338
724563
416718
247716
309665
964868
849625
376349
743799
249042
535583
596664
592409
592860
582880
420057
19314
101352
848435
965354
303254
482059
653418
874388
235438
675633
896020
131033
476110
520586
129180
350417
388707
746577
780430
546622
838408
853242
76218
284430
590903
411576
606129
936878
818524
400040
574444
973766
708741
557341
295501
40212
55542
705673
740797
137128
146778
505412
169652
999482
45843
187580
251991
942627
576498
961658
168699
297470
292994
531981
804039
440988
346303
237781
327992
639390
285220
483565
466111
570227
234210
275638
791813
221743
476332
408125
555022
170244
648943
671624
667963
990047
392608
261826
176233
665121
78957
331264
756344
12984
900821
277487
819942
340570
276307
717532
126425
992542
836982
828512
546043
412279
260684
141798
403967
314509
31420
470939
220419
544249
159795
462320
528718
416797
311479
883215
355896
858975
103959
406296
335081
144704
731331
349526
973689
294876
326264
164739
194487
962368
943699
909812
82373
507043
861703
721826
802337
811459
350698
834263
637502
991262
83626
924594
751248
755401
430108
551382
836071
187759
376245
79413
394547
819498
148433
680436
393574
370423
148017
687356
833015
69465
224962
62365
736002
11789
479512
828958
163340
742885
998586
126629
818021
59652
718166
430463
833574
943093
236053
234125
71770
952552
416841
405196
183161
396489
268995
975551
56207
199102
543938
640891
140476
518270
964934
472335
155476
924297
737218
512846
628135
504135
990639
315194
674010
806849
703805
162574
852340
612662
383844
837095
54453
138715
356121
321169
712672
357299
554781
901226
197594
116038
134767
807221
180075
418689
130722
531454
103329
597930
426569
271461
321171
534717
994382
157896
2691
10472
763746
228817
570781
60768
507278
38233
939036
158302
982697
76919
62668
853178
443170
684074
241898
203042
862269
458782
751463
940023
348635
616286
19211
372292
249649
489175
990583
910747
792667
192453
245507
803150
568137
467837
505861
535815
278743
385365
76723
128005
260539
407475
792288
134515
660376
346865
891618
626663
748399
893354
770517
393716
161909
328612
408824
257516
416063
875546
463156
337845
849497
814692
475709
923782
725623
46981
958034
521791
653635
758545
581022
71651
663701
767609
586497
153587
540737
257524
931688
463591
169161
108940
900888
732043
435635
742531
636939
734133
797814
868640
499121
508319
301902
122649
774551
745317
193199
849246
614629
629084
649238
579200
266881
527436
913850
826748
944146
566028
963105
445608
613215
787961
123344
465593
15637
688210
723035
465518
800935
443059
488730
653533
814352
891500
923452
719192
639796
533438
551861
809276
468708
481265
374099
449430
57600
79701
84463
992113
231415
807443
907774
682816
554923
631534
597703
716260
557807
587100
746223
320667
270066
703739
568752
727111
469685
437426
997480
862166
946360
998117
700557
849042
376947
405076
755391
505415
379328
328145
526070
290572
678934
699548
565082
200176
616687
852956
541490
762947
763787
444604
707508
195710
723470
209824
560187
398159
42117
66499
776406
958597
422918
10671
677564
762581
547445
403799
189726
586503
990627
297940
805333
180608
744272
33338
64571
332780
480081
363543
839317
396359
203853
221256
9517
193097
821217
167479
735999
415532
548644
752372
818057
504539
772
130031
638533
922425
986703
482896
218995
896394
217870
287283
301647
723010
548940
747203
272163
317544
782772
713074
860661
760871
767256
782674
511520
430513
374094
676627
571008
629712
282805
776345
260935
368971
973013
261817
478317
229425
941924
389841
933444
218373
723813
25025
399337
812486
484523
49354
691542
887705
25340
515777
73109
868373
350032
596079
776335
429867
662777
358600
496067
684336
273052
574982
205394
457929
313373
708386
289334
204402
335193
59055
948819
138987
616589
461971
919142
55423
991444
586146
15322
20338
933837
719961
715897
608518
569115
617267
984255
869290
837509
455659
925963
643008
170174
791951
386607
820809
805376
351678
849254
454000
160273
471038
176165
505647
157288
323196
432714
937506
55913
201889
100529
676838
725579
397709
53542
585837
244570
913650
190388
890914
270936
464336
492188
391347
403711
955784
437089
973376
978338
96224
363456
663902
453041
347410
2174
310919
291611
163217
12633
924898
814094
548313
724704
467499
150810
182001
657054
806079
744627
445056
765362
222599
220373
404169
967674
229054
87554
845509
604526
375520
690151
575772
400329
998961
544669
612991
974753
712615
681995
280292
800024
51509
907176
965407
864427
439860
52062
707546
748904
640368
647882
613297
761212
306381
763360
554860
625322
917077
292652
867738
346584
445855
647731
571014
499587
128796
502904
308249
768339
513281
661914
715340
909578
276300
361882
113799
492821
725750
281147
378907
673669
834804
431810
936793
395223
920745
140765
279757
608623
849387
3488
768794
544548
796464
25194
690931
908020
980437
954214
719732
621720
422666
272429
946459
864755
875742
803657
845797
579364
377507
937621
44233
785275
568958
282240
108427
491655
646093
340464
415871
219725
581749
507075
841947
463126
553543
405232
797943
151776
247246
446860
379107
121012
165111
475625
700773
723223
253469
744345
475149
125018
546545
62992
414519
558028
206979
445479
465885
976016
307695
572221
717526
448521
681318
465720
338863
976241
349144
530793
631269
121609
592187
129422
443708
520555
788155
646512
141758
667067
490750
555373
638291
785212
203922
205456
35642
663295
32182
315868
8738
908982
908994
564904
801127
92134
802419
840548
56044
957243
398807
281849
239505
961973
640081
231887
880273
278144
495946
241832
912251
930402
608501
646249
37963
142606
497596
858617
424165
139157
772364
516930
893421
540156
444282
75029
176261
828008
83152
596906
543716
320630
184888
364357
578703
54823
115140
633267
448439
709945
553048
132852
749168
224465
857525
779507
7241
436883
906402
868848
239564
591124
912377
136190
696979
868775
234443
479272
425093
426452
284529
227823
391596
973479
905648
387823
919668
807268
218440
297183
36483
761624
229401
213175
855791
271178
334771
492844
177952
591505
63416
520407
169284
969471
993648
84404
936680
322363
560297
865733
690106
171500
799497
993942
333336
803921
850162
556956
420756
501230
765136
375735
927623
579041
946498
56087
329422
997715
660514
403002
583974
83018
506867
334483
850208
443034
184614
510343
711232
327867
466185
725520
506360
650166
888141
563268
747964
964858
120754
268272
509890
430603
561617
501470
189656
515290
235781
43126
477409
937647
301687
871553
967021
689091
969605
415176
502964
267882
609167
889051
663279
549805
213981
306606
458452
684598
717360
367389
594476
292836
346660
837136
464786
100415
895230
427513
125962
35397
61784
378682
57723
31459
152358
650532
804747
530047
177892
443995
988181
752434
273054
649301
63497
504531
521819
888129
534817
50862
143079
292100
743420
636628
999932
646110
318745
295244
427468
306731
398897
57383
473838
543110
440624
829873
629538
439048
737554
472772
574275
933870
739095
799222
552072
958168
601506
906930
387830
298734
921204
471460
878694
666269
94463
673806
513262
874687
284778
111544
101615
220953
632800
60164
491707
795390
662165
63839
673313
837968
652311
377172
196950
902758
83404
994043
761857
626570
461902
811470
665890
839001
7840
329051
340640
486989
836235
604310
352879
650328
250585
375558
970203
963686
623981
889440
385203
48901
45949
2865
98772
215585
550318
705012
934161
904872
343371
206339
387580
8396
8993
2026
906260
964263
672249
72152
880203
557432
779570
913775
795250
329931
661051
123258
135043
105591
644779
68798
318539
698625
69565
408937
335922
36766
301099
905896
804264
63254
906917
318740
362542
184132
789358
241484
686590
338810
4692
54622
692440
762881
865738
595614
371435
235326
471587
335065
443548
84528
420013
906916
643381
919573
766568
566221
750317
103084
500578
198323
872464
296470
44272
533234
523019
589014
659467
671990
371350
232247
145732
805489
176766
775821
878885
762983
851726
355667
38054
248934
846681
839988
1289
175380
171111
432997
53010
906336
704506
674671
182374
258714
931579
644746
761023
93919
464838
860261
133002
656749
361615
640067
115486
445141
843823
480959
268056
268558
414287
667376
561175
542693
644015
406695
379089
517202
740948
711125
975056
454695
102092
19402
862413
43874
433951
822936
298599
782625
837844
743318
467712
190709
740572
877184
820405
982798
288479
280252
42615
910422
1250
388279
918475
996635
775954
405422
156250
909604
440240
584265
783029
61732
770712
425569
756778
717644
769135
774818
220219
314747
362216
119052
488321
850897
893044
862996
339165
80481
676420
19751
940758
318725
211644
267534
50708
509003
937653
172844
213944
857484
480367
868197
639126
102365
425746
641881
300176
161951
112863
486926
144272
311730
217272
540908
985441
282950
520712
297633
196779
508945
780496
443621
671433
624669
767311
391511
415689
657145
870925
206854
569855
190223
463173
942989
53446
91158
891181
584726
903060
559326
268963
869119
579513
468104
930101
154649
14068
612824
180429
758669
688882
357539
79736
720921
782180
875682
391761
25464
251324
127913
928782
218208
777923
621873
884774
704933
888282
955025
254046
250747
140171
206988
533487
861976
891339
549891
858710
833720
735374
74571
152824
329274
743303
452377
760943
950504
247547
553050
451317
422100
487809
562912
334316
628445
356760
751158
95303
51665
672484
966932
988569
700460
948807
591726
519096
29183
337176
718375
273101
795308
576323
497891
415739
957518
864509
44793
11882
804085
650722
966536
525551
182287
534444
887457
679514
994274
439506
988385
881563
289461
418683
304418
432145
312591
356637
990664
518001
442135
782007
652534
579919
46490
514343
429987
882572
249003
615336
806215
569885
147429
503980
620655
870835
99020
199250
87088
569356
492690
870596
405816
120086
459253
914096
687360
263739
658501
735585
267421
890573
631300
450297
931446
79632
631206
647117
182608
712734
408887
148893
962501
45691
701596
260463
654164
813174
69873
417798
336977
185720
914322
942212
835069
438636
682933
285273
156912
785035
180
617959
96051
927106
182633
874420
444266
899971
321779
436491
62446
952421
297109
794095
283769
84473
780412
948413
120378
354282
460001
663901
709705
833040
455877
224804
665973
562577
912025
134538
482744
622260
604544
456899
962124
218884
949804
944892
700438
461917
562213
139379
494017
345622
887720
724083
730022
203978
617068
914987
242599
870469
468224
653162
105115
371080
733392
488250
245283
571578
114886
81174
260507
492395
34124
981768
9837
535109
493232
477220
912767
572881
405089
494555
711436
213795
554006
645564
435920
117028
603406
290637
771997
573818
107186
695682
856651
825686
110934
102616
878733
873881
480734
96337
441374
161123
286781
497868
862489
725498
520473
527744
529768
634196
700235
80085
989845
185666
692290
989279
318652
633017
183751
46711
640737
288189
121178
988792
559774
239468
86588
758483
596469
672676
964102
987984
748036
14226
460855
781090
27350
128728
618827
775141
344661
926746
629830
377590
929374
544742
138832
284911
606701
462013
792250
224573
168503
347266
387230
846368
544151
184126
608357
437951
489120
986510
944227
130470
424657
820714
720284
465949
437414
908434
505642
938342
151755
978198
691510
637970
246059
747075
892708
971712
926311
277733
764875
757939
276835
29438
384673
515343
51578
127169
512758
352368
774545
292619
643095
213351
422345
691167
785171
446802
577550
542236
440026
5399
12173
106494
511552
774077
33538
203917
278945
844519
308847
101349
843999
81197
60648
245539
729735
379736
57675
329449
148050
548986
918862
691599
658439
365672
918577
162406
238654
288790
165778
689258
832127
786189
34271
979523
909832
636619
146150
685560
286829
935479
821256
362417
755738
167423
883916
763431
582388
235536
897423
211562
381790
33393
4505
694990
837144
266749
624972
411955
424641
717371
967990
112560
464765
890523
697989
769308
991089
415119
150938
539128
348459
612932
470262
927804
249055
417788
479697
620029
634572
51210
887305
669303
727614
77225
185271
17853
681836
116088
207006
696954
481985
52182
167805
110883
265464
611862
824708
518587
938912
774943
41315
331330
390591
83299
474941
193275
789395
595130
959867
102873
232308
602842
849405
407045
176469
394485
839340
928846
163305
138863
779499
955566
133026
203131
902572
456245
436116
7505
509279
971093
319672
635726
395716
566793
195917
561064
67746
241186
648665
379979
345552
435503
752142
823829
599408
671112
892359
797483
391036
317879
967985
819702
514040
502020
608583
257982
740039
775452
871413
531553
181210
97885
540126
333039
650755
765952
168441
390821
212968
962724
715158
199685
425490
581427
758655
865678
820197
582835
547129
877981
699754
125035
700330
351904
969352
916847
229204
370546
451986
568267
131135
446105
693433
152776
945781
708888
237602
938654
826535
255664
533523
246262
216173
516474
814982
104729
514411
938778
997472
838907
839887
396897
183035
454366
134710
200513
402784
710629
122862
985645
695824
120438
701206
589005
442113
358410
942114
232603
996390
646228
732795
533853
475303
777419
29763
454015
310064
731030
9334
864268
577445
364243
917100
666505
637619
245188
291387
880814
837442
888599
213369
782914
411399
955281
645087
985234
193909
252246
305609
566925
323027
295767
602521
61951
712553
741720
556348
948328
180628
30493
120516
340472
317369
593777
813813
26730
16662
562834
980251
432442
143156
968636
796184
375620
191161
278224
642044
494715
715354
16033
517645
517314
143085
604636
881702
13546
790812
204369
630395
524617
602165
252130
95226
567603
276383
510534
311885
477464
133864
250683
881212
978106
840377
965510
770480
375497
430955
476264
964818
525788
240498
497887
320914
8206
650807
878933
85380
347955
43588
392617
442916
376438
895641
665689
327866
456208
97307
410761
950169
757799
774700
979634
994241
108737
917910
115946
687524
49059
323360
544971
811462
399562
289731
734211
782333
540613
809783
233272
991064
825453
295654
106198
536732
907267
291522
283766
747561
710244
346994
876268
190076
679403
152807
11693
109710
804195
889933
766171
193689
470759
147998
635823
994810
910745
679696
745986
996722
578555
651439
271672
527110
494381
709253
677513
845255
541699
730869
895277
695916
977538
114919
990180
511067
906808
838877
360991
99334
114997
350500
385806
453298
783977
600615
465671
84243
826779
498846
220432
395092
286020
367907
775177
777778
293830
449637
863673
320392
129868
412597
511859
382693
522047
801150
727204
498009
861025
67410
250684
325519
477706
349087
260599
31508
795325
124800
813831
905078
197927
725040
950688
693703
3443
620953
203423
970689
226316
75274
386392
956803
523376
639432
772795
668154
799982
31739
685409
407515
782652
450569
771065
420364
307703
551040
376906
11746
774903
929645
77540
908485
605646
357834
324391
415024
813086
710675
817391
64597
547924
780089
985499
85149
711749
795568
533945
168589
590435
377955
861711
242500
205723
553543
676936
470497
62095
480717
919610
802113
720683
624497
202448
899046
705574
94704
890393
434995
425687
476630
485291
966739
979377
615093
407733
996282
326621
73970
611425
8644
95283
555769
834274
723961
754580
7824
575519
767794
710822
869641
478139
594581
50861
794386
220545
861755
676099
652774
7081
912883
737780
993318
789513
703328
549048
823682
105371
769021
961165
400785
160231
445889
462769
592705
603085
385438
769721
806120
769969
351459
259665
669113
833219
447745
989265
872402
777577
303274
510583
20017
248716
953109
546759
514439
685884
415838
940540
574565
321089
977931
504425
109395
593151
174890
476593
376832
26757
982933
707615
233299
238706
214104
452515
651487
582532
702249
346026
920054
104382
372501
215193
384660
115381
166012
551077
760572
914936
565171
890449
742945
817242
186439
258181
844282
232734
954465
570568
140408
760893
60229
598426
560724
557782
233780
205425
94145
667251
758130
344142
606465
592179
44450
301306
92180
664474
189517
540898
422923
678065
576065
156108
154746
540443
705494
36021
567371
52598
979852
361609
489199
112810
862352
434302
180400
540817
737309
638158
764707
802883
413760
455759
775417
262717
501684
216240
600628
27565
913515
775762
461430
385820
787502
17152
879092
446904
686619
626701
957706
570045
996302
737225
170217
881472
273627
844511
633323
691160
887671
386574
727303
425449
534006
866114
531360
391438
62702
68559
594360
103522
181499
520009
200705
187435
163484
347074
951124
681316
898747
625249
848187
795302
222986
879579
483240
244594
783753
733841
110345
84189
120932
545222
646323
894809
600120
783675
495035
927387
856950
840745
63396
333230
260320
994139
253042
605204
956977
251301
175773
80020
970265
242820
55649
946533
469286
294996
463474
434741
863998
44328
716429
512790
439945
210889
264042
246022
785067
894286
610766
680601
530415
249301
24828
585157
754495
222299
43019
15498
3408
726206
361875
347836
863898
386188
764353
156078
126789
394503
609867
175165
371423
611064
821885
801334
273930
336236
22897
714213
910579
857743
574300
757179
697852
223012
275269
122523
804988
361119
355410
136513
614492
851935
22779
140943
457058
265035
753759
426102
255562
850888
449973
290173
428624
526868
627931
258929
162123
151682
312586
872873
733427
686738
812331
663733
941955
94060
687234
746723
699834
604537
419272
846317
519867
620639
252568
339778
812884
301591
728767
91823
160603
284780
199542
493482
266100
699154
786539
137659
486960
897376
731003
931208
793296
782699
566205
404795
526439
662017
52920
407890
736541
341055
48052
622082
278224
233103
356206
678921
327828
51714
494245
566863
513499
629126
644177
129080
89200
432004
849075
66569
580381
541657
649863
193972
622573
435758
625431
471617
172428
166902
537321
508059
143498
436035
217753
760565
30590
481734
171649
148759
471815
781153
715668
14409
317102
691882
115722
730330
842279
69631
154741
817677
912375
358657
212403
229409
288815
399855
550908
20156
516054
102431
162395
253235
155045
413594
766522
605305
43243
732757
243990
139681
666577
798536
556753
431313
258808
11565
886950
276869
95550
312215
64183
269757
5472
557805
119426
552517
528057
350209
97010
358687
276521
421969
384210
730766
47441
567321
114076
718593
43706
831250
207920
423451
494933
312715
288736
43547
96157
976419
399336
269741
247385
495008
181947
351308
78653
707056
461880
728978
629040
30393
574331
108253
811049
68319
152080
355744
975666
101394
422659
576515
444495
187152
858707
942520
760824
981438
940165
598236
12801
138335
39956
308101
882010
56174
891397
181294
868147
691678
661913
863612
424632
830828
542108
738156
740026
379869
642459
140828
803821
200538
425010
947122
327246
914916
13251
756653
782173
180597
820227
130566
555848
757685
333230
745794
409960
484245
460251
25559
661284
466764
493162
960440
968755
893356
343193
708863
697408
435040
376694
949558
56486
966852
661167
569667
863642
376161
190469
477357
985448
252228
566239
914703
543574
157369
518267
587864
929317
552425
229631
712635
23605
959757
922094
798074
804168
745358
870582
571723
151327
593211
693413
376868
961792
547110
800508
516968
365913
455836
885532
310574
314815
571198
162781
85802
554511
693312
57406
728570
337013
803582
635382
119951
222667
119542
348713
94966
628313
8998
405430
28930
127931
104771
408557
194840
713568
865299
470750
564503
970350
823144
761548
972705
910275
139705
386881
766155
288791
148638
693883
684061
79165
485607
214788
315654
894152
180954
53855
706335
353802
509192
523102
179226
645688
917643
895441
974727
628969
258206
204889
53314
237821
147993
467802
411133
116763
385991
224847
960550
92626
162534
760823
830068
798625
253818
896493
156371
273874
559502
340181
594602
566976
522120
136114
945861
249146
520232
385173
241508
172352
134493
698864
694239
550826
563844
244617
718196
794920
105342
845962
53871
904100
50092
653813
617909
588868
741961
308532
442476
384651
477861
134478
380554
930143
971514
56054
402873
769509
366381
203454
772004
358280
889634
932457
153377
845785
987964
252893
464123
832017
539888
867959
816282
780337
787652
5753
681041
465226
416618
885918
372676
658265
255283
930831
151668
498250
249138
176046
767273
602909
565678
195022
909179
406310
138691
921030
422268
625518
171733
239323
158021
52664
117042
277466
206876
329630
840067
927175
567103
704089
849263
29039
196368
414175
197965
96986
818460
979238
819523
335709
642377
731847
57664
953676
118108
905726
8722
395916
707685
470478
608356
344517
193224
460481
744984
191287
266664
823053
989949
243172
746033
268626
239021
963499
747074
453184
348550
70645
727990
425174
226883
94088
57870
329733
920566
17913
525436
715699
232676
664702
622478
19483
719677
214113
371637
36177
930294
109137
999346
145635
237765
952403
825436
553435
287672
748886
435280
507874
705779
984355
309045
703551
206404
832243
728298
526844
811108
192282
569679
309993
917389
269346
92269
808954
384050
834547
396099
677259
903584
719789
603054
910661
671215
362584
525684
830168
5220
890867
246252
644456
237863
951401
137998
628292
132315
149345
141011
792081
87903
801652
798536
373445
47649
20410
850613
770959
161562
122749
974436
112404
887401
969743
173520
929877
692880
997112
796844
913964
606085
716679
877132
586805
562230
590985
323764
805514
315613
170200
764412
443430
902395
685643
293404
875691
148020
116555
780826
785982
991110
789573
924237
859344
601063
397883
594700
363192
995131
498294
211704
596284
113839
804886
977123
639087
320885
18185
346140
491828
958684
178970
667417
388704
38794
576929
11967
429374
197081
221913
748176
378156
970380
924430
307569
288226
391405
150901
97047
289683
213444
981590
664142
782188
925749
80420
330726
334329
607671
40493
376762
330919
410541
549868
259230
380516
819683
154300
19620
543842
248486
243175
827787
818043
222144
304605
115461
597679
404238
617536
290660
761864
908736
771996
598304
426718
922349
160116
274887
779703
803729
949943
373569
102662
726116
585810
891263
468820
80727
126751
24512
646972
271725
901051
88320
531408
228980
556597
531389
59866
28896
488865
127718
993853
162690
624141
673955
12217
863850
200011
26492
178700
334038
554541
239655
252406
526165
104975
644784
131222
374588
345166
736007
133296
634308
550487
640545
366480
836095
878618
613708
14727
481589
855644
110868
385620
83871
357228
446282
570015
168063
509485
178359
631774
799450
59986
239261
916442
965011
517097
431654
437324
145830
43150
722988
565793
352701
893376
823460
101789
140786
745936
171559
714972
367522
600885
496287
295603
377770
940989
30922
595892
844353
347038
687342
15760
676978
870571
478170
923863
744180
65890
248084
988956
651367
72738
350308
420340
82797
743801
720700
910620
148131
111963
510658
952954
159803
993008
873532
551292
762232
480132
168983
477213
554372
155874
96340
207174
781105
371194
190288
614737
586698
77567
355950
345384
917334
203854
862243
565580
231977
365640
552861
66034
280614
108544
888913
472904
624404
476112
478431
740885
643036
682502
891749
977342
181661
308156
52189
835236
777004
785157
474163
85611
757291
891843
519016
740758
343364
582166
125852
154638
843395
829999
243515
889921
72205
307394
390983
648679
900289
726234
660733
341024
405930
742086
487271
2810
528030
125553
639229
960526
3830
791056
901113
963913
141353
766324
166710
286537
892359
570815
259716
834013
667280
814195
181259
786031
847215
284518
316440
528638
852630
421074
921289
847619
615991
640329
132049
173045
616924
859397
172265
734312
415331
182749
638676
962512
271706
110548
710924
15204
993075
332300
151502
913374
939044
584088
540991
804447
1821
7406
764858
629678
466727
112187
103991
618849
768022
894993
824601
476628
25450
627004
59924
852694
183368
92210
380280
479524
979536
431784
659551
761805
831962
859649
795503
656308
409810
385249
128269
740980
754029
845344
570975
483934
900551
490523
255355
8669
9691
760036
951409
311867
307038
111385
225521
769404
516856
484370
241179
10984
411360
290356
432098
533927
586771
100579
486299
793604
952944
886676
906792
415188
561715
369792
371387
581808
708812
238068
508041
114397
350299
356677
703821
679309
540875
831586
212790
627272
149442
976943
27009
735582
483067
70152
268565
434927
145396
381446
510322
102865
680499
826948
934241
525442
6800
250244
551304
725640
142027
246486
527364
809578
706425
480163
529647
455620
176409
136534
809665
393227
869124
848104
824338
796830
105347
519111
783101
503684
991547
854883
589985
588104
317891
272085
135425
812206
799638
320236
86539
537041
958628
780116
148598
699290
760707
884069
623300
581791
976066
416262
662695
720661
694750
62076
678848
747316
521358
321107
440194
595046
790137
284775
196085
665835
819208
158671
949079
711116
958037
882599
276061
161017
408642
233273
844055
714049
267047
577223
702001
76526
320867
452856
32469
987643
399315
410269
556206
756787
16609
395550
392328
885160
799924
115717
228947
712268
818437
366759
489222
677295
681170
653226
680353
866517
438891
942712
393802
122227
246313
597503
819225
27974
434174
506466
874991
799249
426984
678719
606145
248561
940288
845341
442163
398494
725167
806322
254495
901952
18367
693519
613684
491371
250895
18729
580219
520185
295329
686277
633589
478659
142989
244095
80737
464764
374169
870262
551450
827049
630944
992279
698524
148736
111854
654469
613351
358365
793646
632930
622844
208347
541690
137085
695556
374485
300626
260504
817744
366265
567785
288340
439419
724869
233688
362619
315052
328738
110005
507050
325816
376921
926975
95833
743012
596086
651952
509385
271752
508472
702197
313289
191502
558705
880250
317924
282394
833345
387166
455914
95556
556329
242502
638169
388160
778382
94222
648169
350239
636429
106649
850929
719214
557813
382537
20025
115964
246885
528522
609885
473466
598211
818761
35418
976763
212118
223875
67000
450394
748225
738168
183956
803258
693917
209982
52361
777512
320241
455729
897403
638877
603793
702344
6399
913825
727888
508995
167658
805513
654882
527232
374837
412321
969811
801005
724682
704036
840926
648984
282285
242536
419947
949731
620618
498391
292521
747923
17495
805655
228227
988551
729509
5707
25089
445701
792393
948147
607038
603824
333665
631151
468226
584278
784581
479713
309243
824294
814156
253679
769885
843390
886648
703592
310739
81635
275199
365502
986848
426762
891319
110257
822743
991507
321628
678029
65971
839893
954817
543562
437844
394068
596690
795985
348695
896335
683585
456606
884496
906102
253205
776832
82214
403449
86795
286526
998796
415292
50920
166228
820952
539367
820636
16218
921921
172441
580436
569606
245306
497404
485661
754952
492773
500851
144240
382675
838710
392880
72606
997756
111141
225315
855833
353914
752591
151053
217244
150094
768234
60275
724472
363708
773283
986029
781245
77367
898710
588894
295489
781914
929321
669182
365328
154515
695238
852306
551216
280154
238067
116477
426511
470111
441743
21616
148875
453954
581611
441214
303582
311484
536642
641803
4580
188955
325910
36450
703755
326890
808809
843556
245078
293486
14486
635294
509646
872333
808906
499316
377541
21322
42913
318266
517960
246955
197025
620578
814688
773052
804365
620303
923333
944876
516135
483976
525856
234388
787014
775944
786875
854424
487887
374450
381960
964710
57299
666209
303627
202844
551557
634398
251876
51526
812694
977771
201341
839876
753583
424380
248140
808266
500490
762309
106245
698562
342830
292206
101536
250956
624837
716068
412930
124581
490715
581641
324427
181669
109173
198411
980155
551714
113676
693266
339841
391667
697445
717779
284322
937423
993486
511874
289858
490515
547510
784676
48531
223394
292650
716930
715287
276198
620328
154873
669075
556725
293921
466927
992658
782736
63632
31584
912466
948613
568882
241302
749264
248436
876705
398263
326955
896046
757585
786040
393911
487481
441061
744048
899233
621680
514607
645447
353658
482247
482179
316045
601570
362541
726198
44647
66770
271370
126840
838243
620741
867688
303563
615661
319940
19181
560671
752539
561101
457862
560716
730787
553503
500128
207467
413484
942309
623760
866770
276929
610300
936531
280554
41442
912227
161199
596718
945333
557438
664504
316801
211290
143431
162990
756588
712028
801362
243908
517428
637059
90234
535164
245204
100678
726509
810989
634140
752157
687313
168678
253350
794741
18
49709
859568
942397
2378
819616
100059
208733
230923
561725
634943
474951
769868
311613
727273
847141
29421
468250
97010
872498
405800
803506
478013
834469
953622
309700
592332
9351
937563
196183
564479
50854
757168
387257
584811
489954
40779
619365
935699
687908
597613
111678
233670
33647
974088
706360
960725
216910
425674
988182
814254
247533
602186
132621
539033
417924
943630
188552
194063
204590
315959
489989
600754
167704
180362
233692
4206
596564
568347
681376
236714
773517
853080
3038
707242
902485
775343
837891
268740
77467
946525
603802
428476
852280
842836
505778
83839
372328
867656
795165
8697
823830
186519
536149
633171
733903
945171
487738
942028
136729
970221
553783
147635
631069
251839
836354
476734
520959
397941
977345
58890
423694
453081
673098
32880
966871
688507
293315
746624
192276
751353
926248
146397
375426
615344
