8502
753718
641901
31067
541375
721097
793234
684122
498792
948020
825912
21920
108230
431964
978346
507015
170765
465272
39836
508497
341691
794984
676408
928402
857149
262510
346773
125882
311281
225933
641033
532355
248198
6269
375189
239795
376576
90567
191743
688590
836312
939651
330109
151964
436224
367916
567565
736594
599876
408285
384290
211104
627276
709803
918456
636182
131902
338462
717512
959156
782016
623500
937431
290252
643803
433556
701674
443734
688187
57460
386772
98960
204691
345160
844079
135760
548701
917088
430441
765096
680767
146236
163062
395956
440841
123238
113443
208450
754779
313836
486155
121439
688484
554233
794018
698362
770501
417999
989550
153272
660180
870180
908566
178323
47932
878550
651539
191023
179649
224459
106307
714491
541345
203433
731292
380736
882774
653487
418877
942921
448696
362158
785632
647151
70208
827432
939500
480000
887016
716739
177704
215756
541358
955306
750537
608843
895286
25281
643564
897582
567567
676546
643359
572673
753614
603385
690777
333113
240918
519640
74634
435872
641594
557112
145485
473370
262905
282861
564347
969298
228648
398276
394009
135175
314989
914779
669425
58349
645031
80734
723262
536385
122859
498906
515008
131564
295274
687679
95216
622611
533934
930999
593422
241593
765507
496349
733910
608786
529970
999835
377872
488997
205352
8293
568519
280668
296630
33676
668817
757099
896050
275008
320653
298395
295354
688677
122348
14578
772568
256976
652069
350465
115393
472350
874700
896586
219640
555505
711741
559819
215952
646856
24242
557675
535758
641082
724853
784192
434669
171215
309743
983163
363387
13307
923102
72497
194464
23992
108197
920774
966334
848255
277309
701176
204340
128930
245513
141509
59389
226825
145864
337466
268854
746311
762724
831770
575293
854616
266471
6887
186229
711417
753677
394448
923365
522788
68788
364918
605696
212199
388080
311196
508479
464992
261243
824876
960235
856407
424777
573280
833015
898680
649018
172243
735369
14315
186729
877029
358233
40274
843041
694596
579442
831582
181680
14622
611862
262158
257619
85088
276159
664006
861968
959081
430719
181960
107363
123152
968008
790545
767312
109390
242376
941714
611735
358922
75885
648329
978182
60288
186694
472700
277096
989517
720265
412178
298779
451225
801201
155982
586816
12065
949248
471849
842955
425887
974562
464586
596729
712857
751154
936484
594850
104387
787797
366700
931748
325714
99588
788022
315135
852447
351784
10539
972671
458035
100126
715497
410708
669557
428314
559031
591357
225517
151975
14179
748451
819444
626380
748474
9026
64442
760331
628516
257730
605620
400515
305369
80804
800544
6773
342148
929175
219062
81571
797426
613163
647661
315412
189367
422365
711334
303413
659806
841808
602809
25818
182218
926557
576027
864673
184429
20097
367337
291895
338660
250869
32211
510196
415790
636251
652712
182050
890568
38100
454841
555803
162918
595886
921773
587792
105039
990395
772897
953574
32342
361469
346041
550458
265328
810365
975496
877701
741751
854266
266072
561819
804794
125823
575062
969230
372350
986510
897053
160175
148502
673656
589405
114740
203546
304910
209000
729077
254727
146546
359001
612241
627187
670086
575201
458222
975211
625670
131311
731677
444331
531378
578171
480603
474873
875363
52784
641011
502302
148479
438900
179265
440514
335496
687893
985683
785827
767758
932305
325160
450609
846213
247106
710938
943370
163249
336804
188567
194125
590142
360772
574731
383261
335916
415495
681690
336116
630503
357845
197833
670433
726132
268960
488380
56863
876680
853652
367130
360212
19571
597981
946252
763363
798457
978192
516901
123182
216449
358519
722588
698411
436967
350268
4020
476706
511660
999920
832636
92992
928141
522169
517362
826651
981041
144278
307907
430275
944315
962257
383470
778753
334784
335424
576198
882287
574034
772535
240214
260659
559419
604813
235551
220505
560774
315209
625212
555341
47606
686250
618023
566642
643994
307536
34004
121825
560440
588298
897147
482497
553639
679357
880947
276543
264377
194925
969978
182250
896788
324843
934033
51118
858786
611291
982276
35308
586142
987681
36743
449778
787535
614056
488764
541212
110610
866382
943570
431814
722767
860656
438215
758572
635470
791629
323085
973217
991586
428953
295691
657512
827523
736929
151738
170739
538298
136405
516912
721525
329461
435255
424698
83430
565434
312031
566817
413395
867960
509160
428239
802591
416953
762427
314572
959834
364276
108982
749409
218107
911424
433336
286493
784381
229346
100811
11637
644372
421831
461039
276358
127243
797837
354687
451639
665468
631867
800450
479802
125355
50066
960337
865649
270847
695675
992864
434797
35677
845151
908778
899025
710178
692182
770045
578901
963325
863863
768415
567655
296232
548558
299804
752811
797889
195819
713133
534051
143945
302423
548039
122090
515320
469602
753661
894747
187450
15064
759826
918287
288522
130450
820511
77378
625130
495336
817181
528343
242748
997764
467920
424050
123392
778193
465
193475
386411
772947
184374
217507
857120
119121
541407
476630
435213
305837
214176
14832
432741
515540
941702
564565
455797
144400
252488
24345
451878
546618
918796
727430
138574
542157
361426
335995
981106
633815
133057
987505
813276
228169
645132
940441
608469
397421
307009
395937
253248
6902
383278
590422
618323
411123
52080
527908
386866
806558
808025
976440
803498
545361
292733
164998
899014
702296
563738
21478
994706
352993
719969
802138
892330
85904
851941
928363
194621
802543
333087
862064
639908
279043
694043
323888
17177
105146
141443
95711
278741
677696
760006
344837
101066
392304
889253
891644
152570
709095
118810
795544
865074
307317
921125
602273
419047
14509
145396
25723
938731
762332
993198
656679
706188
806550
524188
650274
774602
316331
697844
672171
728754
771833
416836
136546
519387
657563
458616
358732
99324
962943
339208
579379
868009
499414
811072
935594
495720
567332
14829
592815
742196
844023
516897
157289
6990
509620
499300
665296
651258
447629
353783
414763
25885
890702
644869
827893
387377
948823
151209
362009
118178
422820
734038
248093
812552
428360
160231
3035
417154
964281
912388
922089
625451
647428
363885
543578
315004
114657
706406
426462
497982
965409
43007
76036
873514
91652
765887
562912
464798
536039
261229
44232
302910
727834
201786
673464
78757
679760
824398
27477
825991
328687
672813
72335
238053
498504
63558
384607
357867
746144
108760
205616
975273
406957
545282
949146
187308
710684
512933
869449
961081
261903
986551
51452
28645
145828
877031
850665
745236
269744
974888
375102
428556
866572
51805
353091
341493
142981
556127
963164
162287
249207
387310
212714
873744
176308
62833
51408
226425
35293
524715
569362
110355
839635
430269
330074
963499
770760
660306
523733
214376
648239
714922
589434
816805
984850
451846
743275
843055
920257
64557
268404
975900
599144
532442
336432
581126
190394
955843
960650
94179
983370
767557
239137
939522
952888
553009
946757
979812
612552
499949
476766
378293
136014
275016
596269
563366
933701
701214
796521
253352
290176
788196
209291
377862
41656
280657
643430
862815
928003
222186
758765
343103
530022
561320
28121
461722
997697
366919
34
575972
706793
775341
807530
962319
406547
274485
755897
389986
420587
987736
611555
662195
905476
774392
725254
254593
836394
850568
156080
174512
845396
103514
758877
14881
944246
500166
314589
291758
469938
564084
849108
230527
829486
464839
350428
245708
336257
914790
733381
380143
584902
943848
871036
752612
422675
62748
405065
127777
665796
589234
159922
222988
711088
239369
307005
333725
2430
10005
268499
556114
249552
902956
140032
266889
198940
447790
147287
476221
546716
886159
601651
141151
624156
402755
265560
718736
22129
458308
486583
798457
712648
205251
338640
706120
660124
725609
785586
187463
397249
219016
833822
675866
112030
127331
665418
101269
717304
42198
34817
211000
831592
140643
279015
716104
199023
142363
437082
672779
84768
159142
495541
343391
370235
141103
667694
235639
331034
73710
273247
490995
574341
144723
552162
25947
202080
930764
250453
517561
748292
192819
698109
416720
530282
280343
330310
478012
940867
431142
667240
701159
28966
529204
265190
911141
104865
983210
292080
373742
754992
525325
471849
141237
927884
448874
871363
532713
21978
617052
792581
809095
336452
862201
422574
267098
564261
491935
873524
420945
770846
110806
692645
148091
434886
562082
431471
386785
532734
880424
809915
950527
549666
914874
577203
919841
162331
188737
680932
435287
192785
355206
811135
45460
158846
686621
893690
510377
772958
481902
464532
367961
452290
768353
944949
711832
230852
202598
505267
889061
34709
131038
187313
978945
741362
272937
613282
20107
340085
168909
881515
665081
952264
868863
699687
108085
271092
155090
982596
239825
945047
474425
701770
477929
791156
706554
917884
637588
134501
744818
838423
554374
683563
229183
850167
719749
81190
494029
677401
488966
866400
27904
279291
421796
556483
14523
37408
818172
69483
700427
259376
946791
149270
759028
161851
767253
553400
807573
410014
337538
770412
989818
552382
767704
611012
112446
988977
605602
153025
326939
550781
227751
127518
703248
383608
655019
967175
147054
86798
415166
596519
829758
426785
878655
244319
235474
538763
963185
677586
776807
959871
74807
428061
774196
556813
33199
785316
319825
622340
86249
491847
814983
285489
71555
811316
598640
78598
905826
762902
406731
219607
160271
127916
3550
965309
646635
819060
475720
695773
241232
139013
279842
58691
525510
594364
963985
949095
906143
228686
383596
226322
365552
814013
607876
705818
845612
652262
933396
714377
86686
532215
728134
176284
192387
37629
652192
247719
785665
501147
979337
953622
424968
527319
426940
169998
535556
642894
917448
987441
597308
998088
615169
736961
125002
486822
723527
820636
369463
891576
473840
523173
974194
876139
319637
737283
992749
329887
6518
832259
884245
506647
684363
127897
488172
341002
732392
395972
493892
68758
995019
895823
958810
285716
157573
151347
204492
462854
214147
84762
634360
325229
897913
36798
738227
409016
544618
162480
232803
161814
967766
159925
797178
525356
867840
482571
584783
126242
290586
597833
711194
690840
956367
373348
822220
733815
882861
789262
589705
519010
282286
251192
346691
321866
25377
247288
732980
950432
848122
75142
681720
934950
856882
110241
330180
134559
203676
367311
283079
38309
492358
97601
800539
236185
404616
353684
169128
222004
105196
382324
938518
927612
203065
974235
677356
108435
746654
834295
644554
551978
994040
663082
915391
828306
621504
830315
138184
646579
726548
672842
425766
992533
23456
252112
867290
826332
568617
468932
72192
614225
589814
790987
479430
366810
245403
421735
795399
25740
170083
4832
580296
845911
700569
226240
85069
998432
954995
840631
415641
713708
18524
682655
710657
721527
821533
706522
511660
42021
328615
730840
599466
331024
410367
836469
350893
491968
497542
736319
123944
404536
114980
628693
965634
712301
971729
74154
167351
122898
487616
93993
996748
490830
687272
481139
733740
742095
798895
520068
476964
726328
900085
14579
907448
848758
618491
571224
927136
484720
593455
87496
60258
58717
823125
306363
768205
751727
507027
351631
626639
643501
209881
794853
633204
300702
648747
503337
432699
391905
105548
971312
77847
464282
179209
210810
264703
122247
696351
468118
905010
844784
827209
827493
640139
333629
852523
732598
758396
43745
741780
632529
493546
483700
549811
8271
67429
340575
636058
510310
894722
775856
92583
621187
921367
670094
589908
147600
878675
417990
403165
80853
540855
257539
749962
983226
313589
255133
869464
606955
868259
743624
449224
958100
19292
236845
264131
611020
610356
211606
676328
189774
630165
684098
848564
251745
695483
481688
749133
696986
554952
972729
306603
590392
132036
638958
24099
721197
762933
299200
73810
258236
168599
30247
875170
578045
196985
959450
819836
163134
253044
300293
81162
764100
145096
936089
403559
382831
962964
295549
248166
651387
159730
160674
355324
953442
66733
190900
923531
664863
86944
262252
940811
815886
591596
212418
179735
815984
244437
951616
655122
990794
250170
622962
437812
125484
979695
343482
538869
213519
440952
396287
866644
399128
45541
67846
5572
838841
118405
699161
542068
250359
223624
621219
694265
95302
977269
833502
764443
474128
601028
109795
512441
607892
949913
332960
859225
76587
143645
419176
780752
821351
187835
488165
673674
140884
83956
797096
356215
100576
406624
390945
517139
287511
222658
92458
63504
95494
94406
999869
291937
878721
369753
717638
134565
545153
481253
560084
875054
581989
402920
254249
418094
942937
890224
92400
823294
36052
276021
925518
34058
169531
602578
420625
108763
755427
76642
778501
255362
628916
952627
962405
336350
562792
626154
907311
836555
419827
622259
265552
810471
576061
512610
206463
318530
273994
122667
9958
40801
988155
2362
659834
375023
465518
88368
496683
277505
188928
179964
350135
726340
145394
990801
118042
530054
975209
368649
9824
636957
347535
140246
239898
805944
716248
268448
174895
637696
834399
511233
584714
803434
196654
269273
562417
486428
662621
171662
104246
19577
234129
666595
816326
137035
41062
654708
813406
406476
925159
688587
994078
846673
758202
731171
436534
194004
438041
118839
235196
425052
205498
484293
515744
891787
831441
627172
7991
605124
942123
541567
901491
864438
409339
793773
976628
721226
808562
334702
274167
353765
471175
163461
507500
406362
390614
529005
866470
647791
177381
915705
860972
188234
995969
508939
535404
955705
669959
568688
727311
689563
229566
263511
162600
949677
133218
15276
846982
673717
221308
627222
147176
35588
545580
986185
776464
975852
305545
83528
508592
72127
58271
356667
505793
575999
532759
169320
505715
549031
209844
631825
565183
20309
837625
727915
943640
872850
598505
773558
800703
501888
97382
505341
102902
53599
154299
670380
239116
124923
495733
489865
199319
913526
747820
566033
705920
346733
427743
992240
576760
113418
711485
982747
841801
354598
642176
941646
229575
571544
789108
628637
166501
592223
326422
878585
403491
142440
664919
720642
972581
759740
547136
19139
472416
532872
612975
236302
125421
808394
755007
532917
567168
947350
330566
187298
477490
187459
49719
289620
385977
45812
695592
171255
541690
348102
992495
414622
629237
991955
186469
166239
917983
814177
446092
286411
25357
160555
789965
104712
605644
929545
103834
560845
21069
705982
598770
396730
40893
566878
563394
704594
559155
559770
575913
592918
78787
902314
531028
331967
887024
634645
651912
157911
899838
464224
405055
17844
37732
816145
875561
826770
91680
699806
922195
734732
36197
239031
994469
369335
724080
982829
787526
856155
831928
103805
610778
720079
520004
819069
727019
552688
693526
460322
828837
493501
312453
738092
219771
838802
599848
810542
80104
766591
210350
383422
957968
246725
539531
573941
992389
291820
273805
293987
769125
584388
425933
15826
440736
90742
172416
141813
165527
597189
791341
828718
163680
526823
764217
133049
324902
628474
509726
278072
67757
667877
561658
702107
670516
373964
563012
269803
523379
436591
718873
277364
941444
967200
12404
699597
712350
527903
532925
757573
425340
518868
607160
243884
488732
201575
872542
78907
348387
895423
278409
741985
95005
692630
178120
329259
707299
261046
483155
269390
429525
716882
602712
666580
404487
599619
265715
665633
375289
788126
984701
910881
339389
97198
224635
224657
628093
337683
336824
957286
168021
785078
372845
742621
32604
954983
410140
313440
350848
897238
31804
638290
492879
946987
12046
362104
193106
604866
394574
956611
668372
641542
208837
34238
514688
358121
966587
638800
768296
75389
874634
483887
277474
526386
216142
917218
38605
291949
168569
911344
30769
291905
401603
31082
361413
647500
143486
613778
529226
661169
850567
575207
693012
92397
471256
858958
337256
130840
942843
249566
244225
88122
854169
64776
458285
575816
425393
756834
180244
143738
789540
670158
773401
557258
253420
299339
950489
359434
149869
342616
479889
374818
694244
231040
741020
998309
657532
711751
720217
252048
370943
307695
769579
436766
273578
97447
695898
586059
806873
233169
772311
89251
256481
566574
716508
993093
622268
375721
356018
183225
8159
983933
83084
250731
589480
606403
242513
797380
895539
91676
918647
806564
600844
257719
755594
258110
436542
180479
114253
235599
137866
167908
984503
458428
913588
427909
659742
144263
757879
848951
308530
826605
118040
404341
912095
845728
324567
392036
402774
732124
180738
563649
152998
629864
625061
555113
368644
447531
523804
333380
23593
850281
58697
373839
296090
732704
180933
65667
925539
445535
331242
975421
648442
569243
405492
656687
101076
543350
358038
491920
566786
654701
834218
37642
748913
260110
499642
94330
306684
828230
125034
954132
205868
980312
636614
219556
238541
842730
644452
96559
104750
228858
483894
369528
538484
492398
334382
44702
374107
617544
809294
307171
383243
984376
45771
46919
633939
715275
892125
360594
185412
820418
648806
933745
802476
873149
435580
838840
63150
775958
51477
748934
918715
563787
737230
654918
47791
111315
149592
780498
132746
500177
363455
386034
353929
296486
31000
302657
839456
414433
445767
445296
957847
8658
184234
620708
836350
136956
956198
100219
607182
493288
467980
794924
47454
423574
897639
993612
904126
493263
143140
954605
283700
949142
826014
195873
495249
761724
524166
202972
972590
172499
119020
795639
656264
80378
25516
713169
29046
548119
972343
983184
97987
995556
268285
533957
204844
900384
769076
838574
392503
353509
249096
372117
810733
601049
773471
754261
110583
668670
881672
536060
665105
690341
399231
664780
357357
739840
963871
311772
186662
993620
340325
842204
173919
746445
663644
220470
603896
545323
628971
251279
989868
74203
811575
319596
399434
349792
651830
127602
501198
696560
922961
853510
160156
306203
148085
545811
677208
925414
34807
460905
198244
413302
493601
177538
191351
328680
30
850977
5783
901310
431165
632852
414003
875635
70309
799768
437471
287983
844822
425947
981228
194134
117207
459420
33571
647354
659458
86446
649502
821233
435624
577692
600708
594178
483810
576935
928671
231929
592757
627179
192540
774362
667041
996128
959262
620082
589255
237435
1343
305928
995828
610676
611492
657331
373966
430115
562555
923781
246361
833796
81620
986789
609703
223129
779161
558587
120602
53679
756139
906692
650455
745720
990811
566917
953673
200343
664770
833436
304655
104123
702270
188081
881283
314723
270089
180364
277736
445887
130807
285633
393135
714551
908428
477126
533734
211909
602935
902501
43326
588221
137327
48012
997495
445741
686569
898626
443690
694047
867571
261300
130611
13947
67632
46893
635896
90121
958192
40229
959195
136981
895532
724592
149304
508779
893147
48279
269851
933570
697011
662276
375169
98869
465599
596118
754953
252268
572633
903637
380408
155225
490117
708287
667749
770910
199786
705089
914887
406476
860846
450817
763161
561735
810988
6296
441511
673605
940373
353309
524473
241269
247264
582493
505369
517948
42863
385126
238273
91866
338112
684546
343846
221420
294476
928130
920347
305674
3136
251824
924388
338384
708373
254246
135000
976954
77454
244796
110769
931561
756173
158172
700980
806594
859347
559410
192247
846070
582675
639488
460628
55068
74289
893774
289193
149753
838172
731582
632904
727266
237636
227134
905218
454713
892794
363542
852811
478803
979428
409953
31306
274234
473177
613592
762880
205518
402335
903754
957842
860934
502782
20392
820276
547412
187840
667836
341556
468839
364040
275962
667872
100746
140557
463919
550230
233321
950257
691606
347238
99444
436674
574986
242149
861404
851660
546773
721617
986747
36824
230054
287004
738832
291078
36257
295511
603623
832386
558225
186940
76951
973478
859897
970136
856165
194796
492808
744211
808455
53198
700714
530589
257859
140732
998843
807479
688308
700345
743702
869467
824046
195091
779788
118090
363385
464765
134000
889008
975930
829131
815183
317621
913840
635592
612286
56290
603353
210743
604555
819118
792629
97445
52757
66405
568290
822503
14136
722420
697446
102134
382112
604371
265420
131235
723903
40015
30629
831864
892761
161523
65391
105837
184444
873746
980692
94212
39310
188788
800009
972930
475327
615515
849431
380810
880029
213744
100983
621655
749893
318671
174869
728725
807863
196076
533559
70557
513603
879008
357687
247820
94624
949588
529260
559486
56860
921096
966439
447276
531053
395009
505497
102111
613029
608397
275410
549584
58628
660980
451492
554399
78119
493565
558310
862059
527391
817178
955860
830804
275933
57137
522388
609035
446857
525383
182291
437266
680049
645195
320334
271253
791582
334717
569709
129317
72195
773817
496393
849101
651471
352548
327695
181203
525985
275442
111548
831693
576283
293457
863944
591708
995983
144309
353631
890570
17623
169537
672202
788412
173889
596047
734637
417939
548774
496092
129641
589093
702492
487187
991137
707603
968385
272500
847258
274759
346424
212449
330748
315597
71216
537349
769909
103690
38240
829217
621885
518877
806863
637044
416372
270864
58959
398279
753447
774522
834762
142034
769969
102709
665780
227790
31294
977016
599584
384536
869163
655184
456239
228479
929609
220416
72610
635306
299521
110257
258321
567401
631377
657879
743221
905302
312692
28771
654239
348391
209888
663326
546124
650452
925929
284329
323279
347679
561283
23374
131630
398021
166501
188994
728842
139007
458376
425145
245109
200053
81998
111462
2920
66496
274048
313742
168972
397018
129904
571976
536822
608229
207677
335635
443888
121172
917493
88084
103858
130426
214613
55914
483952
141421
986155
759088
540045
699478
403548
522510
312429
794969
880386
890108
347304
612123
90861
32853
234650
99700
835595
562835
772759
801907
709026
39789
113148
311432
291257
657994
62560
783442
568215
240416
215274
957958
482467
594734
635772
862648
183082
103634
244621
754185
515008
444424
410325
34734
409341
222271
781665
931097
472873
219481
209926
627206
790834
667008
715314
452451
793625
520672
34718
334620
435117
83908
65055
512451
570480
409040
801884
535769
327958
262425
723354
427643
256427
552668
201331
615212
553876
612450
265446
681083
7405
593710
640136
837713
317906
487839
765399
747417
971834
280873
931246
44300
525949
636330
948501
202136
104118
445484
888624
964972
722755
388534
921368
919971
847977
325967
413767
213194
66837
989584
519405
617744
755837
883556
957855
919305
637285
466336
734639
332318
667902
143481
596822
525333
83368
767334
670222
44089
88408
397331
637181
266662
548949
114622
592651
188915
95901
393074
267028
105212
937060
324958
559417
186250
719164
267666
671825
457506
656912
181205
30973
983591
42314
3749
456410
541996
787221
554380
673231
519450
536764
654363
213701
971642
672753
937734
829623
219360
990954
73371
778655
307189
519014
853793
909008
920991
111950
676233
896930
715535
108918
259283
66503
92390
843458
331264
528444
902533
861541
98799
310364
476016
42181
422487
708942
781661
866491
158496
196447
524191
946678
600030
601130
475946
779455
2027
219764
868738
149335
51039
797076
34053
484668
514094
441167
680017
984779
73119
808130
645011
256063
387749
830904
53037
379031
268764
378076
273283
892758
879969
627464
40867
118180
978574
805371
745998
267474
229905
608682
741415
644347
189224
959277
859831
383365
80379
762458
320219
622407
867157
82799
702347
545925
682240
405992
533575
818774
957565
617201
363232
422119
357021
603638
747296
255832
313855
228822
727127
575555
337958
159925
128963
313950
945334
153328
530715
270774
90188
293932
913336
605915
921591
535623
409696
520347
402006
738416
284465
574374
646734
908947
302823
297233
503464
996012
830026
253942
157958
737533
920887
327800
493568
692571
958152
862692
984416
120802
754915
396787
573877
494472
720156
76716
492120
363151
72776
424102
118201
227540
656543
827819
571108
439365
688589
728632
553494
416112
669845
554466
588150
503798
297890
208210
850738
758174
847980
905905
605943
651525
944707
24990
869964
968116
247611
727004
90828
17674
665973
371593
395774
816728
907077
500809
373459
69451
230917
836930
495355
651588
928758
860159
109540
426692
326733
32504
923152
773507
939938
506985
889873
303839
531889
690270
514596
820978
459594
304464
907048
110588
853019
897385
423545
879551
631512
543140
569965
690538
538884
381392
724714
961645
388959
768179
255074
273835
32876
441739
968685
997582
526750
135984
946242
830580
301150
579093
417873
945094
225148
326573
829183
940586
908527
679338
814078
657678
152010
480608
630408
221733
950526
612937
823097
72175
540358
65953
239175
580528
672691
508658
676255
578434
25172
758634
166748
732486
639809
94439
3430
160310
804356
942549
194853
650134
158309
594415
805729
417417
513425
964257
62072
638400
575526
797134
686842
161485
142110
561965
79781
884566
855701
547598
766008
960549
427128
830331
867318
648155
838156
739642
405945
283076
277272
586670
207407
941382
189745
620060
150838
994420
887008
644556
370000
577280
899697
181766
166659
316812
794331
480699
323088
587617
281991
771718
539021
362041
127615
355143
579809
675190
306164
768623
344476
667766
239467
197467
498993
969406
999174
231767
275280
671507
32491
916099
308388
488999
372947
699795
672166
46833
385713
974256
367516
152277
927804
702844
823986
128835
485659
464242
120243
175068
259053
344364
988324
478670
891570
260991
941757
409344
752729
293377
804037
961001
749670
150763
491977
850876
853375
247705
156216
879421
518612
230830
194142
507447
846313
461332
160827
674950
474626
510305
371584
509199
933674
241749
498725
81680
330015
34432
605609
471954
59037
600192
678247
40315
290245
219624
527506
959808
838634
117501
711373
400951
359097
503642
892586
174922
31042
226803
159292
201672
581927
99574
392090
127893
208352
542285
595763
166658
297192
913920
316937
805623
666055
758200
769100
353677
439037
372511
243540
752760
37064
873250
448057
380834
464466
965656
429842
735123
665531
127932
996361
584587
601854
770710
558360
721330
753538
676985
670306
858662
67391
499045
527408
732340
22603
487180
534150
638179
359233
217010
571170
723689
987724
61165
984848
403009
486677
935692
279981
948628
566471
786772
441462
104916
324987
62246
295563
723432
134981
173692
84678
207041
890266
30482
234674
337420
264029
874401
203178
214080
623364
277126
588496
868055
144107
847874
285862
582681
885941
250458
845836
151443
111195
808479
765782
668839
153427
710472
97097
263293
415005
105403
985651
630679
504684
229995
245860
540355
677040
535834
875661
248489
237244
749504
987059
207428
235673
877764
979471
659182
585638
204199
643461
469587
162410
409216
564927
34631
30840
719585
262246
51252
157246
824793
240765
159340
661034
611667
878489
888605
425144
597148
860353
701538
522589
904706
447326
407094
642121
640279
285726
370307
990237
183317
893036
111193
608105
473116
818500
462394
265632
562262
955957
745233
511259
432443
886967
696579
328390
359024
69606
881567
949483
360203
795675
245935
737881
973489
821669
810224
849264
56289
65385
39261
591692
57929
225363
641447
865996
845526
641016
822530
250686
383305
306762
153625
151529
400452
251639
595106
877430
960805
536798
501131
368635
527689
946798
967123
459813
5170
742749
310326
81154
58051
255618
541185
324393
595432
442001
269635
421382
408146
655280
224932
76230
137504
572090
16527
361755
511513
69583
737355
333740
961686
151189
272424
299101
695037
512464
906004
186614
465703
523034
927693
948402
904611
394623
933232
57638
532884
809207
569969
525772
455861
893568
74212
6572
795965
629144
74487
842726
986078
337812
379458
254046
504359
460448
80183
609348
982217
297812
898612
283711
291510
930671
805880
240053
941733
303986
464241
385721
24243
405531
345331
765394
404515
582909
612933
817252
133830
663992
199254
763582
375926
35483
533133
640127
84668
489170
933566
463717
802001
723981
938232
20468
846530
485424
944891
797055
613612
703344
346055
490133
426279
68625
761295
790475
734975
327353
890892
28771
357534
120815
844719
118422
129477
97974
660014
377539
901881
525760
68352
979764
833530
942097
605539
145481
753262
820273
256282
529283
49949
270221
708213
783023
459349
781227
237512
463468
333550
592584
255102
927912
882065
10822
581027
988912
386938
387563
908254
971074
833853
415809
593700
714088
382130
86587
291314
143392
693895
2138
448758
159515
566749
445120
204537
576034
270848
125731
200745
454228
332800
265820
831362
771914
741488
142111
893849
960923
332731
922949
166469
510523
284830
474373
490218
256318
20613
389634
179427
200635
232326
908798
428171
495307
156852
344684
686953
737329
499553
530722
733238
175379
141940
616941
325643
592038
460898
924799
173355
766441
56460
619331
428203
378632
882165
515281
805818
30816
854303
469949
974673
188578
43521
729866
393848
593489
394086
396860
919857
494821
851108
983243
897029
994642
710712
482419
142378
597090
283323
51177
716942
216831
615363
756456
973123
367629
854041
223720
929223
892404
223506
135216
21742
868859
208268
516675
760366
953103
883591
932726
151303
964068
724573
288609
588173
820147
324319
350708
624340
363361
29902
882529
791606
101760
374963
826487
980291
514094
408859
641231
993542
420827
857715
858911
214832
724457
176700
272619
914084
718508
810922
106972
806366
456784
341599
743657
551232
165338
502463
317938
204859
600775
489647
79403
826070
134352
439151
164981
334238
848015
771601
510920
14571
788795
319958
406989
716554
122384
926692
347657
258444
773642
814181
47411
272490
618703
476542
882150
946515
772844
908970
901809
1877
533112
40115
163084
231843
662741
76237
21670
697673
125972
752271
505689
188137
28088
944526
307135
924528
445011
609624
765726
406299
637133
592202
864254
338720
324356
785807
719388
718330
343821
207477
183415
981524
117783
44589
11719
529617
700528
431839
525453
396406
872034
111528
826566
833589
304757
369649
614969
41943
415512
490733
612464
548484
900058
350382
908163
383474
848595
190821
525263
192872
278112
768500
116934
178350
559562
414770
287648
522835
76488
590586
605552
701723
631707
105584
684049
594435
879831
628946
653631
222833
522754
278710
133826
642365
202901
753638
822660
150806
474911
343892
63812
91602
3529
871612
69155
230358
565748
982677
766684
972830
837758
891955
676049
277802
853732
83004
84160
154310
857090
608900
403156
608756
640309
266248
149720
587319
885985
782404
812614
406015
733326
565937
328510
127084
283245
660895
592274
839872
280825
70762
213054
255718
1209
274780
407413
157401
533986
907935
111958
210099
485528
679581
444989
391123
777621
441590
276662
187497
760867
128477
354253
81633
304003
932495
260417
628777
661360
144561
393815
483809
609725
871238
509130
357342
362075
646986
196000
817179
101687
435245
454359
607549
85376
273135
7231
444801
410822
861972
47201
388933
457086
944837
925021
753712
837858
831619
92882
202238
788469
915144
507125
729643
253284
441852
945284
562555
650760
480209
785941
232228
806088
295739
387720
119578
404892
504719
146779
438325
978412
965367
158492
500160
857174
266128
822137
255648
926543
637344
417459
967327
565281
11959
273457
251732
452434
59937
699121
384433
394085
847876
72665
193769
607098
216925
135532
321659
273680
290257
934104
900896
603755
176819
748460
621773
721489
488785
968294
491493
701998
404091
588970
731711
2711
406034
328399
740751
640811
225608
507540
736883
26582
73721
444336
377116
984623
170213
527367
306135
268545
572042
807608
347767
818919
485786
735699
92193
786832
332510
224296
452212
938211
94887
368123
357843
449084
627308
596115
840528
158931
23237
528178
249078
640830
601731
919390
418099
637389
20969
544286
330080
773971
393995
28737
911471
482628
219970
285079
109680
603962
730570
786947
947776
233490
412280
707048
934414
50163
563354
255233
232715
942190
66669
295565
888686
667713
214901
854695
510817
296694
554045
427123
302091
473385
215595
77749
449659
379430
437311
238971
337837
463344
168744
610235
927740
793055
163075
870519
821157
27233
367665
32668
846964
303137
351763
611947
308686
515844
540837
835342
661018
782480
969460
795148
366156
751399
10045
444568
191502
431217
350948
157828
752781
281817
83917
780947
681182
357550
94939
347243
818252
835177
88515
214377
284352
556750
692684
787535
339467
239019
69669
200473
526226
141629
786274
974765
644566
977778
666517
98672
827998
942794
954117
424501
441092
806423
966030
532048
494298
986595
979413
384265
823543
393328
309285
336876
653729
968922
516459
299069
335320
679193
680842
750730
584445
257507
183900
51160
659678
800494
627590
968511
722591
237779
292471
892498
672133
295502
814013
694134
285474
700834
519620
860500
548953
908889
640171
628393
366605
253609
790340
608506
568106
990323
427496
608101
798415
312804
718901
286611
849303
771454
699942
198090
16643
132337
674701
114335
404805
837091
98863
235592
83564
495375
471676
430544
724711
256777
90537
130787
181431
138463
372844
72969
508021
866652
215251
191984
346813
272678
544642
425249
891766
464967
943623
184149
757119
766536
726812
81121
486904
275385
629752
822604
98090
531854
270674
295041
9940
755812
390771
87456
788179
962785
334070
596590
282349
504696
673183
896685
916410
286604
71830
913543
575535
896172
407551
619428
115336
986109
351991
607643
870674
258165
992684
820676
116306
800003
674137
823084
129429
213901
162077
495650
125973
565969
281463
20782
308741
236973
631776
852449
159290
77818
902981
458184
282293
46674
8992
603962
497105
369266
534130
712337
135429
343227
212319
28597
845015
572307
975461
899283
945694
304168
454010
892077
659250
51668
269314
60172
171890
513884
80490
969680
933041
251475
920356
466984
341630
657436
455487
475036
743950
902029
465186
544647
764744
840238
247973
206755
808173
99232
365643
573821
142754
177370
326176
917383
34140
744335
452075
107788
805543
975596
797713
517630
614803
524989
582406
794475
770235
965359
598192
574350
323827
298608
97946
987138
894221
548083
32913
272465
509384
777423
152415
273643
845207
921607
117793
950386
562569
374308
583047
36850
754393
904767
42088
855470
838548
524251
857344
534038
497187
419694
344007
668436
416692
937600
538990
576069
362889
293037
798777
518597
764637
9413
742132
996515
947118
807378
310483
168372
701036
102457
158762
839107
806716
285625
818117
959462
469737
887569
365221
951211
842920
276734
97240
567922
283910
959586
801651
874708
555312
493248
623151
302977
718174
954532
995422
582568
729054
281824
78920
95375
742649
257008
794278
874242
255940
178495
686778
389928
35908
935491
640777
528945
131454
108931
760055
622059
754523
464184
980925
936180
743541
844177
713224
826506
61313
585809
796529
870590
315737
813716
500117
576519
536548
811823
407697
308659
918500
798772
313948
119736
231131
197397
219265
670377
7259
741344
647991
993860
577129
450280
108511
702696
56269
63044
232729
898404
450745
638065
545474
899114
840083
36691
417870
756706
551393
773080
635583
747099
846032
296893
818560
867996
621665
471274
646816
931801
336305
135225
62382
424961
52131
241237
724141
821364
562284
852348
93876
273810
97082
247526
733093
155759
447874
96064
802311
34402
737317
78481
926787
569980
375614
857214
571128
197142
647498
289320
510011
11268
328117
666227
745134
650278
267965
685986
349051
487580
948421
824286
743534
945817
585592
548054
151469
256913
623256
941056
58964
470732
895458
535677
899889
914524
194464
883418
726617
147947
54027
367666
259173
267374
307418
767986
990413
851446
813931
361461
257502
352165
795469
193293
234523
558909
867176
56995
56430
93908
191370
755190
636681
591908
845966
789567
26206
943359
906219
117301
76855
154271
70550
912876
83570
411931
190421
650201
671389
243702
998882
99952
379370
135954
383159
913134
69135
293186
932476
788723
416381
154813
739915
332103
552378
843182
972764
714365
896541
77031
480850
778677
415270
979382
789985
559739
96695
216464
447194
251276
858483
734250
62868
485113
75634
79207
740281
98469
164254
804588
656234
903080
244013
567439
201488
73174
443579
239917
213952
514394
878915
710234
820618
605947
443193
964723
687839
518657
89799
39760
30300
749104
352675
197718
476407
574771
339274
680233
191173
792853
974235
184958
455589
401640
432594
416078
822157
963272
759775
284646
363567
53433
909090
826524
176967
532269
253894
783900
80772
452451
595511
271136
109648
404521
457473
757694
69182
141442
869063
719771
983823
250146
62428
363645
471457
489686
191489
393918
356213
684672
612412
597597
302619
474560
606673
64047
585340
98863
587104
960051
691716
46405
421594
594754
388074
413850
502433
816165
926237
852233
954300
705409
643276
817073
568819
790573
596562
887893
953549
467556
98109
676387
829092
231446
574202
146642
40354
712473
314462
183780
850586
888445
350803
209611
560197
104252
26909
61416
88983
23632
466440
672110
265149
987295
726768
910949
126326
331922
542892
326091
496203
73411
140568
815317
568300
666836
887870
254163
335081
611869
202721
337009
10313
269629
188389
100377
214411
918290
897566
430198
734967
931715
870195
722900
486623
777530
402287
729379
869431
414575
788516
52123
370894
875296
502588
75513
171048
655645
419037
713703
412026
80895
74424
980089
411202
916985
898479
233876
455040
548294
828640
379753
176084
168194
205779
659999
825461
938965
428860
309839
695243
128458
14764
941033
677035
792253
418203
776563
507628
163251
103050
413618
537770
99780
494104
728417
721175
909427
108707
381150
576441
603614
80921
114980
644
294544
290458
243187
909716
128628
862155
33804
165958
316005
422778
717464
627956
881888
76905
908201
724812
27739
240633
616856
137101
235183
698805
996300
485661
314736
369783
132124
697033
59549
79547
505804
490265
153203
897406
359732
463119
677852
841682
899007
310909
815749
605825
614862
814208
330445
975771
913212
808284
430680
934495
137917
767861
107268
253954
855519
707304
61811
473502
635507
379012
215623
563386
964997
375656
897325
115634
52294
502970
859727
939779
236235
292033
78573
719221
827758
971424
782022
723237
513874
643632
503088
66222
362821
875769
631367
403572
45822
36108
63426
233613
584453
688959
118625
704139
658674
634822
59331
572074
737485
731050
409620
592211
128852
681513
421731
689675
335452
380139
389009
3643
774671
892572
193893
973532
494164
325738
514429
758526
820684
631965
808031
948086
379127
597773
257646
126306
660471
820805
720184
224922
978285
866291
400300
188661
924032
635528
269993
369397
453372
639346
103537
928016
430550
302323
240892
635100
959310
582366
264425
548310
494061
408686
849231
128014
469614
403267
338354
249715
52857
431866
750162
731703
61578
432103
886493
277534
864944
967602
936452
82473
304882
719179
271914
545625
451468
444683
116793
170210
305303
732329
519951
727214
593478
564885
698902
333066
522892
8436
682098
696433
939420
713081
732115
159667
998728
707484
904042
783490
265611
281594
972215
181401
86178
838281
822913
290826
68692
241078
332447
231522
577043
188637
539956
225786
492091
110820
585272
430173
24887
189685
155184
954833
757123
147542
825408
885380
396683
747238
722135
855636
904818
971574
441288
930491
153520
620289
922553
107030
422931
564490
813300
843472
247590
138705
333787
23983
516271
969521
229112
507835
902801
720729
435570
108038
310226
280869
410460
320285
686711
598680
482856
891978
380940
764984
313401
13890
419904
107718
190038
924210
125164
463833
214778
486625
148084
223318
533128
787841
532166
139278
321371
893528
647936
2804
678908
335878
809838
202617
92205
825458
321777
554758
577442
30997
751227
165397
880143
788706
639478
989549
831132
362577
570116
661432
696438
176711
884385
24834
904255
393252
491429
561232
182437
114152
680806
66907
423888
415810
733243
975464
33205
485047
815195
54597
860808
917612
66595
373154
158222
613712
419638
686217
267280
273448
998911
58491
85996
436792
835090
171817
536773
78667
455920
433868
508378
57696
896617
16929
93172
62769
303324
106820
227449
421728
166170
234920
217246
838145
739945
654641
348730
119358
669924
230062
878389
538987
928832
415542
181983
2471
570857
867358
352541
903147
228746
199892
847870
626994
518444
942939
151851
817029
75190
99043
391229
716130
642962
30788
349929
195080
359024
222167
348950
808098
294948
519537
561488
741837
397675
786173
413588
616456
371467
386677
62155
284279
202648
980029
649748
12948
999954
660892
828794
672883
855468
878551
474565
672048
534696
378156
503340
350839
685661
464360
705704
759535
258715
656293
984803
897412
346277
896804
861135
523471
713245
129218
539732
939557
559997
391770
590305
943481
301249
504248
495524
738990
532579
434357
306068
201981
744446
194676
278699
360384
648596
301623
752050
116825
892971
401311
657716
317697
44562
443262
575252
407345
788801
672731
677947
907622
559326
520705
856745
617365
116124
909316
673389
770347
403198
302801
662127
172927
252858
717041
127595
909335
169848
761306
87416
645204
224121
132146
630726
857851
8597
718945
413287
806432
964444
152913
177732
391217
624414
923973
324848
162844
603271
117907
665561
601118
311586
196287
665754
323433
488446
747382
193326
304434
337518
808740
241088
686228
864297
304754
691166
392420
575634
225183
272523
258642
433427
423034
720115
778104
716130
335353
692793
68546
585254
542906
235565
514491
350514
59987
60697
526448
150191
158103
379514
153154
444825
332584
744524
987918
470048
129012
378238
158001
872046
547790
455109
375738
159688
375593
901936
794254
238963
894729
368124
571548
381964
557803
29749
826003
272545
200752
270598
256946
952937
962643
932158
793821
902396
387041
126836
314240
617995
271788
162005
922893
313920
266265
359820
501089
43955
905429
448396
725572
824453
535908
764477
896527
795997
181914
11904
718248
725693
626914
487265
779945
971968
653883
506520
561568
615090
298563
224316
392879
785548
551340
784901
866962
898762
842315
834620
770304
480491
821263
281153
667499
680005
705678
278777
681506
884866
621947
911122
635286
15163
163508
948916
502138
120175
884728
759813
783811
295391
281142
738265
226895
864778
665344
186933
502754
16320
630238
602622
344395
251173
299519
782275
381605
932229
648523
649764
329977
776910
573844
63069
484865
674030
183914
144050
911559
952522
960141
403897
917484
883288
902141
32767
453573
125785
983278
941016
652512
870710
711512
233351
712036
386550
305066
530693
218902
640218
362014
610674
395960
384854
888552
347989
351628
772076
944328
207058
321526
488229
468223
866855
69759
332079
483358
572322
890934
165262
910777
535523
824497
544384
712059
544777
167537
785650
188563
675004
322467
54744
216332
883735
18243
406381
395451
328944
961691
819207
956305
808325
541226
28757
139152
99012
191456
53177
171931
959287
293636
344380
536678
619594
595192
816050
491084
14010
893461
141675
390527
546204
50864
164307
173657
84999
629630
860263
612241
68896
901588
322324
525450
550208
289478
852142
731718
849540
682289
224329
5304
916080
549141
665848
324855
601984
453274
928096
63182
48397
140979
418744
240112
964761
200672
171743
323465
895799
879245
547033
952303
786713
940952
777063
845239
905016
126192
100355
630757
599514
633433
644597
90683
208707
49036
348309
592690
377978
683642
718302
233927
538742
831537
170538
394220
303974
835352
224975
403231
595482
666324
398038
73240
963089
593229
731221
224284
658847
159691
255592
341359
30971
227194
420048
131366
580451
49676
774503
361370
24300
844029
119295
305209
18217
838002
991767
632950
247671
44027
12921
635041
828068
485175
749043
821009
703610
780119
832112
803325
250283
271739
325938
563178
185114
708600
261614
263807
561476
273403
685827
763892
171145
281671
120408
337449
874459
523610
876946
648211
853250
208494
615536
547601
311945
914331
567619
380636
297032
701337
494668
987421
811151
536675
423732
37593
574764
448696
646370
561671
190490
302843
267005
341251
727750
595387
31870
703579
330878
91212
613872
90566
661881
683796
931591
597812
783485
736994
121434
440767
867185
873528
873599
400577
520383
321769
798594
582529
149477
194205
911105
497797
292185
928370
928103
92555
801431
333949
309507
232594
932104
190318
666180
387219
761232
85138
33556
392205
236532
983665
18573
597502
154663
276375
652508
941101
143600
869104
583281
612708
18681
761740
438240
491388
634038
641475
427607
86288
551919
509042
34620
775699
249580
203619
959779
105662
895357
406603
329129
995362
75683
893484
237808
255707
653790
864091
588023
392101
369428
754908
92308
782152
576539
49193
126865
380399
991715
146706
856353
636183
141059
860862
987069
231203
156702
438479
321888
88460
396274
262564
100827
518069
500029
281400
563605
285980
650444
406119
772771
779884
364257
281361
735296
628464
64704
524375
472489
560931
191958
19523
315352
874723
166855
552772
86106
639171
709650
965206
758543
748159
744483
509952
303166
759755
218934
52983
396626
179076
647842
922144
686070
574920
672778
549619
646600
339361
307867
285563
546364
535452
645826
866361
519888
374904
709230
906024
646439
505914
826685
294876
770245
67934
16582
411460
803302
65255
594498
347086
99771
406935
758615
864553
643330
189755
722498
308710
217088
4638
952609
860920
870942
95326
728603
146970
613854
333147
827437
243408
551096
394443
376913
736645
251349
762346
863692
277715
297511
817615
403477
989666
170659
895642
968477
797095
804252
999370
288512
740366
538429
572139
944454
30771
391139
461228
682773
433545
746837
22478
152823
256605
468449
744761
518468
627317
165972
594793
860652
552274
252885
563461
91299
575445
916958
57808
333481
49918
612440
429560
980469
52431
167763
92940
959165
741583
759967
410699
949413
946602
672137
133911
31361
835318
691701
247561
675081
691344
520213
985886
33176
859237
975811
774414
260001
311693
958145
551357
48879
190929
473674
698571
689814
106317
706772
899462
104955
173616
203621
108863
891837
462241
878607
159162
630719
616316
637002
742079
147604
338490
947372
713101
559557
689903
803783
888238
1089
940780
328223
114086
549666
473540
603974
44997
157336
689516
381014
974684
480820
416636
282699
246412
529427
430738
678011
177913
146149
896150
545778
503838
233113
542871
654894
770555
781159
855828
678708
338857
44089
555671
306765
928397
286519
166140
828896
157995
370157
502032
368237
188882
652956
233877
102051
397109
663706
630049
571487
817242
36326
198373
263939
474795
175180
626955
115118
65322
871089
580921
105181
833410
233660
912435
301854
290744
729633
890653
3564
159169
693515
238813
545196
309228
372838
885023
998531
780672
498246
899826
408018
1120
259895
818896
741647
79595
556322
659643
856129
626721
262616
7106
973911
781694
240638
602979
141222
262187
498901
744714
285822
655946
250213
738936
532519
393263
246086
168255
226429
565295
650827
377641
821989
421136
91019
25849
544555
853407
972557
373769
643578
586721
317519
691858
541175
390881
765171
888330
768122
9192
74823
981992
611881
444747
34864
910659
288883
373470
675698
488600
55398
869895
110365
11946
44526
215533
968344
139460
700075
721294
699203
501466
828013
353200
172428
584718
953295
265455
392016
65102
894445
707317
381035
992474
508739
638472
373918
690531
741603
607486
239708
563599
800658
946251
749617
897369
928512
532987
341199
815510
489699
23739
638775
694354
468719
972561
308736
544729
927156
450412
323463
917649
542227
651477
751348
840901
207198
705413
989668
680252
711820
586705
794168
155272
396501
806145
70074
370395
863728
173886
98279
757842
609063
710057
743773
443350
623059
554376
431330
238744
459386
365211
993358
892729
509697
929101
768407
523404
830031
219910
24503
399347
228929
94173
43260
119269
836675
512043
600747
574546
356625
599995
509906
569053
725003
892445
721577
550600
26798
630681
456420
613358
691573
501121
846168
876201
889227
718112
748487
880404
691435
40782
54666
764650
688662
971813
932826
284109
674416
814670
78202
236899
147384
119733
203717
546587
400354
888027
214224
535629
292755
413769
808187
231360
156984
238242
611609
470213
764548
762258
221817
711360
475396
783267
162385
505734
949472
500462
798470
163938
873008
3182
215067
299634
860792
441840
235699
133359
30210
203302
776644
560906
147607
472283
889946
279921
928601
425922
293381
479984
639744
889511
804321
513077
525359
718727
513856
3372
625394
774779
16950
148553
715990
69518
798848
861028
678053
208432
31121
281085
498749
588356
813435
520545
23500
952980
315063
410598
50539
919332
973585
130000
14803
675108
64882
936214
209024
869758
348427
998526
997089
109200
379420
879781
35192
667124
248414
553243
673236
190778
133395
49899
880233
353591
797736
386808
818633
540918
377795
538498
772673
977549
494767
555208
111186
827531
71457
832648
583755
565774
571751
626274
504896
184049
902572
654170
112872
351138
213354
33340
490776
784593
241068
22554
991384
403396
546751
850545
496287
128839
153077
283946
683121
650497
375893
858108
325713
522915
776098
635502
366051
357497
858246
967418
376419
412002
427035
495694
868988
63901
951127
41900
851142
135353
889233
438576
275359
565039
583156
703090
271076
577803
934335
758849
643917
929284
671350
473552
350819
527789
202729
617453
234334
613956
194014
343276
868831
822696
555549
352866
526342
901928
812505
574861
913905
693943
164342
306513
700626
405563
233019
995741
248108
285124
816598
315692
75498
16218
482118
615784
441372
819311
251817
226985
723215
190963
412706
611802
162055
4166
58278
835069
306139
709961
86564
41221
723693
336910
965327
556256
958725
572845
325961
457048
518538
392632
617645
968271
495324
711046
959033
614952
864208
928428
758742
172101
65545
200330
884422
788650
735856
78785
970729
73280
536015
374722
208684
664758
226127
884354
265423
267586
578828
591945
919248
654981
355218
56938
297273
546125
52471
498637
507267
270452
625045
813224
972838
483877
240417
334220
517694
153215
44973
899548
126107
734482
206710
494808
171493
740806
948395
215127
469354
389722
504699
571155
820358
998666
701209
687070
394478
37067
218255
301939
319385
995632
665532
938855
584459
72750
740012
904703
914495
516092
194514
953819
92848
611412
555684
782991
37188
137047
471827
845074
673110
86157
457638
945103
68062
870538
954610
15193
930047
277868
440120
321916
273133
659200
468507
920366
943801
101124
705916
725861
420091
684103
233524
298114
768603
333293
1261
164778
685499
329231
248989
455414
666245
537791
343584
94848
761036
147113
366386
200094
745313
185876
598726
608171
674165
603528
166085
823040
474918
816010
300646
390978
293224
86723
612326
69525
59281
619199
620069
838319
826560
484688
729117
14983
804075
338643
315391
70443
746884
915594
767212
312817
339016
469608
199372
265606
650916
359660
408783
58338
667012
361509
768766
424988
771129
854804
225341
60889
279941
266862
556767
965152
536838
113472
246310
819913
7934
964333
559125
157780
175035
30035
70836
756951
722087
331212
111904
228239
623342
637328
450060
453718
809991
338744
929432
603061
738530
322333
552268
774481
830060
618719
428017
642434
223490
381762
281484
545409
217071
702322
702840
966143
73571
248871
844831
652818
123379
582499
365076
832586
325703
880857
795664
885346
340005
541864
776776
857043
775127
366020
482855
186626
983098
214326
560621
800345
980966
378425
872612
829426
484981
720325
204090
974512
561010
891882
886784
123624
327776
400018
38462
441853
870500
165481
68400
19274
896528
343384
995361
798967
388812
200620
625571
958126
172451
501782
387432
668392
23207
76555
78593
352097
527362
80140
719664
49514
180123
78528
253419
94557
381601
297468
339632
255210
464567
208613
666623
328080
22140
706541
99833
250664
561974
946681
430675
675739
457114
251875
612023
232308
377274
215451
976951
799888
332747
405992
774190
389426
448466
256781
811509
863027
799595
417030
517247
266007
100918
139761
925586
987066
926686
43210
489635
37609
516231
752143
699084
317453
32788
900418
982060
776193
201618
524749
198811
103493
871940
498303
829192
537932
400139
574964
209010
829040
786354
5332
188351
372358
870036
836338
72508
594955
123050
920852
193330
108989
208501
137298
421985
617990
439044
240471
864156
866195
365795
672773
546752
266116
190240
118325
814546
725820
893307
413275
949748
963991
312169
77512
919812
218427
279621
730698
331666
970375
545556
360302
364475
20137
594547
344550
38951
43660
262879
944645
460123
1198
654817
589734
600891
629007
729300
587373
962272
282437
425300
274661
921042
792429
850501
913097
674914
475516
259197
986846
143335
962163
376463
819069
630611
355633
754677
493295
961392
863650
956569
470001
373757
574229
333056
227734
22303
276460
31764
720460
684486
989548
229836
351734
246877
857524
904442
641849
612205
82763
140464
664723
212623
80722
67664
347237
193804
253144
623407
223249
194387
732556
315429
825726
73749
180749
38452
433976
713857
165470
544723
607221
106519
406837
300054
903986
470123
535986
678459
726844
200441
862253
708051
868619
574047
528744
488715
977929
555387
64164
999510
110192
413153
369359
971769
174353
968761
106842
363314
842544
227444
623785
2182
14669
807721
74404
308134
958206
864080
853035
990077
86583
169433
995622
324120
785068
871530
536634
270067
610509
286580
599127
970716
53808
432241
813038
130502
812109
411324
615232
183661
944802
512268
409106
775520
735351
668366
366781
319920
106620
491294
195873
6707
434446
744291
973178
188789
221208
464836
228106
305341
808214
808843
927670
840823
52405
482196
611117
190147
466455
437809
607427
995289
112946
491294
783836
770262
720856
309788
609475
536936
791761
137004
929114
575251
904356
813673
888172
608989
581685
457090
143326
867036
23112
122003
312325
536858
786211
911648
813777
638178
554514
378733
403814
710954
867588
364285
536523
356252
899091
320485
847035
768003
74593
728203
104921
278734
861085
414144
203585
272324
280613
614136
357626
913989
702790
189282
180999
165817
718367
696872
704669
511639
144227
8901
481646
849812
380
804413
469795
974950
940429
977342
906345
346483
987472
307217
362531
896411
513119
403261
831357
758303
592078
884856
741408
110380
373428
688331
781953
789832
390027
311361
951765
386840
425453
953419
814623
253387
522430
848755
63913
969447
191273
171067
595089
38766
886723
458194
987898
329260
128395
710386
716836
923744
550163
584409
848342
422021
88248
902817
812152
96187
396684
566398
978557
65111
883797
862484
137661
677444
885999
715059
345184
836884
425676
55664
679094
522279
710172
673633
777188
510710
667079
645428
252026
558269
123991
243820
428383
907843
368691
110842
244461
638599
944134
713524
173530
754952
533439
194868
911371
263217
679153
345104
93517
670880
509658
222257
543902
665426
979584
821010
864165
266413
468151
334359
128642
397608
56768
704263
20032
252187
929228
434024
709991
555103
987550
903542
450798
950241
238222
868287
113614
695240
430185
710814
222130
928256
687350
80593
602507
828003
962771
516730
547647
675588
254910
245359
52673
857943
430769
328638
265532
779712
992996
797888
399400
759094
662774
587288
518208
870228
222566
871305
698058
493244
466747
592241
430997
232
779844
895718
870977
734607
776826
18412
435704
930480
423233
161872
447803
324285
379981
425123
658135
825575
907426
352918
199222
254146
751667
723887
111057
948437
88876
356582
559683
474305
401099
889374
130553
493451
103977
901507
839302
146504
618327
573564
106259
599268
903459
958861
503987
898255
659514
788045
208533
137284
252583
392446
314451
758454
276154
865358
351527
46874
475716
212009
971069
512588
571966
536633
541027
380895
271113
716539
928348
524740
803856
351999
764309
452501
952201
825980
84079
379775
133723
32461
928891
501002
765850
894732
446275
551175
773485
179530
622789
588309
902353
564136
623739
436623
792374
500244
192853
928021
738567
673316
372873
393590
68295
220168
604864
143927
485079
515951
655473
93698
317332
980665
621579
530350
824733
496468
750412
177447
700210
153078
19759
511994
606903
726773
140290
60672
857880
182086
955541
874340
593864
64272
527118
760658
640738
681004
434138
520253
855728
399612
530750
597517
253513
326053
230796
548836
746004
25066
154352
179084
1003
912742
896298
82047
505436
147301
675222
785
458889
4512
16679
906558
222447
235732
727282
819084
545475
622974
898342
268956
77624
833589
518874
586835
928606
865251
400767
732895
544868
495073
422516
429225
740798
644911
374585
519254
373601
314509
470203
174008
337003
597880
454797
419863
757280
664068
60216
59224
746000
234643
454377
129608
139348
818287
565257
230984
154615
40330
949674
832212
92209
761487
227484
329137
450829
633380
16352
100019
985709
984255
465332
918760
910884
809314
246029
119845
797441
847092
107235
244203
448683
244797
13542
541365
148200
681086
671566
288160
759416
49259
746384
117943
764574
539078
452780
92634
537982
460890
554403
366155
992673
693712
544710
380118
15318
59441
250154
814426
424948
46840
659576
827639
700410
295379
679969
239510
632663
239158
804398
970831
408261
717404
953845
489980
845071
13212
338215
88856
473460
698020
73415
998034
241060
815444
576373
65332
691559
4025
728553
79147
457885
207332
859899
104434
407520
705382
874654
353567
705925
249131
181805
237834
765698
937265
93533
99542
129577
12899
471251
43741
430290
886678
381839
216828
445463
383711
282757
566136
607225
896398
906956
661515
714337
782220
962608
967247
772608
785805
939746
585286
192023
205553
515983
869443
608915
451005
607373
941497
54928
128176
202674
365279
183806
978245
833087
850108
203873
271301
840122
549396
978418
967366
873881
693295
767331
31747
323994
846978
897920
545561
546672
593853
874673
491612
19351
321968
994076
619476
593544
216731
679591
873367
777481
490960
689883
484548
854172
926535
268260
844249
726743
849150
154101
760626
720083
190923
226952
680543
43902
128127
839299
628320
231692
689913
545206
813247
981258
398020
210561
534027
621523
762350
251731
958188
439131
97382
599116
181608
341865
417552
1540
450737
12641
277929
669989
747304
948287
782098
193331
397554
33440
362619
114157
862325
186234
671405
722251
469168
173484
376179
337254
663861
786416
284646
884471
859459
699949
462868
194039
9860
766314
89933
631910
133151
185500
768393
997416
732475
25824
851321
589641
833042
988932
540264
307169
171949
625599
935502
170515
67777
113793
694706
684847
362534
195365
496376
14775
729584
166660
273998
680511
494444
305699
407215
569646
527161
999884
874515
278049
991744
822010
362547
215022
863249
890029
543228
679045
265755
477854
379536
58611
916488
838157
225459
676672
295539
791350
318424
453177
507527
48418
970697
353096
329269
492121
607405
841407
918545
346292
897401
655475
879690
188433
453622
161157
490244
985825
559018
258556
326548
134747
283686
981390
341591
981971
716331
197310
857839
125413
724154
184415
817499
540107
18871
761782
611954
470287
731449
37949
585148
725274
337969
207108
70253
907626
936756
916082
236863
108898
939110
904938
804971
973755
760645
555913
327683
820888
529551
379723
447087
851832
844369
177165
651906
600709
787022
523757
595384
800137
991496
124621
812942
643264
778029
989303
687230
202888
505377
446106
425750
189941
819876
533427
600628
974849
121632
914631
473184
202400
326482
409228
694086
786162
616850
75496
325646
541522
350400
365457
639194
774155
959117
987283
131804
613483
317155
970224
713873
198255
134450
350497
404445
518557
705497
180347
732292
657457
194925
772205
330818
887983
466536
184230
679753
