8560
944003
746594
130258
696331
579321
809942
249432
824171
941918
108746
898868
129426
920547
479045
99400
168902
167602
909983
831226
765206
297323
432000
893963
682034
338329
375872
901207
712087
925686
749614
824235
44962
682583
518060
710526
560518
173877
93112
146766
57817
157018
573893
436121
895113
797925
173895
525492
299435
55033
679310
113546
495348
635144
418890
984373
968768
847095
174957
480370
971792
407279
304750
650948
933585
826752
660265
971752
680535
718641
826403
98416
640105
834408
357036
434879
38901
873778
330781
671840
189540
666288
887617
742339
861384
795743
695184
390676
838066
795138
953302
907385
676257
884974
568499
228585
915989
704498
476539
679076
795009
792993
800382
317650
3102
667837
45217
401084
982364
736129
888747
928481
768691
218378
221596
898038
375128
415908
413431
323774
434124
712237
695073
393601
460622
682856
474210
819308
16497
573985
916040
710533
375752
829112
804394
335560
213629
866443
158858
932643
278081
171908
554324
139339
477469
425212
63235
912377
287528
332618
358563
421509
924945
962093
39025
687069
394652
987345
805278
51042
966826
49985
718642
334879
885808
902890
266958
658918
567434
307272
943498
707081
441064
103280
835964
955506
908646
209656
620762
742560
73082
592902
326903
792638
299207
494580
81257
476002
676494
734813
25868
516575
980164
795207
771167
248711
311230
238125
874251
214016
89608
482791
357380
896321
71126
22072
590153
537322
953490
649524
363845
10238
829972
368012
354200
521470
234608
492855
466735
632418
390184
449983
847055
272246
672450
701990
802290
925392
414069
93491
712328
769258
559165
443100
898590
547296
99214
442129
141148
994247
162405
703075
544488
641447
403129
768463
821929
702039
34256
75371
387494
332148
323439
809644
335628
461693
363242
84177
903246
370446
193689
297392
420135
143735
407147
500443
46267
487801
193876
784367
134427
787996
708898
750201
603943
980144
586542
530692
27086
63774
634541
860035
33138
47721
816486
157143
111142
642951
138238
679486
485337
476182
749167
296410
29772
943613
687959
477465
737599
263584
389804
763397
709034
840767
149646
76650
534503
659308
983093
768095
212013
995879
262793
328563
300854
901271
252945
356662
216450
338727
160579
211105
834293
946299
153786
139042
170396
117198
989637
652360
779021
888106
909211
239560
854572
90370
624365
977706
225418
560111
9044
881107
959591
195909
133738
824047
539480
857618
967284
951098
76484
871795
292860
374252
232264
205266
279678
201983
475707
907007
188408
182366
842251
852458
172580
23468
472646
848571
400834
386669
181941
626766
457934
629781
466723
782478
279378
930475
585787
826413
892436
143386
934287
776381
935215
669396
742069
943086
798079
688163
387788
718628
403830
453070
394524
882548
904140
178660
721051
377404
925139
671848
810252
89564
660072
979865
346690
999445
934021
1820
220355
88124
74932
277640
185991
461978
755870
373006
428256
677539
384450
965443
648179
386577
216449
160780
246372
374685
73877
825829
546064
497626
184354
794830
75508
190766
463077
398802
309803
318829
52745
524021
981076
112724
930200
12921
480466
198430
121422
707789
273132
820998
746378
95315
250709
324250
438878
451532
549959
62073
385221
347043
981128
898793
541748
317138
594959
736919
546377
23349
660352
233324
835936
659241
10706
767624
947141
866016
201553
124509
321475
634117
595007
411883
889051
267654
467094
619923
829264
309507
735081
621339
82911
124241
182696
285245
917133
702762
751362
735788
589464
826165
933477
349412
485391
172078
484065
303852
2045
708466
394858
126827
525697
553514
579644
252580
523641
490897
817945
369680
809117
903971
673710
150231
790184
292196
167060
903594
956080
952714
208754
179839
453975
104968
701183
268202
417434
439927
298213
280533
154503
501795
848193
807644
633355
404400
895687
293767
393129
410280
829123
185317
607175
218338
102330
814273
666146
764111
767983
422468
413474
986404
899457
175975
56009
937951
518257
734162
158532
878009
342274
882070
150756
954279
296441
257604
306214
735308
325188
810728
708334
708542
86327
292005
891283
219507
821873
364590
690579
82376
393437
579295
271207
485869
962516
25590
735922
59889
70048
506160
279699
513958
415772
461060
827290
481329
296439
466422
828502
719408
543511
956890
919628
20232
427866
251878
826309
243914
90039
628466
621759
862081
970435
630286
390339
388698
55248
167232
449174
57328
9200
78168
431625
329908
210263
153778
738219
22006
480990
956744
699295
597458
979748
11249
147912
297657
729999
989946
201824
374811
889328
100000
663464
445230
590853
829095
315642
360158
812439
684057
840186
82577
928836
605918
484011
466709
586647
139637
101150
708201
711827
219469
51973
611109
146639
970306
467621
403014
150587
184311
404074
650714
903808
438092
870420
540164
476166
996092
457999
946733
515151
92118
202657
501256
959296
166870
798333
515775
366720
973216
163060
455359
128057
659672
838795
299229
149116
95520
332647
472291
965313
638575
908645
166971
691724
999114
550342
646519
577770
599970
4040
610747
907163
144395
773840
247944
730250
677076
957634
222117
773239
76615
204787
791404
930037
474814
293494
800942
276815
412832
403347
603460
25734
502199
264598
41203
795766
244207
633347
661627
947158
511726
497959
158972
802782
13770
947977
893382
145667
272171
793280
824059
64094
788031
30942
25443
673195
559891
126282
587084
95340
429333
385643
349148
999213
825891
533888
820917
402019
377487
456205
370563
454254
336370
601520
790693
325950
524457
889106
354357
753105
730801
770617
255094
265946
185115
98425
432665
715518
763115
644042
649324
137847
318355
369333
402784
41371
710215
91433
656885
969271
662653
448554
856004
464917
769859
362729
703272
391645
17084
383150
217034
474904
362168
671602
949704
69263
686575
614025
131842
305810
266650
890364
84992
226197
576431
694837
187331
119604
76663
625747
16807
439703
35917
332062
987953
30128
566453
891604
284475
334945
589270
703842
252025
90299
66838
734446
642151
822818
755600
368721
848209
243852
154356
423330
655934
327016
992060
802797
121146
736411
97351
369411
99327
838181
979092
607083
316927
197858
145756
413814
345937
331437
289995
299696
190069
471903
665437
959411
638406
205941
668946
312149
499771
566863
300813
465985
324825
455573
824719
579427
851833
885556
312586
399293
304689
100102
492773
232151
530658
960528
163019
731411
459742
416229
624048
363998
944180
893223
564130
453379
597401
549293
453255
576346
283444
69505
349241
694557
634693
245376
295675
135642
970995
309924
792598
428229
889394
157023
525908
394725
216142
135837
817240
61423
336150
777964
239192
225840
706855
992440
138937
424227
883540
218927
919750
756002
904751
104899
945292
562873
196727
951118
34324
761815
827806
573967
85245
535646
259253
734482
472758
89241
283318
817774
573462
896013
755374
716840
178136
173224
591877
68853
842358
697623
297707
714269
251680
925427
758305
382715
255961
584667
406817
699105
607407
636445
986987
921496
724245
291533
864686
54789
446366
302776
759503
113831
139224
76979
122264
361276
411331
678988
954944
806659
257773
883618
444947
443869
853675
591889
997118
950157
515446
184773
303097
687390
520095
743152
458577
980772
327152
531926
701713
121178
397409
328133
565580
99563
404276
924515
58698
917772
98093
378911
422413
396806
679921
131081
62398
469777
655738
836606
872825
719068
986933
573628
299378
469866
398073
188756
702914
91414
999139
847869
62354
455991
296978
11588
277410
92062
470908
743841
520759
424700
285163
550758
17119
151585
224920
433809
787682
60511
162786
392128
415687
659597
951339
190660
216191
451687
576080
17101
87282
191187
777474
856709
694501
387518
197446
284666
418053
493605
392837
706227
568083
359408
111568
927267
508651
419192
466357
524475
534706
794409
958838
391002
614427
990915
562924
589216
63831
207035
932856
554784
856151
259198
185569
539700
891071
339925
520783
826794
604392
19619
292131
75163
625298
200204
385521
748444
828005
572784
51867
967438
826274
922517
571211
567185
255979
202019
280908
955797
959467
204424
550790
219920
167523
671804
23956
9100
374162
155486
996036
44696
773632
111293
250090
519518
911976
619636
118561
474837
837504
266797
943903
192205
603302
85638
658548
161447
683304
389712
651615
38119
665456
739892
105613
346466
675595
860208
270831
276177
173908
870847
922359
986440
813249
470871
706990
641024
266569
789260
431733
609296
1585
702354
510166
209403
121650
68895
107910
632354
958409
943023
601209
740186
523355
277729
211618
569688
146818
200895
670470
416009
753272
623707
630268
252095
303519
559572
374147
490629
269674
28280
484415
467155
929196
807107
852690
398237
743803
812358
972051
332870
361664
708323
144366
126194
845598
678965
915160
514616
40509
724108
816749
314935
127538
915414
784807
289984
983629
603737
883773
495408
179518
530972
709782
898273
496932
842406
921192
911031
399924
877406
217650
763605
100098
304657
668946
26034
702895
26706
78275
274566
253680
218684
604407
233054
327862
585747
207053
624143
428479
432777
885743
308935
199481
405276
589259
793983
131214
310428
897772
632908
296592
267275
509940
373461
580931
501533
22136
631391
234689
51806
492344
578180
346766
376947
142714
498435
663289
529144
152001
598192
96235
86985
816751
908684
106895
306524
831732
29551
252958
517579
882226
209506
974789
703344
161135
420553
410422
361386
172598
177085
322632
188092
947274
230200
704652
81235
971464
500009
72109
221224
235608
952296
873987
60924
181775
878532
566708
316928
379173
675191
430343
274327
717902
244283
1095
641139
566199
896885
212688
150172
223134
31248
721721
129807
383566
338853
956573
148739
706678
844886
559112
568519
171045
367482
543227
865735
475237
840178
388189
583725
496881
740698
79614
284003
830739
563868
524488
872887
449567
95070
402756
856024
581126
517915
234310
920509
32599
686159
200503
119845
119448
232588
336637
823225
23293
457514
325193
776077
679875
906140
597308
72261
657452
123229
553846
766164
561687
973128
15421
869792
533819
42567
714183
730754
283264
17636
178277
773097
770618
950267
937356
217374
579074
559120
567872
501025
567283
244477
829663
797875
823550
26948
223239
561389
960299
572355
550821
56334
995949
274501
772379
63698
502944
676084
615501
53885
641569
284141
898057
323191
264714
652460
391440
636753
896648
737958
650437
363941
549915
983798
952817
951516
113770
229103
998641
786506
377601
923664
39677
152883
932776
744341
225173
31985
871201
47018
161097
886829
429245
267962
184294
64587
528731
825382
57080
72482
532926
299922
814785
824488
892106
440281
793012
161389
228251
263584
421230
406654
19458
284232
604786
174890
704925
291773
973023
40097
244690
5420
985649
500535
518632
378129
121904
218056
624002
373230
598776
190006
788408
30103
230182
480270
539987
644394
613724
493577
568741
145117
918450
53870
741827
519344
563129
152661
655009
558209
37613
970950
357704
980414
831094
440447
477238
832565
461211
847636
253650
898439
912132
719409
808650
547195
196586
4475
125323
66862
79133
548949
219932
618344
602353
624831
257304
142027
727814
409112
75974
895589
399987
226436
599894
919012
347983
68712
1402
577385
803035
475666
214303
958709
120079
912758
990023
403520
105728
781267
726021
724456
216746
655349
420692
31110
127584
269203
137747
634653
265229
692056
710369
56364
883238
368639
285521
59747
814894
939927
118730
647730
855909
683686
996094
372284
697166
368554
364229
94762
939036
249915
632085
187740
587256
149772
158624
69243
74161
103952
737994
9834
845505
348281
648326
827611
90104
282203
348108
577278
34120
6959
933817
130195
507244
990068
854531
535329
594549
507248
768790
524991
920306
91925
531792
101775
214139
688574
760598
414795
851610
107992
76817
934199
821207
830302
496905
507702
784479
174524
457052
480057
858000
143957
208154
599506
32035
582688
30656
205799
911287
962925
29008
544897
319670
643270
670601
59716
204134
869680
253768
363897
775054
193745
89915
444295
666626
179499
751933
647233
458638
900870
814356
797208
211643
728364
581443
124081
952001
811982
926731
783058
82697
756868
344133
330869
281500
18802
626517
440319
611118
497286
42700
786314
179009
524445
872860
421599
994360
390981
990264
246975
631801
872605
602248
665632
328061
245785
659782
811253
679415
669858
913848
86694
582302
125658
397578
255519
483481
657981
476423
729156
23558
805731
455092
462850
990567
41058
361481
12481
348842
238480
362637
154678
432532
577766
463757
608212
61449
117376
450936
823266
778682
316416
644122
696488
755307
876435
475123
311619
237856
419275
931699
254680
297252
64236
152661
477029
85557
71426
805973
807283
28111
497327
227087
435240
461523
233795
183222
777657
700308
66436
509869
481980
496255
272397
929413
177115
616612
331282
274452
413028
842085
612225
28334
695422
273273
271620
763459
239351
456926
861603
878677
611512
649817
562055
279188
5146
807403
699801
399767
809681
538578
609417
816889
877062
359224
626731
190030
929411
133180
217019
500673
216328
437084
192641
335371
910842
281468
748240
444754
762043
198805
58600
26524
714517
392637
560187
208366
658511
506446
324749
520709
190882
364854
635188
686192
981126
591323
811711
437256
377317
732585
176819
342478
819441
212985
346416
488927
699921
825375
366963
798166
17334
368208
598965
875390
560972
302062
278896
269298
841037
24498
604225
184276
301359
742325
141417
734054
850110
244763
491373
276808
846788
583324
841694
832398
562724
442608
589299
957117
981510
699863
34194
519139
899052
498882
646893
977232
723619
402401
104201
124660
946390
731850
903962
856854
292157
755843
59211
648495
781554
306092
50201
60577
780388
683084
876639
734871
190692
444214
451500
65146
65949
930455
326288
947724
45729
705375
872758
576421
729758
356810
805739
923080
713327
367626
861117
77666
350031
386195
104062
985886
623528
263170
31528
993895
29385
235115
70298
154875
50807
953726
678273
185897
988698
923348
55890
451815
521752
824796
297523
653458
868863
802717
850425
66690
210652
595239
819596
739849
666217
998682
362215
481609
426978
744274
823420
809327
612344
832558
111860
125328
169247
779068
302740
288798
844034
855362
862843
613574
392726
50667
928520
602346
272204
915149
496280
991862
922912
965587
73965
600737
759823
942540
936042
740482
797797
774926
294266
559500
583924
349128
698897
627624
396449
994788
914571
105134
919128
274581
120560
862783
387807
317058
59225
119937
424520
580046
898796
926968
423937
389572
598338
795838
668741
748316
128618
859487
690421
401196
545031
427411
141249
186798
881492
460120
429632
771626
349960
651628
377248
940928
128597
168100
612855
593044
327690
761644
529464
697366
644632
146972
667457
730924
485745
549298
815312
370687
850828
175538
770326
381663
774725
41303
4004
360660
319074
474356
937794
909890
897585
854124
290399
328376
457164
436874
95842
796629
824511
611006
208990
257687
617984
368565
316517
228481
35996
920788
353971
610984
567667
749328
250763
49627
99034
388780
162912
711853
159070
790032
883817
909665
507624
78595
155671
465200
28796
423813
834019
749817
122971
746444
638272
450502
876041
994969
722672
104182
939561
814261
193651
552461
787204
6925
847450
21972
194728
784551
156665
572142
893677
795968
210682
712121
98515
245892
924558
403165
482759
184681
575231
818548
326020
789161
530914
29654
406167
566682
394920
549568
142651
826923
854995
724320
383074
182845
658437
431103
668309
921051
266291
72907
354802
744280
593977
657536
735957
821124
188936
475699
760274
267786
748154
913915
388254
666473
494278
808572
343117
545549
249231
799889
291957
589002
714903
180373
747058
371828
194640
970830
348547
841885
852435
422135
170770
450668
911338
369129
975057
386774
207047
668645
841664
737916
995864
309056
650955
38049
751474
798188
486223
304774
249706
554014
893309
845604
987779
855521
193431
316678
753793
498039
368664
710720
61020
244071
295792
169679
621584
500776
591085
188559
537105
910824
384181
552531
440092
751929
37680
453924
717097
507353
923778
1305
248573
227228
599030
996688
479643
967672
520438
1030
592218
62765
74295
790425
122770
403215
582961
674199
82800
410545
924300
617858
216554
862704
897302
835811
516108
459161
11953
77319
554096
500408
891978
39706
897675
804542
496643
379103
340580
403150
561907
298314
825569
363236
302851
832122
602874
989090
462713
862742
329166
665401
129745
215939
941396
141232
236935
825087
87338
307668
130098
204637
904521
921020
159306
516509
177050
526904
787914
39463
328417
376470
863281
909284
160087
47568
841506
256250
597335
170901
468587
152738
884846
471730
590178
745575
111317
559133
964139
878653
999802
521822
937943
415675
699514
436699
874407
256054
413228
374142
854766
379900
750615
73605
609428
101034
836483
218405
969143
547306
42989
245660
646443
336205
938516
387986
652194
104577
260400
833067
663015
541487
563458
9324
462660
841140
724934
567815
161412
728697
45446
733636
133779
967601
786568
987854
415233
374830
404328
71640
13413
55073
457856
588906
131102
868588
587651
610316
74549
372133
66217
757197
188510
221418
440644
545456
401310
223900
586354
404596
309574
691322
365227
865727
541085
995226
586234
690150
466076
713413
323529
156316
540818
525872
664341
798900
24680
423763
476160
409492
348735
180712
130053
812920
618677
504962
912390
965792
617095
97544
11457
355800
841168
161164
389409
554850
607728
421452
265521
939137
553800
240772
651051
128356
627297
491245
40879
161646
285740
980310
469071
140830
84580
835230
400903
858464
907920
403723
2762
363887
201508
595147
649911
638181
846663
46532
288298
171872
616368
500762
481775
676627
978921
716093
816338
733030
81974
419371
789138
440203
11343
239369
687860
987167
882568
77914
239795
640184
277393
854937
144596
330129
327834
22521
79832
863055
41551
659895
45387
307695
611969
673240
684026
199311
701156
250885
351169
477461
980341
691199
147906
854016
475188
442944
648242
693065
303887
698544
775053
965493
306399
701632
154218
6266
801355
610727
828073
298251
410570
920567
926920
785346
766663
941723
812501
510185
970653
180399
610110
531878
503425
339324
622532
931584
558655
589199
242254
646546
712733
855796
832474
148427
826332
796116
34958
304990
753756
287784
597101
841613
57247
472473
895589
890510
134950
929078
58436
133655
822007
641873
223371
771851
86400
193335
259163
167617
258070
48201
273740
272173
798102
564091
607389
633197
64684
648489
416709
76018
66930
858577
120168
637193
222576
295281
801381
849733
377538
455550
236684
77643
270999
954238
311341
565626
3989
657091
385483
357300
330138
123716
870832
418830
418782
571417
558810
406736
846324
231186
111699
633449
71791
236661
92254
272178
476321
910483
418445
559773
711999
312582
251312
4666
537632
90185
431528
186085
585444
990580
265433
833168
784690
368274
484542
575209
676889
271841
914646
7463
724696
812197
855356
902582
263929
822633
278356
230973
77463
146259
324513
113672
479233
654819
461428
288279
553655
400648
417983
516866
415377
223711
900296
862727
679103
975113
247993
916466
798251
107111
366292
421160
301115
846196
196099
575183
490482
97920
632141
544477
958198
235653
626341
61628
322284
490472
819869
892951
365567
627853
371384
834052
360384
960215
776476
563150
243688
956091
889062
825757
724984
937535
54168
638468
146945
541525
504813
15015
55744
12302
690062
434887
7905
702461
593117
370476
530020
691753
428461
172014
756701
941870
90645
431071
803541
460656
14362
264152
145231
749309
970953
730591
482213
901950
579110
870578
175504
936026
198654
8307
199878
292520
41241
286511
333501
998670
939660
732428
58574
816251
153579
907279
510069
880189
589787
188360
286453
550143
660100
2395
277720
161763
333350
348651
322388
377784
821059
524644
518729
66968
84538
715429
274343
191777
294836
742921
401517
413262
730167
572433
103180
382961
403544
332143
694058
408911
23629
698801
522690
288792
862112
13128
142184
356161
730688
797493
192810
168576
430770
517263
304530
747939
851557
147379
545161
258446
835746
384840
640214
248911
833634
823021
864131
312095
384569
330946
523488
174392
378609
174416
73505
983245
641458
771606
139234
41963
121948
597361
817228
504170
416247
635111
651471
923471
232130
745359
692879
316738
659560
148833
374363
819110
967120
495894
444888
983066
904083
203579
537852
974604
925257
941528
107510
960949
63292
580791
646955
743284
870142
54227
166044
268363
49367
266335
204387
597936
312086
452463
169308
662801
766920
424839
416289
615080
905159
373823
395245
939894
332458
57295
642338
519071
919450
815293
691813
718177
2180
610720
331623
820082
946154
535951
187775
424758
285461
179115
214387
309466
993125
19270
505686
891024
218888
698287
146187
325799
662537
695516
870311
665733
497664
280114
884277
761348
647080
350131
650771
281767
308493
647684
276473
17144
976868
546906
700186
702783
633909
285441
94371
858016
87859
88969
92064
903058
366188
34573
59390
191352
875931
313633
983595
939422
771035
576023
321305
36433
168438
198446
570658
428251
535964
196952
506822
217305
428463
859239
157135
30971
378171
902995
806357
316824
665347
196266
875422
677868
92278
559060
672093
365999
707969
362114
161435
424658
53246
663539
945075
901528
471434
247139
339255
182095
201140
262608
104305
369643
634000
311785
673220
746749
246828
806038
18672
461525
414746
545823
12659
60977
812076
615930
377677
425248
368382
494771
338717
292151
16813
601466
311143
618223
677350
796996
216887
687706
924121
62687
880990
523776
341707
665623
695195
455386
662987
68733
415062
482666
226748
57306
605829
380149
484497
314992
243249
333598
255704
535081
606867
910881
732461
516383
191704
952488
335311
650695
573188
197005
166607
323322
544499
490093
205668
741730
545658
730853
699420
533949
224619
50476
956653
353489
614263
662029
282538
364909
109614
327359
650641
180887
637731
284898
970241
251671
385451
583384
736584
661919
671683
627006
949338
638997
422993
736902
280863
451775
744323
400435
677475
74506
681620
244783
307121
884151
12461
60748
407993
876131
376744
36117
931886
702065
657839
10193
466285
803798
550275
764180
572311
676736
891161
716609
36031
346404
877407
782687
427903
274530
521692
867479
569829
610712
862773
222728
859851
58432
157579
920199
14660
711878
314690
937526
121586
725803
100445
846271
929717
582031
258501
690286
487166
517854
354600
524456
129409
882650
462846
439756
238473
10944
561255
788965
883493
142362
683313
366089
325056
29344
337269
564625
727119
481804
223520
436276
724323
818617
357008
454978
302622
586231
140372
603259
780226
812078
700566
304010
115493
304235
940757
454881
386817
468492
712074
307570
961128
380420
688748
35591
809044
3084
527119
206526
849756
730855
85991
890853
895747
835855
755499
721326
923691
891713
988437
503503
870951
762530
843910
588856
705517
192269
105669
66738
469226
104058
700968
318417
795312
680588
489099
1045
397707
586039
328445
648291
105969
803531
618299
264475
486487
67938
572756
659797
493984
986786
695467
729853
723056
509360
977051
171592
642463
202098
880949
960338
851338
883518
749668
192214
646659
60196
570546
347657
274472
205652
599331
519379
616657
288878
199103
174763
481123
23269
757294
582542
299202
966414
636923
598811
837283
206283
397051
292942
468735
129998
163719
589207
356259
714316
2276
467670
691236
680512
586052
960054
539697
699801
913190
758179
376193
755330
262040
567593
632554
655051
751580
75050
717715
643961
207081
845244
652994
267367
285832
691741
80463
9815
553247
927251
58618
512985
79691
483941
86296
732502
317734
678703
244392
816505
481640
760230
451331
66299
599209
338729
589554
93962
475716
528063
214042
290134
963224
704499
649490
362360
21864
479625
71893
693951
795810
72028
501203
460119
477053
727637
999906
435160
242107
485002
896465
463913
35726
320176
226653
338447
95447
546943
285117
890134
410569
797089
872792
67994
439852
828694
339799
498
222974
229415
768276
78778
80308
826756
788593
341244
768030
825532
411718
790138
545064
293337
861170
772507
171452
945750
372946
127856
824517
574910
654480
826401
456783
418147
32531
964344
891082
713591
349716
993674
222509
953610
565201
781693
632120
551968
815962
9723
455889
349934
171976
612466
674320
255473
717709
38405
620950
259820
280359
742546
641496
365244
293807
142752
147962
598297
492814
319077
382934
541419
69198
344562
178523
329286
989134
364476
477842
610372
825808
33672
180476
433278
119084
186738
727128
770023
346536
995225
53377
709060
345311
168426
169779
153355
801373
782984
352302
566168
108557
563477
297459
534278
741833
112224
296171
264048
449937
139115
253543
401476
452696
850455
670082
901056
455415
232110
120739
971533
750788
770829
121567
680820
75006
317804
669819
242753
641183
216076
844751
860787
350036
974716
539589
239836
610313
219015
519617
773788
878109
3581
987675
669300
808501
268700
467463
926537
796141
590876
803798
859256
863144
303444
267349
737296
660168
695116
367891
760816
656377
214368
622337
849598
341416
475789
319346
811265
179858
718619
918913
70684
472247
696551
25617
367144
506605
863436
302639
687468
894544
513262
881300
3644
603159
508066
190856
447211
849026
516029
248352
489709
137775
75640
900712
831950
610188
680573
87707
154057
341415
456336
95439
577478
265826
311005
379822
180980
46722
686042
468766
897406
105766
927448
944002
310764
665300
836844
496730
563737
707759
694708
109702
161421
542213
30920
657640
724598
249733
435263
466086
616136
743629
157787
635151
701038
902306
128658
286997
740715
818553
416378
681272
51602
396210
76879
33412
880798
779492
524324
37041
218159
296659
186341
731304
860642
667902
416324
341349
849035
727381
925064
460279
642961
959176
589742
194853
303271
778619
164219
125483
391971
982422
927839
489121
383996
738552
789959
925693
473509
800459
743040
561903
812608
618290
459459
336618
310017
94047
96033
772995
464352
785474
55244
53553
328762
350812
534911
152629
225669
684402
30475
506963
721134
386972
647424
136638
87825
503357
51636
665617
551444
302285
91123
386938
739233
95825
610947
519921
361342
561132
649298
115878
754762
758991
684862
182329
998166
895309
224385
793187
282269
489482
160375
408242
124577
814801
845070
493809
312740
687235
174665
223205
348353
969069
375793
466548
602213
257971
545432
567649
271020
131817
841291
71474
13596
666049
716627
574643
134904
92638
296616
639123
855298
843463
735475
699371
647505
395959
299774
986207
745674
686673
985339
14877
646142
523504
147118
484035
684448
437725
575351
759581
828641
128986
276224
527755
412778
584155
523071
807681
922677
767636
115944
251689
639113
760045
840563
6179
834256
767635
829573
527980
197142
392040
732798
30940
995296
418842
658462
765769
113319
194065
372820
515594
73584
50626
367013
663254
452425
413793
777909
457034
649441
636787
35894
275593
176133
376961
651690
289277
299187
918056
296406
519868
673180
343630
790789
343943
578427
519727
93557
859372
689357
780181
309475
456843
995564
778214
68974
339893
930508
411415
525610
432304
527632
87615
701892
855191
286346
51590
556045
175710
439822
809276
245925
719476
321905
756934
148421
157953
746211
160882
605800
805135
315878
367340
344343
25092
855914
533002
315600
369805
592647
946242
237906
691863
639446
854011
167944
778359
256109
534080
436047
301418
288821
135121
283814
856438
94633
413716
882673
304111
967532
645609
689578
587797
320455
635419
136165
820251
845631
289330
218365
332547
851023
288101
592160
372900
585479
355116
536372
155277
789697
123316
885285
661060
24571
341676
505293
472679
150806
618556
165182
277108
968362
540374
363823
863332
148420
798948
285504
12401
978621
517601
132139
586425
216120
906500
687625
751547
421943
897430
542334
177726
785562
867685
39619
517712
104246
848337
13966
122028
493838
53891
767136
652533
481073
56382
203947
800671
13616
548877
219549
119213
838073
704412
772045
797524
666772
382499
114369
520191
203130
122237
14234
380588
489805
134231
372829
352627
506425
80451
206430
180455
834405
987948
353163
594197
986261
161828
604242
682090
568351
135514
272112
694321
459911
751399
777687
760953
863866
380871
747515
992980
812452
152741
377018
114684
343534
288014
591078
858513
792407
957256
48112
564734
684654
28348
567666
775033
97705
715726
954072
167592
752613
661517
471724
930145
618427
765702
975998
739786
720571
653299
590380
112159
947784
764497
547731
489106
658384
419727
73682
70989
48166
485730
565815
192531
810685
228597
713929
838916
521603
848766
142642
317951
956823
934316
845062
720738
314409
598332
280756
63533
365293
618219
244808
382596
329980
510278
161370
426771
698503
372829
249175
830988
710392
162582
945961
540235
719719
191197
291078
210651
109877
529273
748626
216338
200329
463162
559282
90007
985573
741455
552367
662532
493860
971700
979458
992678
196498
351880
548738
771233
394471
949756
132135
999793
404002
449448
235066
236555
570943
556344
189211
643106
455060
212675
205550
930373
8974
564668
63331
629029
181122
169793
545249
541749
918194
456721
359887
92330
821983
24347
750271
55778
12742
581169
828023
619489
16568
187035
227676
721142
702809
487240
95229
432636
644661
643360
684729
7356
151802
63924
68175
716976
246038
926487
717376
543330
282222
532678
574691
577523
3831
645506
379973
225656
6069
396287
67962
178879
751502
435316
956548
226415
551306
508307
171295
371661
524394
354515
339495
858971
266145
751272
460583
300187
502195
5909
741887
597617
810729
752343
676273
31910
960238
574274
558024
22601
786762
468842
325989
308464
581688
834424
788519
504284
53861
823644
394934
49402
539144
320353
332397
679174
439960
722076
186658
971210
537327
275262
266386
811972
709113
620809
164846
305766
742296
677791
595388
904247
164568
784246
482604
162647
649162
907944
704376
359711
91391
635559
204470
693543
279011
757262
256381
186145
747955
119314
905394
605986
892700
431511
956078
368193
210546
580127
454349
637592
574921
200157
426966
560424
256436
62248
423618
747353
836312
854219
635371
896478
965035
779833
773394
909111
439566
979230
757197
479184
163205
791888
710091
751943
924047
193316
300933
584779
143206
410525
99844
445727
679125
105408
567817
997054
28209
784451
283420
353113
610165
247331
565492
118844
649406
811989
622783
572750
3551
663828
131536
137911
422562
159513
201571
639644
479452
913833
641293
944390
759404
920840
972228
146272
990416
956683
530504
216927
726435
332043
688942
966268
874679
291510
43207
114589
891211
671935
829937
9746
967593
910837
511929
501818
783903
640498
433004
330886
881303
879466
22905
933333
470293
441059
710788
739135
907597
400451
569289
919022
138335
622725
33579
818341
481648
919814
589785
757476
404518
87036
607771
293732
61439
293189
158207
224829
351631
351517
821018
137512
110740
742058
655933
977054
6007
120434
90358
224159
519458
572460
532608
376462
127416
792436
300872
364473
11254
577047
732
376631
878692
586254
964082
894571
175735
864072
335699
395749
97798
755808
412066
143975
263463
924462
334221
409668
768806
576761
149967
981604
149281
559690
75103
751269
350083
729116
401784
916380
47707
650735
962054
10745
795544
252731
149802
63368
396771
894722
103786
515476
33241
485246
696824
386150
887908
192250
942173
735723
291509
285821
785154
400947
57120
12960
232667
104086
574931
265729
578097
769777
208180
684432
657738
596494
764823
669191
383350
304034
390041
215542
436473
7407
139739
372476
616336
748362
463966
296914
307426
442359
823544
354689
36357
924976
427185
553908
135017
938820
921405
258024
835749
855517
732245
820863
593948
741786
897844
20020
200459
261850
717803
771561
122482
584602
837729
526109
665245
967606
698667
817913
755598
423820
956868
551561
455433
440318
931241
463432
950460
827797
282899
256148
895240
466947
857298
412928
28912
982273
666755
386184
112797
731287
890990
748511
997387
699194
862206
968805
866644
421391
125917
298229
494487
636238
26668
654042
553797
50561
158876
164513
451848
55468
185580
61001
721040
576391
107327
897239
521402
491879
154777
745862
924767
917307
806070
527708
20663
848561
994311
580056
98729
891960
941450
905800
151280
881121
421124
152054
295979
130399
591070
19202
396481
473453
282586
874443
502638
31630
465776
319175
150319
989168
988297
102515
842758
946730
14359
498980
586667
800228
299215
987387
842127
761302
109124
741302
688269
41129
698657
752868
354672
311417
989699
305521
912731
759676
898417
915999
796377
54076
108920
636821
303810
868800
12775
416785
726214
84041
310884
382266
844057
386104
317802
664145
991611
84429
284192
122757
922531
287946
679638
528165
280391
297973
264926
24880
864138
954237
77893
535304
118915
518836
179949
741829
106790
659643
232264
567718
614802
262651
639347
890915
503862
182735
535725
655582
277792
609792
909810
163639
522212
95272
731128
255679
399909
582007
242181
569284
24003
301268
717995
274699
603361
954715
385186
644699
97873
289733
427328
117814
560927
673445
382039
223779
884919
564687
969771
864358
949428
743379
195918
615250
443270
125799
607834
108533
243774
889826
972427
990129
358265
981989
720630
591082
107047
522324
663722
958747
864823
383554
134690
238211
444001
283243
965859
709693
898895
421914
547960
513390
582056
361835
336776
264216
940923
603179
67857
990091
604485
658651
974723
773946
635232
186452
777339
298987
94536
614020
384858
966728
380362
176854
723522
274195
835339
959600
238829
19127
109170
21334
959785
266233
983731
151020
447348
398029
185081
492568
750320
576261
221871
245126
374915
121636
12780
847557
109517
836433
743353
784782
462343
51559
41791
882021
800757
536233
779410
427417
293511
593619
892820
695909
463698
361292
390599
179129
287397
342071
58035
68050
187531
94504
968304
32773
107421
316403
599569
942684
840577
252001
373997
17495
283843
807804
731083
474772
360206
796746
494889
282825
28230
740502
741865
579821
66629
985321
694169
191478
867953
228184
883165
903102
850103
555575
242875
402239
496806
78827
411971
424893
323626
851165
651737
351875
106275
222923
62433
742085
97185
397944
286405
936996
89790
781892
955046
138449
144409
144406
442076
492681
616554
89461
819564
796990
842951
140214
414469
535062
320690
428880
305015
623628
682844
309131
79985
553461
364475
349975
781109
6173
565059
647161
49050
231696
135748
516128
534269
940660
114079
806934
386886
485075
588390
833746
442386
411639
314127
554922
375682
145646
383253
149541
331743
791341
728620
730351
847209
440593
216799
435622
153531
724160
980935
306897
663452
690414
929129
700784
700516
480636
736429
60398
841096
990779
105399
608755
701701
40653
252900
575382
661989
432300
890211
241008
560241
217733
20973
756299
285556
153340
749346
376058
286631
763795
324226
274242
499966
88421
785412
266358
705614
889164
215703
925728
998425
648226
88434
882395
616120
56101
647834
911806
779875
538228
46960
878387
319072
940854
502964
201701
879238
465946
835354
438935
693165
489464
666119
67602
682613
854614
851944
100599
106863
178119
929519
283570
675755
961519
686572
529167
115999
872993
583172
490855
420336
780649
327376
909042
384032
960421
635220
542784
237461
302862
522394
633347
819010
106005
242858
339268
109300
883496
125161
112566
755771
792659
759756
425384
439603
104131
664887
566355
784942
238695
564406
928659
77567
259055
416726
918835
626022
597046
584097
613857
198867
520316
787317
280384
979929
198348
243584
129885
133680
22333
45530
834617
53414
311059
282559
265540
87844
859077
605736
379947
267225
974617
396612
387720
905861
297004
956056
805304
116580
935438
492720
155915
416885
22281
655488
846228
613157
692482
341980
377695
552349
386681
568657
755074
246949
419563
879454
629196
744883
698967
737682
280219
442708
493789
161155
657610
79798
812097
960680
854342
596432
766351
322004
344642
978478
691033
302224
975809
422108
914140
40595
555216
188271
671233
977632
254230
247467
936767
289341
684803
599508
518877
872267
318118
398484
868821
908679
201307
810885
970452
876636
905569
983452
194270
160098
464778
85555
70351
420407
789003
934002
970684
628152
913523
426713
550648
622493
721977
972651
760179
179694
968750
739834
672636
59622
980369
586252
610343
352354
778177
416551
220297
925702
472141
276350
743840
716269
949415
737080
863312
603018
279288
950617
976008
498592
599245
151183
428547
851866
795118
472411
764203
897032
103695
376218
982039
711670
276192
358192
963125
179307
196095
594640
159107
702843
883854
432361
99319
701449
918494
571952
666367
57245
523978
764806
886051
148510
764705
213639
276486
486188
841723
834031
136651
981852
43628
415976
565843
764305
88279
74100
43493
689331
509402
70387
877991
767887
162663
607954
440905
909579
343858
483664
681537
751748
644102
949998
726384
372806
518067
951859
337444
384999
499746
870297
732087
313792
45321
458775
321556
790793
948089
136076
912665
626640
378708
161477
459736
783958
561757
471659
701496
800070
517288
75596
952313
444563
314224
850052
561237
334957
415687
12168
984705
621215
364584
267022
216531
857736
682856
274652
965373
834035
75403
692588
393271
149590
909235
650169
535867
519332
564
330858
649258
68495
759554
986199
643084
529694
185420
27644
76597
221030
761762
252025
379842
618664
443473
899075
941571
785415
974095
120939
404787
379364
776785
139273
18018
411672
618299
475397
546420
814285
777775
297985
792513
398265
334342
244134
940381
993272
439965
641930
780851
251973
580999
176891
737035
125525
660704
540395
897259
34449
295489
541815
120281
405934
722767
289110
74366
182378
946734
764634
476965
984084
819750
594083
651480
635896
205869
866833
992183
997544
104866
459765
377759
136954
162626
959
922108
515226
324282
8879
242874
630851
425013
363347
317030
67593
953798
846766
759200
252306
398319
331061
633663
225637
762124
507955
659009
712346
104991
298700
574957
49393
666809
445214
231688
868671
375681
549251
495344
17987
212132
545203
186520
222935
221017
912647
498016
833218
612751
954904
206927
510570
70646
596294
218992
694375
276583
423508
547848
833842
406001
347057
123248
243964
444289
170962
315602
225819
27885
341242
480324
552735
983517
739803
657276
173443
321302
97430
400367
750335
944229
307743
84299
465019
595492
962108
644173
934621
320236
768556
700415
43523
998743
491620
255698
135116
664496
829620
412564
52945
34682
640329
355981
696434
816473
138316
131644
282314
566369
313703
540777
298244
607610
317095
916199
353863
257772
449468
736040
923853
375437
601694
120316
236946
164612
12810
648616
765479
31801
578282
779487
741413
465819
535443
653088
865023
970893
642408
560043
351793
461870
520219
189857
299861
207939
563476
55095
216916
180996
341354
966934
915129
823296
977934
462739
224353
285293
790919
286342
94095
663824
681815
50889
963164
523397
166973
834639
402443
29420
279700
880990
860603
426416
31001
877802
68405
126069
786890
516944
746405
969181
74153
228076
560998
131127
591071
53079
772342
388678
239998
432192
977481
796713
721183
373541
270265
894124
235434
139503
142170
692394
506868
656040
423020
525468
804035
106010
690986
465667
362605
493765
783295
750510
348126
953468
380824
595688
787447
602908
661076
437314
223316
741674
544024
445496
288486
801288
596416
857859
149183
131156
666736
581243
565741
527710
265224
393510
706365
490115
445622
414881
520097
873386
194021
528041
231468
303451
378771
834951
921849
685239
753600
486742
652588
547224
154498
833650
263376
953477
336822
861567
36640
660626
752336
792147
594593
536530
453844
256769
464684
945466
126238
724867
177802
115732
458139
383107
999799
666076
619674
515526
52105
103355
531645
520949
839850
736157
108745
359498
412673
351793
650141
242003
881200
665341
962368
778278
857846
588123
10963
373154
886643
336723
795429
537565
357516
390998
348965
51183
1957
283541
308402
181466
779595
567996
643535
157717
860148
349199
618354
266419
316637
537055
920571
701237
906195
284072
360642
982313
894478
66826
42953
180284
185911
784355
183569
944803
312715
237893
449032
866786
581335
680089
23327
351416
788195
522831
434938
63783
856171
223169
943745
464355
454920
929827
958356
963607
213358
291433
406235
477390
941454
148406
494138
638724
414428
304443
130148
700426
269227
934708
503815
982736
285172
182267
871525
847954
751157
539912
589827
821666
549942
903302
248185
793486
651878
405586
778666
701869
253093
881170
968014
162123
668315
808368
979691
701550
743685
170802
769571
925381
781712
325048
126630
474796
482205
757009
667271
133662
969125
699897
9005
826424
180086
83379
747040
700838
714268
162751
249731
644780
737563
801721
618913
29459
957847
431246
923231
11822
173335
675803
46609
835016
284254
3556
727337
367851
686521
491117
228491
559247
572311
607673
27772
666782
482642
799132
926776
810016
330188
207167
155810
502920
130868
775152
820950
22298
965224
213603
61083
660983
154229
868234
139828
295815
158649
825484
308565
932993
518698
839525
598387
167450
159471
392729
805748
281479
842732
633110
157318
740337
840283
292965
292939
945141
163797
333772
651634
446612
354033
684356
316641
691518
671491
500562
83854
698678
160326
841669
583853
775330
176916
514955
901380
278193
262673
730479
957722
821993
293544
738227
825102
564364
590317
865414
881411
524070
114978
874722
708537
938614
294421
822596
557751
209590
209318
273353
495844
47177
198439
524642
316150
937985
127132
113652
124225
662217
85345
626318
69233
290485
751595
872776
924883
318629
254119
911092
494669
37776
861886
132228
653358
538482
605434
521656
207840
241940
110402
772737
337274
264245
55361
420151
592690
215058
754149
964276
15088
528663
582468
926283
707901
596706
681048
639656
557786
734512
221547
940870
886701
553062
632846
547719
32279
801790
12291
617971
289121
588300
947898
835856
263572
328300
460344
155225
320231
415371
362580
196511
424147
584782
977564
655865
483011
742946
863508
351529
535271
989601
440478
847501
754088
570589
528885
730559
474166
952077
842195
102665
286844
65234
710259
478536
139893
46052
37169
257180
591256
318814
942477
934729
311215
425954
876558
765293
568134
977002
113219
67486
758526
228268
291109
281567
494657
498793
713880
78271
426704
169235
704272
512399
347511
229145
965904
316350
13922
269200
187726
459987
303242
714303
899315
874885
580424
932423
981950
539450
690250
491437
712200
706586
220131
102726
45090
98256
769980
884094
374554
938333
623208
919044
928157
84696
978006
294486
971574
547910
901983
166052
333237
690770
67136
64931
97706
306601
647329
94449
822097
381556
745427
639904
692680
431027
428313
985186
709818
609907
678941
204623
995936
798636
120068
836757
764702
478073
947867
309116
597001
915188
385008
904340
607752
609069
597822
189310
255000
132935
382144
844181
695273
843248
684774
314231
323110
589819
257253
814963
457554
72924
669737
681873
145037
248447
97574
651832
730871
191237
757900
361344
807723
709724
50521
487061
745772
375289
164872
635524
681310
917109
203623
636069
498027
577473
706822
125989
539590
768584
834443
583983
152268
947744
128355
910583
766214
706411
715027
764835
651339
743312
795564
593174
964227
304914
842589
901402
651078
906506
74338
103976
467554
148933
98139
713879
801020
472380
138423
945056
482766
112428
272335
908170
683342
746002
607375
121014
468399
115269
147471
316425
975104
905967
991296
212529
548403
152425
126977
969750
610617
845106
276241
981087
856392
283468
240351
675294
874558
126260
523966
595481
496479
689532
567860
753590
11450
912390
763954
357570
709547
403615
323869
359454
625273
245621
292426
278982
902559
951863
278729
95551
509736
563848
519448
470941
675635
483039
120825
494190
412567
117950
82974
941063
362719
29708
248128
895656
86710
581137
585294
126286
620126
652750
297859
588566
803738
168503
23568
651977
781292
604686
919545
515016
888697
334685
952380
837781
470920
656
177131
553083
689897
134636
343323
808092
253042
350832
151285
271445
962661
948935
61673
991375
625709
939366
156419
656549
747271
439304
613654
32685
334142
955844
612180
58149
484174
632135
467328
213756
53674
364916
964602
518778
418074
346069
462969
938060
112508
345788
84376
228592
102634
6138
826823
222393
741308
588987
339106
531840
856740
457404
725790
717415
130040
286955
884511
30091
481229
985946
6952
582918
911870
657247
928682
260893
132492
570762
472573
620941
760095
722691
969196
183661
143595
884416
762218
841408
83054
72545
815331
926425
908565
137512
688366
542763
899967
629912
579806
372844
381081
968297
901816
232358
519720
688740
586111
129946
114533
303073
43114
194897
258114
789275
930551
111680
688843
79021
405208
171735
247848
157100
188556
797606
90238
645984
394377
895148
903158
250271
987605
78142
513941
926536
333620
994065
862986
622169
824060
245604
975943
950510
723460
710220
645255
757847
970619
961501
590893
803860
968213
401138
263181
790895
174879
985562
85380
545334
985652
977503
527873
532820
13384
880692
651303
523403
796769
855802
510411
526289
673510
177199
229080
30020
219280
590516
905938
159818
905853
902329
779575
672137
710819
515783
823169
471488
73953
277609
48265
376192
488945
656696
32070
36939
899898
169858
394098
284423
234690
879062
384397
538847
684225
634415
35771
992759
109201
778235
336008
431753
955393
496070
63948
477089
177672
346760
356394
315505
999830
640967
78834
745554
753286
600810
387814
856024
569072
763484
947738
920080
76380
100505
979700
282009
741265
1176
392979
942428
667723
40981
13901
94633
206474
249914
28496
945455
985479
954665
601961
62424
136834
45737
38115
205311
822838
931754
978184
277519
64622
187574
352899
491641
947697
576951
412197
435537
483097
363359
529798
661958
510914
114999
766276
653692
535133
996616
288679
943880
24868
126752
213605
878087
918888
260161
27648
637083
611014
585964
201677
165251
582520
79749
554129
64342
413703
962915
817540
46044
161247
59574
839351
402953
963323
140245
304529
607831
83775
204068
971573
723455
498788
663071
322944
477779
423181
785157
78510
107195
526457
419363
994524
126026
118546
935035
826088
557052
297634
297106
612596
59406
683301
529555
825802
532538
149561
932643
724953
81486
579569
694338
490462
133544
571978
389658
516318
565392
432565
859240
438927
548082
465683
856900
391318
12982
605567
524494
201131
79294
965508
321463
623130
523835
999343
718313
168034
877548
421568
351700
761536
631477
726074
644822
544518
775640
275226
895302
901604
141202
163236
471902
300424
458900
12312
802690
741922
598748
798724
205233
123712
595568
867251
911047
590617
81527
155395
326956
961957
540596
896084
766941
820649
741728
501085
64277
412433
290018
438936
897239
104949
223853
595741
545499
926334
948918
362701
127443
711970
36305
584933
739736
687882
978919
879922
36470
447189
549206
272035
684689
817846
864421
942266
939826
866489
845794
945949
583666
471139
418907
594057
43009
259382
662965
20326
27475
251539
832812
680181
834729
776122
718567
40293
202807
101614
842743
489221
33399
584180
270892
222741
238538
234425
220948
132341
586246
604755
619025
410175
238240
73888
784214
189744
177719
923339
594878
701953
281915
949997
421576
208404
33464
109391
729459
493578
332419
570702
892658
256753
142975
307031
304844
590235
925900
475154
210260
724170
838158
288156
863935
803847
400917
71660
990823
392849
563822
605527
956315
694259
776965
457134
110624
558574
778549
422149
693705
141398
870062
638415
474862
125561
39170
832869
473932
355257
550348
975973
586169
704955
836733
179895
534402
723576
419461
595819
313635
720497
148058
121598
543074
322239
587943
878268
950920
363336
881236
611455
799869
382030
926766
912021
128191
495073
78004
23487
93566
575925
458493
902422
395480
203342
871816
861001
418476
618967
339554
327489
775581
607315
715502
589861
257445
846571
327124
950009
599059
882533
169417
552289
738467
119158
920374
532484
881720
650670
468296
530188
948600
505169
383635
787273
621828
528070
423971
228341
476370
447081
684513
668434
423850
485627
574431
226096
286201
698553
627584
404043
766741
8330
586823
476176
231566
235217
440378
259968
523373
446307
746034
674030
849676
829586
976002
604962
461457
91368
400002
16352
771657
752943
517111
529474
251805
251245
710048
810114
565427
478446
831712
704020
434723
476921
160387
653232
993812
616420
69550
688045
163123
407172
686632
483209
634767
960828
16127
671813
5460
926198
369176
296877
188451
656304
525335
85814
515338
627758
887271
500480
45093
524430
70246
413754
827792
610424
584496
694308
833991
765619
362055
171824
734493
503637
455388
655170
70293
670419
347516
819543
135713
120950
763994
600833
94645
911599
226741
51792
694918
14529
771429
706509
887652
146844
62344
807712
859889
428874
960835
927633
155325
64962
229303
753963
208896
796187
130434
290300
295538
522394
525167
459962
278219
847980
147067
534336
307474
455919
909317
537013
623140
847658
965329
857485
917316
563869
920632
145513
954713
514420
122416
559066
596296
528277
835124
386371
911790
496920
209168
713884
133946
133014
568907
955667
17318
244186
122416
467597
685008
735861
109179
742026
650425
150318
64221
294566
388889
986134
448364
672379
918236
376440
342123
521316
586557
752303
480433
149789
969918
607699
192824
291654
464065
64779
981636
234758
338374
983558
116653
267340
241986
718597
177611
366193
100120
857680
659838
994489
752566
755592
703191
283577
572239
601564
363815
361490
494320
390358
611682
703643
762242
105677
383470
980765
457371
129277
486862
907767
378496
636339
771878
552930
87803
714530
711978
436879
892565
265812
362343
383277
960305
280506
373166
980231
988805
922852
981464
915721
270581
759436
138939
864611
698190
254540
144680
907078
326684
938800
834909
981451
838440
236518
953742
512371
405201
335122
748939
105545
654789
91646
771341
530788
415325
24687
1123
374664
2195
171986
391796
636588
586720
2453
943152
284631
868790
430419
825560
128804
555927
703271
459238
172900
222673
668642
658649
758370
54870
647831
985057
94081
123068
434899
850340
984322
528589
194730
988587
85218
739916
568876
611309
995040
567045
351223
791157
290332
57807
459046
861042
393755
509666
341351
234139
722407
453199
164843
19773
260628
966048
629750
276066
493597
358156
187542
930144
884972
271255
95984
931707
664248
529284
377909
117752
698633
498360
9972
243647
338263
593069
147466
790251
664720
556687
836852
402674
421113
180726
719301
892076
252780
924097
785651
65410
664383
606219
312523
17588
788421
915853
88389
285766
317486
855888
483378
137736
984266
520013
590545
716161
729643
74147
712514
516535
991271
638771
425682
285854
6588
18651
612916
921691
764623
340302
450257
156851
717261
423373
635446
765909
703090
257092
694700
845376
803752
468611
331557
577042
596423
389079
684498
787759
195643
587397
403858
165450
378627
837154
544452
613011
904022
441682
306365
645245
612640
320539
967509
449066
318122
125797
505500
685046
381783
472336
504811
69597
544266
314546
144788
113418
938021
807788
954171
244477
971117
19367
154622
988183
839433
351472
929744
117061
753577
90926
894307
138951
532164
134396
776067
916188
237369
856295
485696
46284
445143
108869
487172
608273
395960
456944
731139
997475
906760
629854
942415
533983
189795
988382
681291
797523
860828
894641
838776
169192
734299
841731
124203
795757
833246
244805
117087
583036
673504
976424
846951
641291
947926
547319
710780
869521
216150
339409
369844
950674
904083
276226
303188
275145
153475
38014
356476
743602
348769
180089
544640
325617
419470
245286
263704
423330
936531
411081
66477
909822
805249
107771
640531
71974
71418
657274
23318
108559
960392
163946
325037
836811
464234
997036
267148
146096
20784
703450
916501
909607
209660
243164
665518
913747
68776
569450
49005
633627
276230
97758
91312
360854
215938
80564
57994
443794
676900
961762
525400
655809
218866
386318
631473
783425
604978
244849
142587
441671
918989
872454
909147
665511
474640
789486
768452
334210
713547
442275
227057
69644
403228
858711
94253
62584
415622
916968
402191
622595
919866
412162
550020
182682
220536
488786
730565
240233
347471
606691
404199
74753
893632
215446
107025
619749
224705
959234
643591
598514
613405
996646
368037
792936
938936
510727
367656
292825
784497
721707
313063
862188
757984
253744
503519
975822
210430
902857
992875
422071
376036
167510
882578
985364
666732
713952
981243
583638
313204
85678
81915
549847
989633
101254
402511
606436
761983
347779
101093
764971
679463
705487
22741
544514
68857
952574
597293
412561
360105
529544
639977
172510
383446
916064
541570
738932
559861
290869
271517
231854
19980
902340
610852
221413
580891
609048
494258
54388
78357
562976
733160
357860
347531
984939
94365
774201
596138
794818
539122
863064
632987
540449
552770
310099
588808
229396
872696
983251
931455
120875
132924
324705
51950
228058
962310
525073
90126
175663
506963
324875
240733
325680
373044
287799
35075
678864
961283
987588
538134
351182
49841
310037
19385
841771
381051
682698
940959
850694
812027
480166
811694
977237
248283
946594
860862
486210
204260
364941
421120
644383
453748
731358
804091
902792
164494
497304
34738
133844
531724
30616
964770
359031
855983
846078
308135
655607
121303
933366
912702
814921
372238
610402
764197
742408
615294
51558
856543
963473
382723
342927
159060
484733
893403
227616
494037
115068
588730
100475
764668
478859
659258
734825
844337
338833
540464
404934
293322
313244
446682
843532
595018
31347
698996
387706
716362
20439
848361
861472
970038
157467
180135
725706
553326
215837
891211
83463
378700
223136
258812
561428
818117
407367
547924
962218
480360
46512
287480
533921
321412
263851
537928
936767
865767
781142
875250
76962
565568
847766
991649
54981
595878
412980
84115
3634
129842
497873
442825
299524
920646
115848
685655
896664
78065
92190
637595
631888
976491
889064
165322
622275
535098
197050
215526
659845
243896
257415
247948
92686
852139
603930
977641
456265
302484
326960
187085
260155
838339
208303
364632
444430
650599
575495
953744
610490
285860
589476
358613
84687
595165
979853
74476
334177
228625
348188
441975
758991
399905
183834
306437
632306
593711
373495
113286
834655
987107
180450
783703
584090
280135
22667
261628
165655
401042
263603
466603
170733
805698
146540
432069
240346
209698
189875
782688
563117
514283
80998
256127
331540
933575
377571
730467
236994
284465
573311
564474
851260
413367
753760
860790
455937
52577
692728
929081
541012
63532
685470
569260
152103
516079
64202
424879
863718
715551
485869
854250
394717
682158
489451
463170
7366
709838
358134
538920
792947
506707
194504
31627
600084
997110
299389
188846
882726
75893
182026
798996
685561
356824
522462
691415
567004
707791
593811
981336
525350
338808
519121
888272
270755
93052
826048
371141
871130
847449
547687
695577
591032
609210
466406
841853
99931
40258
152908
855106
252156
618471
47830
787664
166457
249531
943045
883951
700478
108871
159835
727682
30928
1936
664625
716565
514485
26299
982008
701323
899844
11084
353738
462778
990405
710474
913196
232210
675140
794751
148771
947256
837175
337243
778607
835185
287689
262776
150760
457913
165314
72697
813364
853172
218005
684875
376355
74044
704327
544397
728487
545177
690295
290828
908723
277518
329806
637927
832494
598608
123587
327314
255828
645970
536203
820277
116266
682555
404764
976436
492699
402361
141149
318218
396724
913199
287020
745294
247609
999818
827083
599960
656866
593265
316264
188861
241013
211930
155399
642997
421377
804986
224462
894174
239796
984469
812844
922458
111898
373427
854567
448083
837618
2803
88450
88030
4399
792569
695815
652413
132744
841602
214134
904767
167484
279897
377482
422466
37414
21603
728996
150233
102328
654356
196823
502152
290711
402436
256783
825388
584531
156956
464222
835512
481857
173098
195557
374937
638711
825429
294107
843515
875876
990826
937021
492069
771914
748820
47570
252480
837080
360042
623898
314997
882152
838371
850770
881587
193681
646821
925927
635664
633514
853690
864437
866567
292188
922532
496826
213536
63715
206151
217692
444973
2849
188356
822483
779376
58143
316391
542644
595354
365984
482870
346395
451694
263652
917930
787509
907268
235702
950650
309735
576554
331890
302418
159839
996197
409175
281635
978549
811349
50052
458771
538941
534198
732755
44565
443243
716931
191311
75924
72547
726069
237395
569098
397725
401385
517312
945837
161202
751327
884698
813448
41093
136286
375296
753703
371089
607030
638406
617899
486794
941213
687216
99262
997170
364219
305550
195425
375420
240449
273583
195745
951125
215604
407363
728361
427091
769928
276817
604144
685949
967783
557457
870355
778421
587729
715623
762621
586814
151901
565756
442946
623022
591453
54075
650699
165169
547423
112869
58476
235447
711440
821330
743954
999803
910204
832709
978072
825137
7408
945514
401784
557388
890817
225198
748382
254569
621285
444539
93592
18139
954366
680655
256746
859860
844599
22200
138687
662892
300039
759406
871993
630801
374355
323468
723241
495756
857776
465773
808410
794027
521606
106591
452296
619409
448336
173447
880558
77718
127167
530961
640765
246684
467518
190673
268841
742767
595665
482875
874268
160152
96727
313019
268622
308479
186862
146034
665132
249850
498101
549775
527925
603254
469228
162437
828196
59968
256568
436014
987080
215409
443716
226620
811439
793396
158081
105751
640256
730101
498957
543385
396968
622696
287794
550818
1389
700915
117893
485208
336158
588921
930991
571070
902635
544068
130248
945008
848273
672143
646303
997753
481646
34349
755094
521809
375986
495320
365162
203062
86070
700826
590929
277797
639911
281873
290044
361269
465818
316835
433276
503057
199684
591743
546368
93776
706561
233163
476348
588083
170450
356847
486502
155066
963044
834046
569498
72995
944331
170492
235230
490432
711246
518864
370495
897971
222363
265927
707546
724041
694555
816962
383735
773361
244384
458238
536079
349400
533051
131326
904238
370530
170411
27287
906867
161542
180976
707288
699573
246022
810813
476307
180800
452298
945483
330508
940925
446360
997066
536638
411567
715058
148082
98180
396826
713933
797304
132395
414782
512617
33885
796881
515905
337809
609440
336825
883178
449585
119828
927151
454153
245647
843852
703186
448053
761512
260402
369411
543790
556200
175927
520297
615840
154692
527013
997150
187593
361720
540048
313145
840817
862872
938
419512
112792
378133
686134
775882
107119
718927
458581
726263
717756
197137
358460
245357
142752
871790
665607
10984
285301
504565
775910
945916
9105
281171
413173
518722
758696
58602
595037
478862
148474
646696
121576
285977
527810
279216
526846
300644
633844
279479
53541
274096
379617
549906
392471
365094
461551
758158
367087
705656
463637
643292
410477
719461
99827
866857
651110
31835
712780
178060
251595
678902
705697
407193
958035
187559
829355
672338
367880
847536
740084
87421
337643
148171
960530
328465
445509
868266
372865
165386
97420
57114
110236
765404
700462
466817
273912
852868
254908
205126
255517
634745
599414
713359
943906
976514
265647
398053
320676
404577
687581
320437
604962
12717
998975
512496
751032
748029
55403
695121
369078
606528
728499
261566
851805
62634
291379
416328
462326
171785
473466
290829
290702
278518
233875
699709
971217
765606
710767
475001
158786
570208
97584
259671
177172
939017
582868
95554
626024
286747
820540
534783
805796
700532
738393
871178
345260
213195
636274
350751
42304
220029
831571
346324
103282
932613
649366
761123
651586
559947
522887
48518
874584
825939
90614
945659
853404
781910
321182
899687
350645
401390
884973
442903
153245
425386
698096
512289
697694
761921
632221
27433
82796
157028
241020
401791
498013
332716
312882
258150
704329
215987
172075
728880
631354
331070
910947
423108
731984
110935
537106
192258
620468
221178
501170
667389
562807
454437
564206
816039
58054
294546
261352
207051
186444
32001
694503
662899
