4303
960808
735777
853208
154510
315562
102349
235268
458197
133081
358632
773305
886255
672951
952147
481821
981796
893251
212625
193847
670177
900367
817515
751895
50156
400816
334020
790548
235394
193936
237177
151854
823310
337950
320884
597010
541768
66340
314190
820027
813800
486008
388830
858421
324742
758668
321123
724284
604368
808225
148745
85188
455911
40664
979292
246482
644758
719657
854918
880135
76655
730476
482246
706237
851716
118549
550512
570186
793983
674621
717274
847138
267103
863643
503722
415193
195087
610961
813562
236293
852901
303459
320613
779649
194100
500098
170353
566543
513806
438855
728153
151189
133337
588347
362165
464392
958156
916115
673672
410790
874247
918137
918566
495901
206605
796805
995392
530569
519519
817930
337614
923483
493685
40909
787351
486421
416923
489873
606624
11505
38759
155534
563119
328417
74003
36671
186554
466162
30587
480154
224945
399562
717364
425883
121701
708368
284102
109754
715027
586666
61704
494331
96657
58913
683095
609316
990996
978018
151986
600584
510940
289182
412277
250818
995260
187920
382320
414206
534281
618206
307748
37233
458591
411481
83929
60328
151819
243423
364703
573438
628760
346912
436063
773096
833337
249917
993180
438442
434512
336396
896588
799340
311641
55032
672717
686823
898038
332038
60742
518906
370903
40178
381659
984921
218821
473656
701260
226533
874380
973166
979691
347094
150467
18574
648504
12052
964985
664466
764570
289957
856190
209016
618940
806465
524299
401125
465218
913858
268559
909606
669223
132663
542870
606737
398325
196824
308184
220426
302175
555667
880604
294241
318398
851909
535495
793
294054
392260
810117
742532
815909
132185
34707
382090
11800
652107
869094
527176
565545
760470
502907
572500
342696
710459
717372
878175
165765
451569
292108
856692
917928
966393
83247
748765
944941
949391
502297
419684
604159
878716
771730
748727
996944
304073
188674
667557
518322
128782
5919
459397
875797
335592
377839
214069
594526
368200
247996
63360
747680
185448
285204
83865
167097
715097
964538
440068
119371
584505
464045
152724
699926
474560
997202
744527
163567
30329
523200
238061
963167
874765
54184
853311
953947
815418
356767
492909
615067
34979
191690
502104
578904
787266
755493
599454
86055
209529
348912
527227
458157
668101
890038
189260
662334
354003
674875
369071
996503
225773
272833
693895
988531
418829
795767
328028
662413
373202
216575
269343
454324
289552
513178
245259
517444
216834
761331
428454
118918
425754
278853
998055
519206
38585
22377
94769
808397
321467
643711
203069
660187
585449
956921
643351
611778
790418
433727
433535
866818
26483
384258
147376
987132
590163
407969
990717
450998
682028
140849
377430
230826
506755
899181
102634
406091
48409
977146
582311
849685
567674
188692
195996
821647
480306
131355
15040
71648
640223
230388
731212
541195
561826
110749
478403
442313
410607
198353
149842
872770
574084
297620
836753
919079
480695
575260
32617
133295
229799
233564
383952
224107
915476
247406
356272
607688
269451
352731
236455
377825
958906
217546
762087
635967
278882
419972
52156
230702
449514
995168
884270
913660
624975
742608
254588
576529
677177
790726
777417
108774
683433
638468
647635
728292
166415
122495
53789
307609
738105
671599
857071
403801
626341
687926
324532
901423
459127
895082
151297
173631
745862
252673
207733
409145
94096
846808
860923
138364
714126
409952
160748
893893
480931
667941
666706
970386
67821
703420
807432
628695
82942
625545
455933
559196
304293
791466
705111
695985
686629
592772
809587
128399
736903
769064
992843
906189
856907
448289
63345
113851
797114
818140
603128
982559
855703
302388
134897
476298
897012
292186
979283
17365
892320
637470
928372
161981
545150
331100
473588
978904
213617
507333
531833
79603
353139
514697
108308
221195
973829
891934
223682
450532
7553
229936
64719
923144
695051
609701
119509
230815
986150
225803
888419
245672
837410
135713
606265
37330
662323
892287
910959
771385
276190
31971
119284
529344
55692
324184
493812
970695
612033
636164
942867
685257
805222
457423
263191
525013
598594
392812
756258
806759
93127
266245
118812
416291
743753
563015
273775
914477
914825
459463
968940
671335
36592
937167
891403
771528
296279
63370
299919
38614
996547
808711
890184
444032
715886
428397
457458
760666
623488
127100
531515
961717
582301
721723
24802
265562
373720
336260
532987
304931
35269
333544
862479
967351
312107
993472
209312
759392
468632
980305
481993
114379
263311
714907
944516
843163
167837
33214
55494
334249
530570
445834
802565
822812
967594
851810
848921
466786
171155
466123
515968
440328
875816
347030
677372
289980
577684
464168
264791
79132
864275
760035
975495
651258
178026
327731
43500
108399
931767
303671
853429
978393
331747
399113
421603
957298
298163
3884
906470
68046
586110
192913
914019
430001
462969
471366
61847
247754
657070
340476
138261
582160
570699
50803
357995
346488
920471
246724
828323
644432
258623
404106
549669
351995
207503
744494
597754
678345
841020
33422
545963
610162
74334
929482
451464
256176
333819
16235
515012
247670
204029
864879
220413
705232
792134
308533
961754
688792
185562
671361
898318
838738
169851
889133
857593
182693
340114
527469
928237
138551
704329
906557
45517
732003
931573
475049
160274
309018
568561
123000
759271
718675
421126
862390
386484
383792
727174
596381
636537
766063
800824
261536
926608
283081
863853
388051
860564
42986
633329
209978
471329
658638
175901
717292
415921
586741
868042
183267
33829
210242
620832
784675
709605
552310
19532
392645
436062
620483
803600
120800
348522
885712
209652
143314
901902
278409
823898
523184
129052
854687
216943
605128
184697
392931
518717
756175
623289
614650
130270
950252
481510
372798
40524
323552
912352
397298
998163
79120
932702
228639
470055
435248
11218
357071
470994
121934
231339
659301
624005
673144
981940
477975
903248
261835
405530
680970
30701
960922
38538
708617
617847
960631
260537
234657
314552
715489
678973
203995
467615
824586
178265
263639
959377
86083
119766
53761
157526
170886
322316
516275
174644
35424
411840
94183
526489
786489
983463
703191
12465
163777
953609
219827
514840
449785
110529
679614
83753
986331
238369
720902
38709
269095
168818
433022
412560
638668
486424
236217
123077
611887
868756
204933
928041
533914
801764
673186
554317
32772
716933
502622
933901
942841
938968
388878
694085
675046
381666
197611
124900
938627
486062
979398
608664
117853
652557
357993
72489
629311
73790
572428
332066
538236
191208
187569
523305
58460
305796
718173
713072
195809
795159
598067
221316
368244
6237
35310
439939
804977
947330
297466
94378
917772
301001
541232
228236
48094
136592
813676
420063
799312
183914
902477
976433
994466
575724
743369
129528
967577
341252
513258
336006
421635
543554
545065
530843
417704
808314
188901
362133
632079
495874
462912
553346
908458
426519
538007
882838
165727
675612
304412
765624
836595
745154
750353
269046
719509
117507
929314
973978
923205
973767
262944
758036
124767
756522
121046
675094
221512
62869
110218
824319
654515
655945
106321
303599
219601
435258
957071
903673
590035
249688
519691
266422
301341
151144
95915
295670
907784
916177
56848
568274
635796
799411
283472
335325
500969
719218
392844
650553
976904
980625
573038
14661
464915
566328
902209
939508
950517
290968
431981
227449
326511
316389
223245
530206
739072
517634
861423
706932
370289
521083
223015
923429
745210
203371
857104
223973
682708
463870
990177
769159
208220
80529
150503
433004
606305
115830
53028
259734
45578
961555
17732
737050
980327
755818
539128
63092
297874
524147
723634
83317
164545
950245
971835
626391
775468
181075
334516
521905
475349
35187
228775
308869
212793
780795
214089
569143
55249
274853
712718
378649
195525
145361
568681
581601
790638
375496
638239
238140
598470
771614
411527
780411
820783
188274
591904
905452
94492
405072
900111
300676
383200
153845
341363
817463
819921
540338
419942
63082
335640
613353
80915
730240
745496
466932
264751
995729
792953
651558
756438
206329
173840
44969
140290
806924
873453
676166
766250
975399
464064
83268
454645
614946
732648
823655
205465
737
302874
259737
522517
507338
710634
230631
753031
124561
482425
433186
413290
679982
465852
186406
711216
811888
547236
287927
883768
52139
472623
731015
185453
436941
274635
350356
258874
623887
437986
787758
146349
165831
734791
134486
512039
633114
488891
584066
224637
409230
429147
728254
726255
573
22122
533484
233603
450021
945143
417324
234109
931677
464235
506646
349500
890466
141425
516004
661812
402832
478786
510253
622339
347052
334092
349516
144690
883806
892606
115231
619019
118076
34226
399531
160466
913793
86136
836637
249569
445340
99579
686123
714339
578917
452115
916889
300205
669482
250790
395288
655412
866856
52667
457801
148783
405077
417309
742367
960138
110746
39848
193186
732547
77662
819443
218895
749541
677054
15642
673053
9375
692825
332518
631258
998273
291207
681691
518004
58706
239337
165983
463188
899408
319195
759746
455717
973573
775942
177902
791283
332034
238035
586796
600430
590651
680826
488400
516877
711486
800952
224259
292559
133713
146527
17067
988380
844968
652551
199801
386442
124352
330082
768718
574973
637979
497134
625995
245926
89432
873283
137908
473836
365614
278540
386175
656167
903365
569042
9151
806472
704561
689844
599336
576855
638603
825523
418878
93333
777006
362026
189023
537536
31499
22042
209193
994293
86570
504355
641929
701167
415998
911439
556385
581293
632035
861129
805589
816818
580534
400043
961715
650982
620433
588853
822396
846042
131809
183961
528787
348649
891558
156914
996353
692346
516743
729045
442851
52577
710544
593600
140209
822821
867721
28976
281771
870812
749812
17871
545698
626419
564834
638729
153952
1354
492914
801151
850357
901436
216935
645525
46751
144060
127845
506982
918165
199899
227720
650711
390064
567078
6689
221321
41398
649707
107919
865768
208197
640668
450165
351648
216409
980749
822557
400624
789754
195800
329513
48150
364741
464736
3633
305770
36884
907442
536574
17927
228557
274887
75042
991588
100804
890214
529394
730624
651214
114022
574178
244284
110307
659665
809595
849282
412910
806757
521403
736867
454645
945268
123977
230783
865312
722667
727379
544157
152040
478959
456710
926107
447645
358051
642153
231103
993171
266630
615895
560939
744170
455418
869783
17007
663801
486879
613529
205881
869847
55710
496848
586215
268165
13890
340710
751933
633595
980544
89824
993266
562190
197399
341392
818789
689722
308370
623857
193069
195026
272491
807138
184078
551553
189770
295682
887239
779068
243691
174628
278343
762502
46237
356463
619520
108383
852582
965717
789013
340810
708740
225070
162989
968698
375118
425776
92841
996632
783353
453581
100594
410419
46135
287850
116075
330117
512186
781175
494150
120542
678039
609199
82802
118832
219205
774702
169458
264822
862212
160234
644041
205569
247130
739343
421906
191584
321656
945915
24492
587499
353020
475667
914193
405484
117328
251136
40968
606187
58479
955146
856753
422805
197320
306639
757694
764040
209787
105503
281665
999998
257088
931831
462111
116115
98663
507417
372004
555252
370425
395780
61169
642726
351038
593813
302480
19120
609624
733242
43048
65895
133581
132367
180235
574164
226210
889687
234285
506819
265954
603608
105840
121131
8958
793747
92762
884085
70222
542430
423976
716395
3126
139104
273468
553406
975908
726185
634417
244083
426869
758379
81871
604460
880183
891289
504858
431567
16777
14875
291077
178261
533215
349227
957316
911409
227810
121551
803391
913754
682484
524339
53282
774007
297361
157474
61905
57830
580241
89505
414841
898282
361865
51816
379522
570671
718098
181374
586400
370298
299873
434864
930121
559601
751189
493997
398465
38724
917520
916289
684625
2807
8828
532588
289494
886990
635503
251359
442037
490580
726441
806162
996268
399175
705530
30340
181444
137699
501825
891088
331746
179465
839759
162601
973693
678988
718313
595826
245290
987481
390316
748604
260564
722112
37963
790237
435463
108451
671348
115753
133419
402362
946834
889360
315725
481216
680107
426388
880473
869117
203560
978149
400612
77809
862709
217498
597350
866266
201087
693262
790085
271650
703258
109333
987212
116329
178181
743130
921658
342058
41669
548631
677879
259724
368301
453167
489634
147207
569087
575083
481733
411249
445229
93135
682538
140709
454264
924376
534279
758542
578746
632277
302100
719957
302591
973791
824957
728805
703565
85111
586547
351575
433668
148474
943390
901055
747040
464131
237485
530002
991324
883997
594253
380722
490545
798051
201655
814808
666941
23351
699684
63773
514238
550811
809692
673125
493885
772527
182892
463657
792775
601927
346870
23263
233814
366632
657250
301383
178511
521568
908851
439060
388197
31231
501812
378358
151515
696501
733201
876544
760102
685322
68225
824187
844272
648436
774945
122438
799929
575768
584349
26856
156952
26592
973831
165108
147040
663221
645001
478999
119390
375641
692023
948162
302142
248100
956734
714606
154957
191513
364154
929232
84888
240293
873379
790555
881204
15667
755430
727661
595351
102574
540754
466135
613028
197076
193769
428108
430020
665012
843927
96421
986607
245188
844223
504462
188363
428257
536560
261329
259947
154979
863734
376765
584952
40220
707021
361714
548461
362862
220081
423436
112636
590854
212113
191786
311566
127353
829345
993306
964008
714297
440527
948450
682857
134963
365069
144109
116015
190601
625549
917009
580570
741095
867211
452217
425896
903876
712003
798452
960512
776055
384900
806937
175818
844915
275805
514516
877307
511585
428723
701010
588910
517849
135412
981061
633774
789116
429990
261908
486224
834032
57177
910883
561469
627769
934971
723066
822286
598129
805770
773716
189200
888740
875748
81286
436390
209290
647418
795018
236942
559905
804451
462120
113404
186855
244749
615616
816994
545969
332302
487542
639569
376811
799704
491578
995193
303917
973963
585906
444300
162869
127781
229895
572737
982471
254357
911049
206069
850910
279085
594240
392300
365453
60341
693392
233460
860599
281947
381896
270186
188775
414152
599495
480406
258829
884495
585483
986674
399190
436287
303191
21960
43431
256344
219585
727417
117877
207898
702677
824473
673219
391608
788201
815352
955833
626156
2111
577852
270174
474020
594832
41898
788979
630042
963771
441603
775659
312001
355978
279627
26890
880155
480412
463589
648408
329127
471669
69273
645442
634488
797023
270840
251214
267745
363386
755927
941241
682189
829287
113015
755119
209131
921805
621381
741671
328134
108422
596924
593752
749554
117930
464680
652955
955170
667062
302662
747678
867671
359128
522120
295746
424947
250329
16308
398419
479276
660327
785708
461473
75292
440382
773000
867263
902452
608115
523807
924375
696849
888285
466661
611880
690471
734816
261998
396382
70106
365335
109841
197709
21931
141213
284584
67721
42383
363768
865523
689380
707932
585187
705884
500677
337372
325495
834325
394785
309572
880437
511069
720985
782079
589298
3618
289264
306851
887456
522113
51943
99461
999093
651625
637880
551527
287225
201757
180011
896144
768753
38808
614103
451061
80227
658378
213561
351955
430726
97665
842666
290910
171976
196899
914304
751443
237499
370455
352644
992618
276317
333956
413515
223463
584898
145009
415987
96208
780320
261260
16571
997241
489719
982022
204352
772091
366043
84379
37584
868483
864415
298095
45933
507334
492896
320276
894688
761874
462059
831976
519094
887680
211788
400156
287004
290502
683444
127951
517458
862889
117382
210264
906447
375439
850110
260387
808242
582898
926334
984562
267552
730097
820087
805829
108478
468673
589744
141525
737292
492480
268662
373370
983324
674090
654369
454124
418350
862052
53054
40294
691050
536502
452446
780582
446842
228758
839482
16465
304001
938271
395265
444852
416187
105761
72384
71846
925618
709649
733805
833737
46362
313441
144912
982447
600586
320619
126479
493465
980311
296390
583572
871450
160015
476603
174557
969306
823887
63570
36384
381302
11074
182405
572888
496581
716982
279254
238768
298614
163036
671548
363851
284309
184476
669241
945262
272300
154195
648391
557835
22470
105130
933040
997739
2191
980692
850365
309046
960215
931427
240070
312482
711349
7688
271017
441270
725832
667749
828054
934330
19225
786769
194950
841469
440860
301543
548875
140674
88085
900427
361283
518792
627288
394235
348710
865653
113192
404813
469567
255134
715201
651019
704568
608822
615026
80359
494541
661520
184481
363612
777315
306834
738099
467812
365361
511736
99971
781456
104988
847810
35983
263431
315617
452668
592882
473821
779372
674152
804043
85455
884101
412361
10237
995353
676202
75086
321424
243380
762487
267738
148534
354351
241858
497580
996455
86825
290051
360112
691245
841321
39856
157537
28988
611290
287335
648857
270905
592870
483013
438198
860763
574125
22868
626987
821231
602210
356960
731936
904053
726722
772522
194695
629096
193074
526902
449789
113819
662517
391295
138200
602303
228231
460427
890131
173121
378328
11161
345747
554768
652584
915702
301781
553916
243259
345903
494519
539962
935226
726944
430943
264964
599334
806123
969740
148893
705465
233157
544695
223474
347419
532714
405861
302876
486845
598320
2636
735875
235862
168185
25375
105628
441784
266563
131768
683346
147022
27546
514914
23555
188021
748461
952064
973921
442611
441661
983708
885881
205080
689841
781392
598416
265584
563911
558539
238761
193697
998885
488321
938724
511080
194509
321521
620161
623850
289711
101268
751617
45881
330713
587551
121197
895142
269834
915061
515120
495742
828644
631725
16991
174498
588287
588155
656794
515783
25242
418109
910410
605702
960748
411940
348233
719776
38297
668605
431010
511378
527808
815003
720557
49361
430449
391587
387229
180963
788988
632244
192725
432986
879396
614769
10740
179949
812659
791980
839602
565684
976551
645424
655970
432000
640650
469803
542167
830868
672479
498614
632675
206852
316216
973251
412859
873513
297765
7970
304182
362558
884038
487727
542068
645531
21890
307356
21851
349899
987600
735959
684221
648012
953330
265431
815189
601762
245250
169288
374192
193816
588581
244241
991017
818452
760540
897918
111245
134806
163577
623055
757597
641485
601774
676252
432369
187990
902721
57059
718393
185234
804764
424048
155743
613090
341184
112104
852489
802498
469978
500465
95354
648767
562542
340993
927256
139990
331248
244354
769992
487659
657393
761311
439029
51426
349622
435822
27952
516894
200293
550138
374449
737172
935449
460844
239548
914187
648788
189717
540767
432562
443092
743514
8728
299613
467070
584572
220179
955038
78839
91650
325904
53116
264466
632326
566243
592851
425379
221658
153557
671815
224626
821589
715432
698534
852940
469693
438840
885722
682803
666514
137085
709703
531253
284597
497197
920711
708826
421811
364606
772479
917046
636914
654345
756574
555807
203127
466186
623538
952313
243154
870980
52262
274541
102375
94338
928156
593784
240409
239096
154275
268448
137556
357447
357333
101249
116599
584415
706384
777541
596893
164415
637199
977522
751687
271896
87460
932892
704935
24207
403412
870268
622027
8865
218959
748761
958245
969698
339594
75939
420723
673694
956923
290271
552655
121440
348720
594171
217493
770768
974221
452675
894636
367351
372192
614316
724083
520543
55394
301838
799818
479702
346189
77423
749946
322065
807253
948986
651266
165420
673924
355855
519103
889167
76021
245876
511607
997869
294316
72105
678978
631462
211153
638360
493781
83468
510279
414443
863084
982147
280877
523896
894355
88002
72497
948184
849106
218614
883148
734997
891059
915973
669534
729857
706033
164463
517798
701603
995583
871185
854301
175373
327217
558788
720496
274121
64523
794402
591833
956337
190437
988905
118937
730014
15095
194103
522644
419961
248647
665333
509576
806317
292396
726161
214123
3389
155582
995235
3617
163057
727452
923377
728855
937836
864921
102990
513663
873881
443331
629917
21288
894532
609170
364083
499065
829957
700202
976410
968969
652310
798605
399410
140830
868614
640736
467187
246529
571846
152728
664845
655994
945697
353793
640432
320814
561801
185387
268007
221073
271564
84721
686239
2249
472102
28903
676998
281761
16303
198175
347599
957030
738613
999704
63890
907106
844900
511300
934479
157106
538466
642869
913107
431878
427576
706787
395891
361589
501930
691548
693237
960315
896871
573961
128015
933264
810267
647640
179207
298661
299490
35595
911033
309886
826584
885149
649143
981926
134988
983500
412874
617812
774611
547080
928215
750681
720376
920502
346397
242178
606865
139809
339227
543632
675885
302270
881103
365841
494953
26842
967512
40090
233954
375586
459837
61220
356740
3790
145670
552257
788929
454188
383432
132857
500766
683077
116287
967685
886119
692461
453395
791079
20803
201452
673853
675364
592674
882820
559939
423135
685778
388383
115615
764564
544497
294359
793150
189933
840509
122593
182756
322436
696007
866391
688556
215286
195463
321120
95981
976800
925000
334206
431289
757305
11972
901683
100799
619532
941130
180177
18448
846288
809435
221149
130686
550053
427413
848479
362465
610606
658183
710345
911155
973637
367587
102273
289691
767775
155729
796557
470727
625982
341600
483482
658226
838413
339031
776233
150149
595739
492522
498775
102809
436023
357256
560455
862235
87332
333585
576558
267849
801913
298405
944442
675417
869720
539288
307936
65080
507592
869121
404481
440495
360114
547634
89080
660514
766453
831810
36418
329523
390502
549509
384842
962371
89191
783517
158865
768601
964130
426346
693559
215067
174563
781021
629736
642808
620496
432426
800678
101992
177541
4572
671150
511307
62096
326722
540938
912494
4358
477255
804595
606509
696896
366815
267232
791346
910453
475229
199023
53979
175029
906850
366703
142714
142592
972401
58696
91062
825985
965597
587975
159822
186602
633059
136458
593342
670445
4884
203716
791802
532948
948651
390766
780567
407997
942013
515467
932425
657270
822670
61398
744839
154865
661375
102217
392011
450532
502373
299980
652725
325248
912950
207289
464143
200075
230621
349640
909355
60508
879277
415772
431849
150258
960177
705001
322709
867570
689314
369408
862125
972604
877746
986872
87808
521513
645317
664635
644721
105826
188095
10090
316443
495392
594360
406510
318798
61307
845772
826972
481016
604081
738192
473348
49824
508662
515679
710998
104651
139954
934418
351538
250625
369180
629454
892363
403305
309489
719926
688694
691153
83472
26817
575317
286730
55157
159463
563482
499888
597520
983862
418938
72712
541697
122945
596529
270018
533491
662647
917355
693853
459218
423185
739817
419690
350821
499522
260648
978333
643992
340145
646158
832129
597489
293121
698792
631252
658312
364403
435097
953436
721245
992215
778687
516960
779140
913110
471731
644860
42302
426331
21679
410085
4196
422175
795851
927482
981180
714577
625248
879106
936494
87390
446157
741768
194768
883810
18576
287646
868459
164908
612789
20037
37477
387776
374496
719006
777064
583449
844647
912184
634779
486630
771776
325134
646147
443400
590624
259800
772204
843637
979316
639485
522034
696050
125371
757413
139756
519805
399422
103661
249590
121869
980333
338100
624730
620401
799832
152978
235739
803477
573958
546601
459869
561508
479157
382931
930036
845511
130095
247675
532423
953419
980550
206663
421088
993376
613100
561779
774100
760893
223857
648761
924490
724449
298905
276076
768105
946933
510297
287077
380706
414030
501166
527828
53463
835662
893979
924216
836518
445033
140285
84329
770455
27269
956172
873938
694558
922491
27824
676989
406988
209723
983677
208327
357720
174476
28877
715890
170886
343728
869625
669401
102066
5413
47732
996926
204795
979400
611651
150463
644239
886229
174685
845352
423374
809161
538331
737442
189149
591400
771227
250632
882122
482779
327415
432410
253079
716337
431837
316426
347301
179590
86283
500532
537087
695553
844586
246251
329919
725239
512708
18734
47264
883501
652002
307898
313378
221114
853958
215417
828308
838603
978689
105176
106369
14081
258227
38390
520185
518005
845597
115128
59131
941787
835492
616953
242428
341380
926309
206175
273366
673213
996975
69129
500688
164629
546529
594916
56774
325692
944673
733917
575669
564359
413686
386929
768741
991120
967171
976671
914739
432059
65313
519487
808954
739667
883223
798125
995294
229202
306809
953373
605364
276543
429722
527698
594449
66802
702703
112874
704302
675379
386625
796369
800245
535745
614606
369110
33386
629486
651261
128282
650233
509351
350525
757284
451992
967954
199289
681170
30744
756944
390905
949803
535054
971490
607000
870671
269528
272551
711902
884559
148942
954179
492346
342361
948679
479644
35805
143948
144645
789630
352437
981866
134270
425375
636420
847531
511752
394812
105117
319342
260768
529953
251067
368651
770198
36616
629182
664132
29657
394713
700867
626329
363163
653264
647134
392186
651936
682237
702711
436183
71528
448676
493886
777172
578231
44804
338316
481112
999806
827829
296151
995269
380455
612202
641938
150978
156418
210711
244639
414067
962695
956012
198706
769482
723783
457087
743811
46007
8244
131143
828463
403707
449801
448964
757420
693338
378711
316989
360359
389423
4782
721121
546108
227033
184868
511183
429073
600275
615749
909297
568912
561058
273879
283075
111743
807847
813448
245298
202941
252436
882230
974751
781083
945147
563483
552578
272660
20034
757844
603947
148395
171763
850892
909412
187744
349168
995017
383603
369934
289476
446483
748860
241316
681556
145084
893186
515325
393268
277009
223374
705887
448086
511131
844328
142989
641757
754770
870722
16457
340687
757151
110389
528810
159785
796748
185123
726421
966349
490763
556539
629211
473175
405984
702362
506095
153933
622315
213711
684290
437172
56406
218103
447933
868415
898263
460615
637402
42723
324322
664488
171296
116806
424879
713533
558841
126229
114403
133248
910065
367541
554718
622218
228173
746897
122080
431665
247366
161938
698392
794251
489441
345581
327627
69073
522476
860373
611677
750367
147094
231954
696448
840600
661228
996970
840502
607527
162860
63419
963396
129376
768392
329194
72117
979076
261048
342390
836487
414756
981308
581158
136439
884188
901869
841953
718052
217729
439743
382684
984546
149269
403798
156525
270878
883959
32321
297983
496233
635096
231063
838750
194083
308071
657580
493362
741701
881039
12720
539145
411402
217174
638629
202893
808699
953894
961404
341717
774934
843369
325643
828054
491802
898445
515244
687546
572146
34215
157812
341513
319483
80947
569550
919940
142196
563578
757876
454993
228097
384012
327113
261007
766236
427437
435094
873739
390617
614028
336544
496396
714259
778478
26210
196553
175672
109098
162861
89851
823919
415501
706008
962893
52321
570653
345509
977263
509291
455483
674737
5897
586846
931426
393239
887117
28465
900172
81379
37989
504836
543923
348526
773068
289937
905588
153819
9144
763825
238992
408172
609653
533513
344781
400194
777293
17167
431290
252975
555555
979708
375631
878457
153312
736592
771570
298286
19012
983805
81494
466527
515870
671409
687230
5114
105303
688643
300768
391816
154152
320057
369764
817023
536428
566772
44299
688453
232528
945145
706605
271810
41446
439772
907419
247328
229721
851083
464931
932962
691003
18484
609393
713438
364474
387796
456658
629336
710258
381469
473108
675517
408476
456771
445130
290617
251939
971492
663468
74677
353815
354194
117595
663600
765754
802686
479041
31033
162808
831042
256023
761990
471285
164618
610816
158900
425470
400608
951251
916188
911841
419476
285430
893262
342680
759876
211813
18157
949728
3789
639442
310439
340584
957134
612199
11727
531941
435670
856295
852184
163714
114090
84274
914160
875509
88628
659303
901878
791981
459978
855715
100634
162727
431322
421928
234896
31648
193712
186778
718065
727269
353956
883490
960622
240774
103139
474869
465649
50793
807256
733103
226194
699322
564534
394009
555762
383680
862629
494730
596472
256587
76358
999465
102630
523401
933989
602448
511255
567353
202042
843532
615255
799543
542556
273345
84639
26229
798211
959851
578411
350218
187768
776063
890362
595428
766619
648879
198050
605978
613456
338189
231373
965916
563720
212167
136275
856396
698407
860048
350006
377189
338135
242976
994420
216089
999657
971345
520333
360058
628259
967978
446481
287502
537258
250361
912932
456645
946701
579993
706322
568262
823851
583444
415625
638117
536131
544673
524919
510257
722518
467086
297089
860779
525499
948729
554780
150417
863359
113976
603596
601559
941046
279896
213879
775031
446627
616067
62309
988256
37247
138491
308439
826378
707498
18115
3713
372457
403307
146204
235108
718719
30309
604460
598284
799628
978521
936060
53411
78433
43218
778136
523377
568531
348977
800089
558513
272010
782549
156735
727313
445497
147750
730872
788613
922152
105407
774270
645192
734380
606966
728924
296368
424185
660041
934096
82604
216078
8486
621772
939357
692750
257686
253399
210511
53487
876296
422737
477395
989643
483702
545683
359226
723156
628406
675124
549808
315365
5215
135785
386226
752819
405206
237828
907117
881826
511156
594461
758517
292532
300181
51214
439838
706012
532672
754519
796539
97265
172398
326626
86769
198782
831865
124450
948534
736118
377186
874196
606700
271876
130879
329832
966740
225665
561215
787897
361008
687999
831324
615670
799418
387138
844956
657189
153594
128462
190467
792766
606344
467484
656984
473651
721118
963622
586898
922703
278169
309409
452255
161212
767372
966091
508114
175135
332993
35610
351079
577630
143053
523860
78515
594113
954511
593405
377069
561526
481861
859690
652626
569263
139018
443444
829434
954598
948976
363400
47541
906688
989430
6364
764257
541903
810982
219452
714700
328818
780366
610626
57664
684311
976984
388708
841455
466529
250824
363559
597308
161124
762706
878514
864036
961741
262422
322237
477319
87583
985721
140136
877975
681688
875361
884520
172060
527026
272397
969628
106529
324613
311566
74686
430782
319306
460645
515829
331331
863738
604283
192198
