6194
397737
913948
903937
860761
177208
628069
843036
982713
105140
541740
730874
417597
499920
35741
195323
243904
631730
59936
478650
356578
609426
185623
927810
436881
181051
569395
282913
241915
11823
871539
563668
193613
916456
66875
837345
594406
971640
606285
269700
13789
222609
558438
300865
972395
88033
917367
81752
884919
437718
567486
806295
64509
648895
10497
178377
123546
796434
114663
342348
661878
257930
897651
140865
718670
535913
984478
813084
538716
471643
536015
860442
982054
913787
113785
912019
662240
549550
633297
719269
880639
516781
501867
920144
653980
458849
378416
638048
9280
59943
994174
921797
595538
502579
612892
864766
563034
811856
872728
26548
269425
584965
17087
308259
81671
346964
397561
252467
352209
733212
798334
843621
807053
90206
687993
31144
421619
197340
685879
39500
261178
826909
599884
30734
314563
498446
261123
238609
864358
800899
627647
490222
867992
228698
541810
556002
919414
586048
947257
623078
554544
937997
214547
666204
140565
966347
315517
755557
621430
893204
725291
297487
457722
947993
873508
316780
422526
568767
649019
686526
229606
415075
720677
769742
404037
367038
630972
595867
734437
402852
743503
300464
665139
837415
393955
161295
647690
506456
403083
959049
452314
171245
200607
781679
468981
848510
422300
270819
975990
244010
169752
15495
360910
721815
804640
658903
23468
826646
520880
101971
599816
797284
170638
954260
466637
35084
678723
399808
195425
792362
239607
443353
842322
11468
828456
907951
352990
163313
632518
259190
63263
171827
909551
892850
645969
414784
782082
862479
220609
500612
725026
997581
642004
927651
845897
344152
443762
378978
125830
475189
429773
803237
289684
766361
902289
735123
53977
51604
428394
914325
260792
804650
648045
754686
356947
401282
265508
681093
241376
68920
101561
68397
761255
535309
725693
872773
764693
5758
947030
390603
603712
57586
424003
925036
854008
231820
274318
90215
901190
746337
814221
972559
892356
727107
132372
322415
547736
413180
912442
337480
322510
30871
929670
751541
237202
279255
25783
713008
765447
830731
750445
34605
359046
638265
227767
50788
383222
947064
18810
982060
987140
270554
276730
481027
524351
467717
569992
934314
878035
624227
897288
715693
466977
199087
694942
134400
937719
403888
744629
697797
826865
570307
163243
505195
24427
271504
771485
850032
161249
886815
527178
336006
23398
937667
412582
365908
401533
756404
49982
618067
385752
988091
94210
431321
81002
618886
416500
857139
499499
189211
618284
732138
168424
134953
379013
934760
96196
104826
802408
759925
805583
672197
907699
121562
95808
741025
204485
619302
9746
979091
861608
369038
151097
777672
11676
320047
984768
510814
436284
471856
440513
669148
84367
596739
346816
915587
666286
570250
238692
890364
45133
596438
391762
839472
913383
926922
366183
382711
978570
990366
838162
953768
796732
102720
230925
916623
252809
290068
971190
179260
511210
236380
260302
378104
173524
839923
926669
515347
312858
839028
189471
186457
524607
821816
492927
758563
826652
374779
617647
944393
505322
448032
815633
857205
651693
204043
64933
68242
329278
440044
52576
958116
863859
940380
25893
545074
709676
501343
696290
724958
58749
13321
811082
638485
48179
79294
327210
139425
402373
375954
672875
589211
796569
150223
966755
560510
383087
127956
95575
27352
537838
896986
751441
517082
515273
701842
930458
607950
652110
474730
653909
653927
570315
600623
423672
949940
752029
704205
951015
639151
833110
871473
139631
840306
849802
504783
291099
17225
44791
760383
278071
222370
968398
50499
628255
852193
674402
893988
886658
789840
648236
604345
244601
523572
599224
463497
218750
449083
551920
698568
363914
958801
60163
896126
643663
857681
153970
514885
313103
772824
829815
987057
771415
167542
378514
506954
918748
473470
213425
460788
994608
995581
924411
616688
112993
1415
19065
567227
404719
215020
945761
67604
724839
720842
368449
966939
709024
455228
142597
470869
789713
428656
893413
284364
68558
894551
264813
923667
375453
760437
879594
748456
142649
770264
740270
171442
492195
942693
612225
554985
15327
413838
753188
521620
578002
221855
163650
54766
289270
854456
826614
926562
899383
580117
281011
936310
307565
465097
415316
464900
637047
194634
76609
503522
515440
512549
279226
231331
43089
444306
865219
336375
868131
743202
821420
801453
542943
31253
98620
233625
847971
923656
570746
767313
712723
905483
604695
273489
956554
364753
913403
850430
834620
596480
768042
674312
104042
880809
971667
34856
526080
887633
769013
117961
767630
407150
988271
624003
112417
850797
865698
847746
573758
22960
304324
817221
242618
728981
857220
119938
294073
526833
884309
313383
372929
239133
564762
895356
705082
872294
868780
486053
210628
391912
758603
898115
342069
911925
723998
865785
881710
350958
789224
36235
791832
851188
104586
87139
521280
120057
589039
484014
681485
204848
13399
765091
752346
646563
836291
389668
438260
997026
449082
147133
313457
576601
755703
789385
994091
712123
383152
399283
885784
202651
665730
611930
379207
447641
534526
176334
413369
401465
477578
849591
114458
474959
839669
869206
114843
39702
620635
423138
236589
837281
926513
451924
494683
316073
121774
583167
197636
259652
553495
69206
400564
602167
371621
879634
827359
581218
934996
700459
652281
4250
390346
998723
631860
201492
468194
708386
412439
81276
492629
758556
822264
87333
958533
267471
480726
385051
394021
880265
294229
452053
341959
354246
786646
475143
718531
841238
988467
974355
471361
389533
128852
437215
938404
820149
454705
403522
279827
72814
234276
785047
165349
596341
106217
913396
953897
545618
777846
998261
866319
561867
86449
869169
881590
685094
313490
206415
559826
176716
305559
783473
134393
728585
756062
152333
360139
427248
80610
280733
321468
145052
288852
141997
213568
162065
785877
408274
231377
839104
897998
208121
469472
793705
545261
958237
488086
29723
607804
16210
628421
324567
824351
881535
12080
333715
716970
655465
960819
581978
879389
91305
595472
355792
446781
74432
883096
584467
137680
817153
745459
456702
740724
294764
496396
468743
732764
72731
553691
938696
17000
796822
691152
272731
172640
11585
868505
223646
255950
898549
431504
395542
873077
689067
931524
217711
602225
878100
54883
969313
73196
374471
728385
384751
69114
530450
110279
601289
387859
394225
410810
537618
47786
857245
950823
285436
674222
226043
771625
957518
853148
949813
625622
465863
17087
814566
953868
715741
964038
155759
909459
410910
37184
911911
317423
429496
461942
256431
181317
643284
112868
191651
645543
881500
752534
768556
601278
53085
724700
549810
799187
151816
393193
429103
763962
291795
920526
659871
951131
773565
714638
173331
33566
101358
358557
528421
680243
642172
523386
14086
455483
752010
484710
963571
766486
321675
321600
346182
277322
712676
105598
674409
342604
765424
298890
802981
97327
927901
361974
252696
488678
760179
131294
772933
423351
730293
286681
547718
609151
866784
987163
988508
535516
561744
989034
499623
290746
169218
459899
216561
690365
742196
462249
163364
38024
312873
593745
248732
63016
112201
80908
368983
309089
458212
944330
643081
864338
727639
251655
635917
580743
701447
45549
859189
161243
390474
911623
243202
316040
370918
936732
422575
995405
241905
465264
237672
779003
976535
929491
639768
768155
118138
331876
10080
491519
686772
353958
596707
109860
215096
358972
108542
251713
902550
219972
93973
367534
787037
798030
122376
379188
128922
632440
776901
507245
155007
554023
719671
840024
967136
156900
903709
32251
981398
426896
793909
480949
902406
669573
918934
599775
186172
238987
364957
34526
398704
227572
617407
876169
742251
125205
616638
833393
787651
594785
992503
566289
293442
167523
328088
81619
815909
181720
567278
305661
32704
229926
910748
794550
938239
58621
461032
395897
42119
385481
642991
494805
682106
650961
340601
365342
142362
57711
324583
610036
827909
75820
822665
204525
819422
367927
745932
266338
45900
978370
222928
49171
191004
901178
992984
147000
74050
983329
902235
624997
291005
77961
253815
410328
195224
924079
778053
522146
821068
546737
865543
852080
677315
160237
429118
91894
630199
271608
137689
972663
545977
856056
535111
571251
791566
528095
98541
220205
957108
296068
888563
720279
119042
629535
751481
135388
258413
604897
264360
972682
435623
448302
118627
997403
915361
857848
563483
217438
2353
356537
243137
136135
69263
431693
364503
228303
978234
842665
640992
302921
788536
473532
175990
72323
608698
865696
33658
45013
862045
127741
905061
962441
941517
886139
893821
766438
7364
820257
205732
301787
302832
609871
534923
606661
303475
273492
268355
278813
81540
119725
204404
221953
713267
444123
650598
576605
796361
346911
344317
866294
130381
162581
127362
881619
374884
346347
358747
599752
367632
874492
950557
9824
475865
166349
469112
947494
32969
316770
733265
387920
306256
867262
599213
45129
704456
135926
516616
41434
474899
240369
822086
605940
551841
133823
932289
606108
200782
336850
60993
418163
304360
311645
236297
411041
949454
623367
217742
635934
970803
885004
202307
818589
692226
893937
155663
559509
37020
617889
132512
459756
286717
582697
819737
332226
848316
149837
746727
167064
34609
327685
26225
349148
588081
574231
1646
109266
899508
363218
76112
87456
649816
64868
350942
887670
450046
103193
225567
521368
190226
445232
662130
239497
496297
675484
802043
4118
258051
190100
976888
236156
831279
288791
66353
422966
156558
920576
603150
816296
966255
166465
770306
597921
885594
653823
189989
592208
119080
664586
536096
746823
470223
49015
955649
683300
151356
257308
596527
703841
810393
801192
710711
939386
61998
443228
581700
522487
992291
749546
546030
464085
295588
283432
570281
494741
429277
879921
417374
853472
485861
395353
653783
974229
479863
944394
467603
492209
374426
906688
124473
531098
628579
886877
23594
421192
809745
716009
154991
949904
201878
804202
221073
244495
549045
698716
623304
787887
741318
857678
596939
545689
939287
35545
784198
436407
373869
852221
699050
35108
559400
188825
517534
606387
93572
556103
14803
351577
819643
816594
90293
247160
267976
519445
258621
769352
656967
468273
740131
95268
693433
201706
4273
724271
586211
766111
329011
368161
346837
672036
480587
609394
633096
549629
263648
30305
166753
581434
414519
118113
17106
566058
711066
920673
921376
797629
404980
158070
154751
765882
368831
420776
169497
827353
397716
893462
673005
555134
164257
125510
4692
531922
328569
434701
385312
469888
156806
337495
57309
948105
954265
444628
915449
792517
217634
779520
218368
830071
630395
147469
229567
355019
406878
239406
431114
72622
907319
735106
349274
328778
610581
756571
1678
428125
289338
670571
667666
235893
792465
324811
368605
497162
758911
760167
105748
536631
172946
399944
819980
26391
144982
194559
801133
933624
429830
631275
931185
941695
914400
229672
835660
872280
288209
765908
397286
72343
562320
265279
275395
199152
448583
570350
883588
77455
18411
896524
21703
309013
645868
752366
345705
277169
744328
634241
345643
322518
12987
428371
473906
473502
467281
754746
770280
104699
49435
134309
474945
394197
389120
632381
730648
972678
930539
97783
600247
406190
713826
150521
368502
141363
917367
569190
510842
455256
964951
797256
721055
559417
149503
24665
142896
75296
171279
124846
573715
600072
828535
244609
633474
185964
74317
289241
68851
149066
252609
378712
955162
889273
74024
609441
728580
205860
360564
744291
854692
766754
53061
117639
899051
771187
663384
878834
706576
785050
745693
994231
861807
31378
118247
30236
322062
788014
304957
323271
755514
504208
479565
513030
427920
84805
119360
324856
445847
711932
400041
506010
637899
242529
972119
847602
436725
984411
718921
902353
791669
433438
440577
913609
524194
730093
265585
800876
531656
629104
634450
271100
991632
206445
724948
100148
621053
289894
452400
265970
105042
371280
710425
203583
494162
628459
896656
631101
985759
328642
972183
154668
468548
414529
636861
553624
850638
168558
910552
101539
231765
676550
683409
341802
600472
994997
309465
902679
884358
574384
70202
154051
322265
722035
814344
768965
669341
965266
457462
684828
672143
14462
524612
972789
670112
225239
306262
98585
643225
754152
858657
117941
108952
257603
86654
85767
368376
331130
657825
168291
349327
650487
456355
109088
196048
857657
566842
792097
916817
501676
956683
1411
702696
220579
845718
375264
957102
613492
719952
937790
56229
382768
514574
49880
472758
823421
124445
825862
65043
584018
388398
711307
507963
993103
759982
464955
873371
629431
490100
402375
143762
813515
236180
898407
169165
370180
785297
384226
666001
142316
951599
396285
323736
304089
167845
96318
77778
502471
165297
632347
656204
189329
559558
234244
718062
828748
640033
723850
972447
737344
60025
83690
648259
256132
97557
367482
366564
218229
103799
589103
436078
199122
629174
828617
345748
811575
970537
408475
727633
309108
80447
60091
424713
809802
43436
310978
769230
22337
294654
417600
571390
843625
745038
393791
140041
106411
891793
573170
374480
909770
641294
726523
955497
937276
997482
784726
482175
629791
766943
203685
82518
265498
764235
716952
767661
919505
768933
707960
826300
250820
90442
173649
20957
927493
996725
133562
221255
587156
562446
668162
185333
234713
455513
854713
831845
728252
713103
375320
238012
839012
484426
232782
379462
603851
429913
954216
738396
488187
379572
236251
949854
976551
860425
818737
806816
309736
90804
387918
298018
581075
440206
888990
997494
402675
631196
256670
518214
578792
531817
905603
901678
333659
474414
440970
839813
104028
527725
642909
428089
540251
342365
137823
543192
772928
932735
458325
752235
369447
370895
951216
951997
645371
7382
837435
186169
79726
444060
225245
298289
444178
597627
675788
682107
752599
479951
80335
989430
995106
569226
6765
26794
813830
53284
773751
310990
547873
180847
822639
335715
348822
826248
304148
611965
781346
831977
75019
373729
912477
941340
158763
555914
539215
173322
370085
609670
655853
389874
950415
666109
802991
344949
835403
756754
327183
295629
526552
177122
21471
869918
908597
799978
562695
490533
295277
267141
471898
537101
484996
661458
248661
131680
120316
456500
643443
587099
808708
805043
9648
201306
508670
390656
853208
309938
492523
419797
979786
629597
422646
165115
585102
491984
953754
826853
401808
952553
923120
62266
572153
358212
816601
411696
345065
657005
544068
847507
789587
424495
804700
479206
15988
801483
239825
941536
465009
682757
820674
849687
609804
814616
452612
917627
931074
979017
836946
519864
486085
328280
404625
287295
820817
415571
513150
838559
451821
720902
601462
734285
978944
550861
671201
464898
119758
441546
829692
424003
800653
228721
69954
43964
602600
64768
742391
884230
612815
290380
65681
567176
578937
57399
697027
765177
753719
378302
885927
83651
638774
302767
452807
844163
280017
411831
997063
799341
974801
996953
597875
346573
275202
822011
978017
618984
890227
271579
644291
344449
891913
959903
804683
646839
939008
742921
18683
314124
336192
876361
408392
518592
629016
144812
453098
380379
503129
33523
621955
354762
169297
887166
767657
257377
235939
208359
906706
428095
51008
739756
555035
648143
384900
984644
589301
816171
210927
4626
561644
346331
866814
467639
839829
147002
923557
737410
79700
282489
709228
980611
716295
651005
615779
429117
962067
485988
718659
964857
260809
601125
800099
145015
326580
94933
545939
189632
465601
986822
655385
702615
399435
221066
149062
124045
116483
618837
286003
364724
232505
578496
229277
334251
642441
683242
962075
202776
53476
863353
310072
627637
898042
681598
96497
266497
567489
710839
629132
417942
298981
704110
238354
494810
553868
250558
967020
436239
941317
474997
132822
599622
517580
21461
681346
726001
469756
251893
634187
334165
690322
998149
734228
212894
755737
119855
542909
777740
537080
49496
192385
196748
542164
430277
870319
280929
642595
747675
312643
788289
657614
938879
218209
636860
125314
621596
400173
424279
205524
20226
801993
470327
275470
596651
126828
193209
50523
60122
16540
779551
315658
923293
309832
261412
753474
811889
824772
45808
816515
988036
335329
218279
468372
905493
322664
846619
822863
946487
831731
862370
196101
557813
42281
24579
72655
404432
706516
448970
662002
770916
76385
71291
247406
289897
744051
522851
960036
803988
274020
523785
310625
50397
141145
281540
710603
510236
588992
166310
122854
349517
889321
317078
727556
399090
859198
113724
731847
995352
977440
224149
56724
951153
503328
451494
495830
258016
728727
343885
320300
392852
102371
295154
539440
120524
347070
116189
573541
895224
992828
908962
402876
548160
241953
479863
280195
349406
516508
830950
942699
378598
230692
508125
43316
810406
780270
953123
937271
575592
456392
389669
82448
110100
287573
220014
583845
222386
354085
478582
453528
104334
911537
631889
266629
581428
662384
178632
146104
708059
694552
628933
88686
936670
380788
872807
322630
730533
25182
493686
199685
73698
947674
721712
423874
629047
75983
755138
157108
765685
473379
464722
203734
594048
278577
618169
888564
19086
176618
90126
438934
124366
328197
653086
931206
985189
911716
833911
65278
995795
478661
910947
974067
560181
658337
367859
70200
217827
209637
608241
217041
200569
738698
783351
922453
356659
901651
451101
567486
713522
854818
923085
630225
599643
400312
635955
876132
859871
961800
118481
800529
940821
960758
544303
503862
832514
631345
783023
729957
209339
979753
340671
482479
874210
539119
100519
217992
241036
399017
521602
747287
188931
338286
722825
477981
893287
948932
127307
237631
108975
485427
940217
103665
167053
751493
136349
379713
427824
706845
720491
374205
844323
299442
791152
785219
994578
519718
66663
110243
467501
685127
693995
861106
56805
622305
130246
932718
238292
415485
448871
986313
114809
233467
730098
823636
340576
153223
312818
930441
688352
309883
575722
233717
196670
86481
382537
809920
377840
237251
284347
696282
45948
139841
551900
413700
232253
411534
729543
952120
846407
723064
952077
723575
402466
196082
293057
76461
796787
764112
800944
501122
916921
394141
395439
353663
406450
214364
733260
447451
786590
665498
56614
67106
616987
392364
89945
116161
13103
894795
866705
776816
820837
310216
902336
395004
861262
831533
1706
164464
955368
949810
775261
778335
945949
381657
169919
636945
446114
257063
864384
725512
371840
292095
977902
86509
261744
108892
600038
677084
959838
477930
40360
180169
342224
763970
248068
909837
104352
790081
448817
843025
411301
287875
7229
35221
214704
258561
110686
994078
808882
769348
966054
516218
967483
195845
436373
257585
956701
623908
68872
31626
252783
968768
861520
564727
647725
924729
48990
401374
806461
489280
489690
62212
352524
399703
44178
874648
358231
666794
211407
145242
213958
909898
275908
853670
906738
231874
893408
451361
291528
895320
508354
488639
268357
301922
840396
163502
930529
753921
207376
360738
630728
118975
292328
892414
784451
853313
224802
441244
722742
184552
474071
849017
103106
116298
229469
897664
527562
131848
492754
370225
152083
335948
640665
537710
665285
519458
552801
957090
417998
411887
858593
575118
715430
464978
973728
121073
852205
2709
273008
615188
876336
151759
574971
750575
284874
475674
42613
89147
912615
712045
610353
291733
666404
583317
803664
705100
624466
553045
470099
310087
17434
262038
162706
324886
651706
293260
433286
386259
682285
447144
630208
191220
693353
4403
6653
369137
402882
310734
49680
919116
736428
29187
570303
998146
246686
498631
178219
134988
213265
334
70630
290642
460583
601611
624553
803437
504809
872963
968541
46743
158441
263437
398679
490354
688774
801064
110625
123121
904590
494137
88115
987367
314430
611423
399617
19050
247076
685813
432110
88803
321701
866339
359966
643894
113883
704225
978409
443080
973526
190730
55339
621617
831428
923608
154168
473152
704235
291010
906157
749285
383186
749359
573345
27519
308224
218837
814523
125123
364636
239731
489629
202565
206707
299047
476414
513958
836505
236205
888534
979995
462310
787508
910322
319254
246626
632734
689703
351123
680571
560021
38755
152000
67122
359749
103839
770953
632726
64633
16624
69568
492585
949077
815869
244070
190047
224622
770763
787096
856964
370241
894196
196313
324285
737623
701495
332024
823782
57779
628649
150622
167515
734132
844872
417590
970195
413134
854511
358777
437798
598559
949542
580693
414831
793841
859409
46329
866188
460491
487625
248832
828354
240116
137864
179255
533310
315717
443006
605901
252726
287337
714240
709462
246958
359221
85344
742459
771031
742046
304087
10946
422545
816411
783647
602166
469137
930136
846174
457203
78302
793427
888316
813200
385782
223575
690709
191977
526925
707859
799626
375815
892149
502487
641330
240495
448089
740394
925870
624388
451235
79370
496091
727065
609662
99073
828576
817111
502517
355168
411558
981639
306106
84571
8040
16893
784323
49920
922912
316194
412943
541334
346529
724956
684359
878542
244483
778844
559743
957224
939064
418563
532123
909605
470269
309746
34190
544932
190189
903533
795262
124956
583727
407402
854532
143221
338256
134588
653647
604931
693291
517207
994088
811424
255109
844415
73104
779684
293685
647058
598149
936899
320832
222190
553764
888388
194947
386944
375976
766426
371657
557226
309904
284897
892605
639760
454239
274742
110649
108224
833149
174963
845372
415291
992763
757702
532219
865828
470068
570029
933838
418372
57422
105104
259147
960312
832480
55738
415088
273208
892078
892533
684409
278724
425167
804034
58962
617773
146608
695346
571687
32061
643889
839332
777495
283268
675628
104603
685446
943424
691735
913787
411729
799784
831807
127521
968093
480085
780788
199324
125192
280845
489092
420939
406977
862318
864031
222163
743796
243316
678682
843005
309725
451687
502671
367275
966526
495716
194657
153397
294636
261893
461277
462949
414083
45936
969724
196362
841593
264505
989445
364285
801296
935413
480975
112622
982629
263580
335716
817001
779686
6170
535425
267819
89057
251506
809403
165083
81975
73551
295291
918311
205679
391785
815402
132156
594982
260112
968743
21985
337829
154584
133557
996721
159691
608418
905010
481395
350441
5442
142850
33240
142316
719954
30987
418512
220149
323475
692952
793225
955589
196602
741089
917829
16084
119775
223394
891926
812480
807806
582247
722361
368867
207335
313769
946317
929469
537992
268562
293166
733392
675349
117021
784498
724107
659793
102681
844863
18590
340668
62988
49991
755820
360601
556404
591906
84703
528347
480297
371079
554581
35627
101598
933990
551799
529497
868678
422756
60587
783132
625043
496627
788831
764743
68569
697037
397062
686923
98578
976142
185760
377507
3962
43372
821553
887712
665435
21524
643923
550353
312291
690081
8999
651854
19184
16891
866983
279777
171374
811274
200471
82258
113368
778134
470682
181390
368538
95549
557601
997043
816855
217359
729150
471291
24134
927562
962327
212290
636727
12525
108982
903797
854324
587259
936764
895961
330499
252110
275893
679541
348167
474708
24391
194398
473797
64363
933893
620381
822853
963413
666273
888318
473359
170584
615101
677560
515924
562293
770658
3828
889455
128962
685962
337980
258176
677798
993367
337089
217080
616945
647975
126600
948724
480086
128703
464819
863744
165509
536164
575272
482428
775849
949320
316640
920924
592315
85090
66766
202121
287745
335446
417961
103269
639783
562452
808920
238187
587384
17277
526906
754037
847033
130751
833807
538392
279010
999873
520454
231722
719098
430970
756963
712804
45902
95133
339724
411362
90381
384302
534897
793415
334851
647352
380886
959101
218800
462295
31551
649306
636869
282352
248695
998430
232762
541505
538044
856409
214478
193555
738826
442217
405148
806924
21890
363233
390487
530785
799415
478406
975138
735528
817046
50035
89551
274443
420079
181660
335985
332057
928484
35503
565087
652214
588141
298454
382408
391539
381189
216409
46894
40376
199604
573153
11009
587614
453242
646232
440089
307929
23637
945067
882894
496403
118703
505649
606903
697108
946664
331109
624062
260764
455547
341327
606493
600403
149391
787266
752311
611863
697948
636350
888277
529077
475064
800757
636731
392244
173502
469419
72295
921610
250201
19254
553637
758194
564466
307941
593618
76757
731252
929149
616299
629477
709432
430303
188688
779657
576466
97605
463899
9586
459319
112619
90263
363533
935882
38794
750111
407697
957185
706751
456277
836536
906744
448395
282875
578890
650002
106995
862449
69332
733320
916040
943243
428728
124688
799169
82894
38750
703594
875524
83976
647752
335497
139908
958537
484548
863133
230595
480386
70458
123961
242169
617336
978981
325094
925837
756708
108767
609539
413184
582058
556244
640407
794857
253492
387544
789301
131674
461739
661397
592651
998562
593746
184797
218183
407980
519166
929054
42917
231941
761590
561843
552090
501691
746979
321687
213654
392736
881139
382964
302970
231790
253457
452826
277206
139397
822329
721291
947741
48207
89850
379762
519656
494916
353804
555700
878691
227849
111371
605024
232600
510260
132816
727552
717526
888746
418602
532497
564221
206186
445566
522894
338601
552674
998264
917864
273529
920127
204525
658387
40827
276738
905423
511930
528246
199757
192460
96403
150867
134846
32195
338380
76968
885618
388131
228772
140770
413611
97762
650583
767759
137420
976727
571954
9862
633025
286134
771460
987699
128379
156773
651253
933059
757977
120127
710448
415848
727010
522724
624380
282505
672047
425850
450089
896010
22630
432453
117605
892083
585824
172511
408174
328127
203564
263316
772769
722371
716909
261404
601394
205177
571422
55221
333429
807593
433462
775389
580120
123315
47463
229801
249907
680763
448704
806725
539832
438961
996850
536137
742149
151612
206383
696564
481753
588546
492974
136455
413346
784022
318988
541632
110516
739775
612940
98994
644566
85153
967871
398781
808759
720779
898687
809264
757950
891484
764565
827063
316223
993618
161146
181058
461449
664369
37371
103477
421468
154124
144245
437189
729208
750834
690304
713462
381584
646584
149800
623278
734301
141408
376279
502324
69072
764259
866702
988299
400607
70624
672722
129253
568193
396513
570211
338118
722804
315526
985831
666358
91771
359824
802470
690786
309030
652172
782830
685904
154185
435609
370711
2173
550351
917464
879969
180886
564327
764848
750393
48591
900444
558779
444827
475490
797378
561873
155985
434343
497996
116911
903449
961292
659451
369091
490788
754
941809
673622
265275
806373
502756
315350
816573
726517
107373
394239
118147
101557
828800
414182
81316
50512
642358
431458
442132
962051
958982
296983
461223
587898
983763
830176
129396
625355
674655
350616
697556
133321
745501
751942
266570
834118
755619
986147
771772
169577
87230
574408
424671
174887
139296
471544
991666
406113
494580
766920
683233
994586
765522
87271
222089
663508
824718
837646
67227
471174
666603
704005
362458
337979
442861
660366
425342
127369
586188
979826
859067
462317
989188
615655
75163
904512
665098
87131
688584
189912
720089
340704
490598
864382
229865
331316
410781
530375
887937
395115
472244
928785
414052
592507
856216
842140
598631
555044
863293
785986
861538
516410
96220
540180
644229
53265
180890
98515
679938
558019
276617
445640
229736
5024
899207
569280
189392
382067
676228
689576
723504
517869
354658
523905
50572
713969
81269
81855
3917
331963
882793
909700
859370
423469
992707
266740
893763
337528
873152
193780
708620
552995
219225
132676
729574
11195
889256
268278
585801
619736
663076
71243
511326
150535
978761
487273
524458
91417
147795
672058
858404
641223
39336
779171
78823
88896
271701
277919
436226
198866
748913
425720
121197
384560
50334
617506
82342
53933
431732
307802
330902
343201
652163
726608
166381
576012
949469
860735
69160
268822
982047
295983
130045
519965
832500
419677
378215
501302
452138
485256
909521
639632
192754
498280
135326
921145
255796
688126
814675
771131
690637
625927
619298
709150
373990
258890
937876
670481
266802
130641
263121
99875
32259
93748
761359
896556
884682
988112
232469
932809
584681
530327
20139
477827
618999
672833
929696
717137
584911
90529
861752
293876
767061
804690
573744
382016
718343
700688
481966
471035
481723
452131
782090
814046
512635
306165
590067
636024
724281
754501
648895
764594
975409
974388
378451
166701
475226
575805
510891
10311
574344
525250
545415
279293
234465
790529
984115
646635
262393
769573
947697
555758
881613
501625
821444
719722
638617
984503
320540
952679
953046
452223
858521
449494
64084
775843
524733
482098
167215
496607
865139
228802
937521
177830
667958
850747
842820
626135
928928
433921
727826
670926
776656
975950
659387
671255
691318
581036
997938
337790
518014
613724
170036
164994
337494
173081
299174
549288
565598
944822
180491
827307
347435
563620
632351
460561
750968
451344
59154
326104
747434
730537
592036
757648
271166
299519
254233
704642
21010
317447
365850
560782
633933
759867
915048
122515
564395
695582
407101
121542
326440
208925
527041
254373
272712
60049
775974
536262
893633
361441
271008
478985
916039
772165
192708
97836
188146
943141
663356
912765
12301
151327
994789
587114
5309
489768
440197
511668
225740
913738
771052
579138
884113
518475
648422
368722
394110
478894
330009
638154
803014
458451
172610
990509
923688
409401
394630
241321
838813
927460
564664
548237
803610
3866
290726
411351
766146
328775
338912
587243
324076
302656
366855
254752
607180
647588
418957
174261
493824
473183
683662
444001
182137
607944
363018
873352
404420
642794
717183
24969
730420
633632
894111
47092
13870
822617
611123
917977
798289
363388
323212
510780
159424
110309
906529
688740
896525
294476
441802
80147
828355
756743
7320
729999
904528
813414
545230
243487
399693
199676
991360
60498
164780
237629
135879
43448
266429
255491
736991
279284
979869
5291
538269
5289
468027
784860
186063
627730
531656
122279
575922
824238
137275
817162
20362
13528
128318
546383
35362
330356
779768
90834
190048
613894
829752
243999
99908
768028
343610
576505
179133
278444
54937
675832
861736
672696
852690
867210
444646
285741
586545
672154
690520
298508
539099
587917
13114
475647
967863
802473
741977
242701
827577
914640
944434
363561
27403
213738
59433
121445
33882
219618
93090
397700
767995
218183
387520
127148
148409
952850
960824
903994
49277
406791
232145
371056
539736
534068
733946
35978
366575
272406
69959
264558
497987
722779
495306
968321
149851
624323
212362
745814
446161
851744
381091
86465
70647
328060
345274
274698
883364
667993
790938
893373
592990
109843
888432
511966
829925
893346
112287
962043
814682
369788
294529
259737
806859
796951
814139
932368
504348
276684
437244
738419
49426
537495
115282
892647
174911
548603
138921
572373
158854
780418
679072
275578
403466
546594
129929
128347
678903
618236
330429
278166
431724
792061
212634
835412
444548
209191
479195
927259
287936
481514
634706
749248
630418
672044
566212
937401
195017
800168
886305
688337
755412
677426
978462
870452
707060
415128
946673
408874
345986
186021
698536
290593
795866
421887
493415
417954
937443
522096
433980
861798
395004
825217
683617
884098
623813
809474
487181
442429
21383
186855
561527
206850
43393
625677
907944
69425
289872
878874
266619
590095
310394
979009
394804
166878
137943
310757
626171
669640
164764
207253
337204
761781
923461
486262
950012
991548
262367
775614
134657
313269
332143
43612
671102
963245
701506
849078
787154
518643
429842
651274
765052
248591
617106
434614
525173
795026
347735
453971
116458
366665
776226
589115
442261
626571
481102
327403
992503
42930
517778
225412
864692
291494
451316
874540
434698
129364
174411
839505
57711
806462
591151
80077
159623
785965
106367
576293
466431
245953
730510
713260
796041
938153
63083
703301
904692
546477
256011
87366
885863
576040
25045
968439
694330
515732
631946
695289
146864
994430
454607
1923
381269
576984
629657
201992
92592
201325
693812
52725
659686
384879
255664
498070
897323
244460
697320
33176
233637
84383
723632
635817
544863
297251
732122
320700
210086
233346
382117
5032
428868
692588
668804
663152
327318
680643
244294
862365
851532
409427
83302
106888
654525
151455
392113
45428
241637
787543
891536
709911
203964
696165
346801
942265
280755
551142
984022
995638
604942
19062
150522
842398
177881
364260
857755
218811
817736
620037
939497
805234
742639
428068
432265
53378
956378
956119
468486
556586
544842
193324
41429
590823
781581
735491
265283
722715
5176
79349
332221
250377
546052
915314
924091
856509
438979
394985
691403
192969
226493
745376
782646
344745
851563
13027
515153
816456
320783
810585
718177
350492
614766
707890
625451
284844
574828
111868
912856
22257
856002
97877
942018
87514
974749
275771
897758
11050
458134
153471
795718
599485
909066
647064
90785
974248
293334
711316
904817
845501
269105
58217
202040
874030
437030
965674
717896
638025
331756
434965
336486
286113
150500
663625
12634
934157
64302
497877
474518
917898
658023
127275
596608
987132
197699
683443
428702
7697
496964
427388
553885
993094
985749
191373
30398
827203
734469
189722
210078
519010
963491
877586
828576
170382
825842
875733
860665
154501
848329
295043
755863
91199
794826
172144
128367
433577
342716
352819
601698
256842
979144
309533
394059
32135
600333
530247
397287
530625
382240
696645
161314
162652
999011
8567
614138
324891
559744
431549
114386
457895
137795
184906
395221
896431
586898
708050
489989
706793
559945
284317
894303
740726
570870
149245
400813
488419
687854
243420
979432
924299
878282
866351
792583
813595
729538
795271
661736
562926
476579
402950
440602
591382
526896
673838
137989
99772
909971
930773
331447
760863
416638
491253
336395
365560
165859
198880
126968
563198
186508
909776
598387
939525
604055
383772
159042
411650
686226
157767
804063
388585
435503
301875
996804
476791
203876
271987
913881
334476
529634
970174
693496
79088
192687
374143
698905
604214
954594
985928
734367
952958
664315
840359
698366
789524
591580
945361
79687
577141
774760
659899
14993
460082
551223
176904
768710
632302
981555
884445
779399
880129
949394
613072
171773
220671
449520
306366
967869
244179
82056
865723
429015
242820
839886
359844
701692
280346
211564
753937
33289
88985
390424
268391
159796
894316
682319
704714
796626
489502
452912
804015
478018
260801
730615
521871
918074
763761
286868
132983
227948
651506
954599
766973
41492
680822
1051
44173
147233
556860
753372
994657
376893
277202
26550
667087
221947
474683
86796
861628
189084
27627
915441
629166
170622
123375
960742
886975
704290
386665
160049
219502
795352
939705
872406
192080
298249
591224
743029
270628
92001
738206
475135
550275
210455
810051
445206
704630
35802
249218
823169
171810
541657
368698
485960
365342
947183
130990
611634
607653
85162
992588
385113
250279
342007
334475
245671
214074
369003
521517
22703
273134
459248
86436
545706
730237
786058
395601
857612
429985
12229
31975
991746
568256
659389
559022
984203
902403
959625
809636
693360
37508
41925
358078
335329
387557
399931
861644
234478
440894
203118
159290
597854
444590
100674
97330
489456
722707
210443
492383
85036
745044
468208
262029
401316
183259
135356
893356
843340
126368
721473
704180
716339
611233
724777
792290
227421
434862
660634
681888
456063
845472
396805
499138
200727
791594
125260
509933
392101
60423
790221
738258
311177
546963
367632
831128
108730
817078
363657
941784
501856
989051
224905
422146
367184
552318
159880
385372
533729
844676
752839
428523
632111
563173
496485
648618
161964
989028
818304
787319
740190
842207
441478
617293
815033
134753
51607
621804
704025
917845
245016
86549
756955
211990
642839
790705
172761
76513
538838
816722
631297
377644
364278
930449
270738
169488
898370
949653
801586
652449
500052
646901
570670
484638
389224
132277
262542
491140
27131
177645
148308
625213
392223
728904
501202
333814
684894
679399
698085
29070
505416
170597
978769
638761
161948
134390
223098
794277
504335
869800
139517
726692
490875
283980
541545
614920
414887
329710
880605
377726
777967
51327
291775
906992
60880
5908
518806
555422
349074
288903
895941
599495
541074
278907
595621
36161
801707
928638
889150
298024
588481
463687
20321
477811
761322
873758
959780
559330
877304
412187
418811
854484
52135
153990
944495
661429
63648
824413
665150
314132
614760
72821
375888
986450
896808
202168
454737
264054
540121
937165
814383
251934
485387
251477
943026
830160
459795
282960
279346
554607
798095
957984
830010
449033
106199
945894
561912
526925
377090
241481
556893
622938
15058
739989
792279
42034
394877
139519
340840
273677
517401
993223
288547
430986
841891
700214
403267
561536
706859
830983
425704
940467
171488
473314
705903
462819
556980
112067
130284
591998
281067
161977
161671
302261
313990
758987
347888
513387
522118
444213
7808
121226
158943
452496
982510
274352
690555
991375
358762
974279
267175
456869
655833
656819
887582
404613
111342
828964
157360
915713
19681
329035
641679
997076
898383
362344
383158
590331
220334
649218
811383
198973
285483
918256
149855
153036
972642
662549
766535
71172
239801
940777
939002
903120
244698
623985
912766
516204
10123
459857
597761
200132
135019
944632
726753
541819
218827
245433
346776
806409
620454
887290
998211
798716
583487
77317
175245
214751
901462
760060
998972
758136
83078
810473
952152
821674
190910
493043
436403
826107
605850
473453
362522
68400
518301
888329
779351
911701
569101
767658
279007
488153
420651
521303
531039
576789
762766
692747
619038
165549
493083
723753
213070
362383
210531
789388
919989
765913
265177
795517
503603
227351
339694
614974
546543
597098
150795
843331
411234
18436
832362
469760
235071
476751
251666
899677
660414
536685
469549
765767
577604
645402
623175
345952
653873
198638
64229
213846
348933
751999
627008
946833
868975
830948
319581
655430
628724
325908
369930
359273
466937
817324
314871
85759
383725
385743
751086
505617
143381
545512
738928
499325
831925
51531
390894
628710
73560
676345
520865
165899
349181
157186
620678
165493
983646
379909
824505
600010
852829
232211
355309
999679
609678
962994
82566
936811
891739
631677
829331
732598
396056
116585
158955
404528
552804
408674
163555
841790
738552
799891
394985
597423
673999
638405
302976
147884
268658
450335
207576
644366
565151
481547
811209
650
279765
785785
775532
508423
975167
963517
891158
926673
195962
235540
788018
574949
611781
886148
557882
28204
483780
729569
872786
214149
58353
34987
117505
756923
809056
723541
70412
169686
577837
761185
620081
156813
636484
676518
969213
371097
604492
723188
303562
607844
545137
775566
600025
772512
76044
768918
8455
280885
137714
203590
298159
450130
984214
579098
751709
499045
465179
12556
640042
805797
939962
742391
823353
54988
643533
210141
882700
800675
507382
506756
237444
154485
821358
276283
617459
550437
178222
526394
821792
212188
510899
86247
725782
653082
614386
737461
173161
916910
953688
359655
482566
631168
897788
125811
991478
986060
621604
808577
633775
774825
759921
556754
206615
339783
704616
89726
768470
318584
600989
204437
555990
580069
787966
293479
310106
327457
120313
360800
299512
770458
247691
888267
935668
989995
713702
44471
404923
982543
689791
560695
841017
669233
93681
136898
464215
658271
38865
210107
751956
864092
785615
660364
147647
172500
483141
230123
108558
686506
858271
366463
978527
748142
462952
340379
328840
766314
994477
271912
657116
690971
961551
614178
354429
780861
987499
990777
710937
275455
723742
921623
175747
912534
424503
408577
782574
750446
282877
735383
589832
647610
325081
343221
954609
417452
128610
139388
85974
922369
656195
853355
101038
631604
596811
267729
99986
311569
430105
111600
349293
156034
842614
251829
529898
977673
825562
964728
314486
935641
990925
138138
783765
413146
623848
178114
574811
329517
818321
321330
10355
202270
287266
652357
129436
321189
179689
26439
909300
723545
925192
590833
556525
250162
624251
182911
630492
504057
678073
910704
462704
512462
388148
713498
489407
26774
730811
199271
449212
880255
973503
546800
366661
219889
253875
501620
697945
121490
405196
883060
533671
878582
357672
404399
310977
910306
529227
720501
358383
451323
232708
44330
425056
296400
907118
24346
331324
448769
969618
806771
952405
239946
452778
905251
730427
673199
573952
117583
675886
441030
937909
931693
113198
547996
226398
571390
833903
597893
246729
767147
894889
695108
270429
914939
901579
461010
520095
823471
548495
650063
682705
234619
972137
524162
167285
286241
708121
349519
878063
643242
636960
616628
498504
973380
396111
297151
130063
614771
367226
965200
136474
281013
433932
85830
395050
150327
413556
443145
943212
330733
155261
284212
265436
195410
424508
224925
686852
131324
80674
782146
695395
746522
666993
782737
86761
444558
940492
6548
555805
999265
271527
937143
545505
126503
838173
277623
952334
382448
556640
522985
510841
164648
258826
108580
842647
932812
283986
609549
295421
670793
891227
613629
416575
634739
413991
951825
37754
274334
81129
821325
493614
524765
168824
408237
168515
292629
77471
581194
341164
142397
668817
712870
463529
335348
463738
90388
158246
649534
888880
696774
477249
202844
989896
50101
708777
203592
489350
660007
878882
92298
723436
205600
454821
417082
551859
420455
931875
90131
282712
451635
66154
760815
949389
206195
293217
975332
7056
488503
707117
340027
224473
977150
830454
869578
777389
272412
706692
800877
92880
723528
147779
175845
738967
712640
734629
727052
470875
956249
470246
585524
131018
647334
986091
852060
574551
233220
854852
935374
13202
169153
432912
96792
932562
776103
345920
24485
921998
356584
786612
993911
636171
76839
847553
453699
933296
408929
496980
590504
588789
663414
159600
79309
395386
56536
434643
25815
584116
58703
796919
732677
414082
184806
864372
886824
945821
263157
178946
998657
791790
183756
469212
147897
877178
819641
608193
896119
935608
14071
234260
214818
895620
195123
546596
919219
629484
515131
504197
960437
477415
157510
660253
266076
923493
332250
686715
605439
103296
620190
302625
72948
925586
957564
905442
975303
733026
632946
289062
994006
758774
825398
82059
726348
758604
612612
79654
226808
794851
390213
136551
605641
900468
179229
714011
399849
389374
875729
202506
182002
103295
404884
555840
718033
539262
63853
203689
216310
505925
51270
836629
461173
248429
613139
796188
875260
82513
625052
589211
991793
310692
252969
991196
681512
591391
672522
976276
445374
36819
118464
391109
642901
371996
524171
154756
654892
750710
570513
627477
2841
303657
136552
681394
738086
653472
980160
297323
306886
420120
251824
618727
79730
595124
670171
604104
855909
31533
918591
102637
315184
605286
884506
792209
448442
785821
435577
180688
150488
258365
167774
634442
288261
938577
393741
742880
38910
183700
692275
328860
468477
611108
27636
504877
156495
578068
117711
160591
767252
674976
73456
361289
287443
441980
718163
889808
917815
727749
958543
269833
552107
672985
650503
465708
346189
439426
702568
555588
814481
107085
825951
584274
533429
854777
728155
210385
977052
672907
45434
238549
209354
498239
66515
443405
213883
874968
928351
418407
993376
546456
215556
991954
736759
564620
840959
