9485
20595
557917
332201
754834
743585
557158
683371
123278
786775
423325
663262
461896
682044
906719
919497
776132
674820
777711
916396
905435
180944
70388
445491
791043
633137
344275
793924
797943
432970
890665
822071
696899
761043
491877
831013
197550
396474
504449
847769
866627
758820
754203
779748
877694
192977
269300
391885
486096
212893
885316
693157
327311
109346
716791
933943
65854
692219
836232
313886
971380
770340
337081
656114
718123
322493
998060
801626
766759
410925
616609
574661
817216
27043
732877
796852
675278
946424
472275
569839
653361
920560
354273
720343
656890
469344
840618
423387
126202
438057
39739
127493
68581
693474
271165
687788
881761
162196
222918
193740
358769
148638
378139
162546
825017
440249
350342
54225
693229
708438
46288
110643
906202
215332
990172
293897
957265
537326
289056
673763
627115
427616
731456
846907
508478
863594
591305
356971
222683
921597
693319
773247
301184
997490
692611
454565
237217
464074
42716
691713
613902
548176
985984
722397
685056
755803
421640
329854
485382
830831
977838
591825
449095
947907
263851
925700
405491
309022
183857
715122
616715
255387
415490
500918
362057
71179
90028
192609
903532
102457
714081
418758
569572
571656
767031
511474
616983
693497
558712
567929
114190
405257
4071
553451
82432
352503
166928
52646
131704
846371
450634
442309
266469
556050
229837
61750
89342
603854
307946
547050
84112
215467
643435
386277
641701
367716
463239
908341
486355
370979
661634
378431
283038
814559
905631
510836
334091
828832
21315
871715
675778
437662
643880
149993
366878
995591
672890
352195
673429
363296
635345
14852
616319
524355
821324
870114
322181
358918
640198
44394
608999
44540
663800
750804
596777
346965
168683
666033
968155
109153
533848
31744
89476
454130
659358
489377
750762
430046
775006
987233
270785
275427
113910
911539
853294
78374
621529
24256
318646
766548
545224
896469
704456
85865
745391
434555
756899
859279
463518
249508
865061
514206
368162
209473
25266
294210
571520
192689
295869
170234
430605
379795
687158
838461
502061
813308
959504
343415
935142
27396
641901
931505
943008
627643
171689
593806
906427
261818
501120
984305
834189
930451
918173
555004
923063
749674
583552
875508
659490
207453
279242
648000
991579
872735
38248
460944
514633
527586
879962
719707
188743
299250
815391
863744
247586
564895
59135
615950
692400
556883
547956
838751
878091
946562
932790
383647
87913
376766
381794
128106
240537
861802
944006
817875
662172
763271
449803
622146
407070
497386
699136
197685
726864
44814
170559
49511
398115
405766
627518
714893
435682
760075
680564
71549
297580
603955
975077
122410
76621
556227
482316
165642
347193
704539
595237
617752
920804
59855
538964
211061
900673
832215
255285
57386
78548
933788
231553
552520
932854
127282
868633
111601
616805
687653
351922
543471
925189
790892
592606
139969
304055
345723
829427
555831
309973
212724
810138
517811
423239
66109
418678
916687
321541
641964
497326
542493
235369
42527
414745
372937
388719
444009
2437
336987
323277
940647
880228
798105
604521
149040
386708
336713
693884
994154
323210
883220
151041
690362
791770
742919
769177
180819
712293
215154
80574
579120
162527
643315
617314
963868
105019
2189
317283
713646
864694
166257
279213
433363
780093
33311
577453
323972
587260
697318
94254
383254
239108
182471
948881
779888
738968
66936
815597
525014
378645
440836
981633
716644
811195
436175
213650
244887
112284
399096
659046
195526
534559
872151
874395
717998
455025
60261
792420
487658
44682
917819
641249
446017
251479
311027
464859
870426
941577
116971
951641
817802
63674
388904
805345
19726
985975
884566
313550
894420
21102
998318
250506
854772
943925
81072
25769
716348
738292
730256
6435
194920
28145
750893
746539
682417
450103
192316
159024
151548
793761
511171
724015
111987
909704
969154
688371
800369
826247
778476
411691
185815
404199
238226
238566
486652
602796
948129
744045
378433
762363
636546
69820
224449
55462
72799
483743
782759
829846
900230
82278
858139
598036
859301
620165
614933
178676
103861
843722
85970
388894
619124
769019
725667
445434
604746
947851
870242
691959
65869
212601
297280
545912
578272
357510
688378
561885
505014
115345
381034
740585
261301
674128
735610
596853
71149
81779
78320
964327
527482
650611
195249
223634
599443
621565
910299
710969
367951
274987
42763
44761
989730
538046
589281
619534
383058
93718
502473
306581
501972
268733
588261
650988
338691
990557
683353
649238
95932
163090
689714
516859
862936
345882
229683
111596
460743
948521
9534
310979
479110
996569
876636
376424
821308
652223
23977
943281
591927
705049
858783
886561
717630
934883
136445
889425
442642
912712
305619
60333
296198
841206
679533
407445
911096
94410
549914
193315
140587
896171
642967
414860
714178
762035
202781
34015
445979
389831
868740
365739
337478
859079
628178
5438
449185
886689
222565
331271
705873
884224
731320
320285
976223
337378
146389
123161
664044
830088
348951
854429
393939
698310
569179
436024
291737
582458
361155
740898
108883
335065
872358
482145
552597
96805
553944
112975
732626
427195
656401
538674
366933
158344
858684
755787
384347
140316
186462
172138
604810
355735
596065
596926
208274
177791
340925
145387
71007
507572
34306
41876
518840
534267
815876
701944
505911
633078
985186
440440
793701
566388
369717
115638
806578
476389
935570
554202
373837
956454
174973
245934
386278
343675
743850
789097
691262
557402
297200
501257
957799
958756
691917
140825
30430
14639
532368
268114
417153
356350
444839
647518
905198
618258
395333
707256
11514
454105
375279
784750
87243
748933
185188
563976
978515
704696
916199
971907
682473
565979
706602
89846
734149
284110
20569
762902
818584
33657
386112
616917
542662
969601
811097
190885
250497
218711
482870
94938
783683
355370
297671
282477
380264
861821
639625
331228
451493
34515
129676
496303
954857
548870
32735
925142
889934
924599
302553
593839
630908
578975
338502
885283
603675
726852
690605
927344
803762
62152
60283
391105
567713
118940
635534
816697
112503
971409
131487
83598
258929
526735
675660
560338
591184
69854
899969
539278
492630
384033
878019
31239
696028
337380
153240
693218
299219
376266
405079
791459
765461
706089
930184
558801
409447
125361
351799
154934
399758
351687
478298
793730
543050
897904
306972
995471
564723
517416
534085
654272
444591
810131
425352
643778
176974
12363
57450
943028
514626
633432
267786
191395
432766
414525
213841
318190
852777
478575
287414
476745
249535
417825
462126
511708
587653
262714
781487
223755
233254
489896
34080
889553
327535
764942
808543
393349
166116
659801
58414
57087
229117
795824
826299
995604
788800
167497
62666
861628
778236
864153
505601
683029
903391
969380
187535
504513
775733
603058
530362
742186
364349
446626
569797
501797
765354
704472
939002
917940
323251
692369
814361
265126
86295
18264
427805
401241
781489
193042
101031
668192
500019
438579
364874
957119
235458
842323
707890
544851
15534
638171
846769
679823
910476
72537
443432
546080
79794
614964
942734
937202
120655
163705
513696
101132
663717
245907
397861
648151
550179
181657
636573
446908
255715
295170
604805
868522
86716
195380
883850
313207
900101
772281
617480
267614
733607
679827
495101
651111
693406
842022
54543
359012
535052
8723
439094
695063
856314
579302
861831
261745
178347
474149
667230
663093
150687
477385
62440
597627
590049
237897
281290
687633
269837
443345
542258
642620
726818
682834
954040
699420
858047
690866
752176
639533
26430
596388
409230
143338
507946
558611
761526
625100
41246
415609
74016
873264
298939
568780
983205
735766
332933
526615
981288
892037
345051
98342
510564
786957
885393
397402
601165
219748
901739
506845
3045
458738
414713
885808
585247
125096
738570
781792
965480
14539
548814
846296
610518
930575
516748
863055
929776
271646
739836
802082
815064
466808
6786
504252
818897
931956
676807
815345
377265
971812
30006
206954
914404
936854
461520
214907
958618
858871
806957
376529
123470
62547
32592
529735
659892
162359
212773
528983
801791
120440
63321
361261
125452
483468
470
783703
192622
646101
811162
514073
335255
923134
998387
226206
914335
362494
447897
241480
818228
945274
348903
904232
712799
102407
60600
332169
174126
836429
765530
420839
420804
741127
176626
871677
822521
712486
836908
139132
33967
806421
88476
312408
972658
901912
888502
398651
852555
298190
457126
131293
931554
779029
118285
52395
534477
5580
347162
437348
995257
566771
195456
367363
291507
943663
7641
368919
31124
969707
99735
432430
23559
737304
835746
545199
489912
27476
369748
351367
148379
295721
71757
218684
57878
847020
521843
791709
662796
286342
639753
116442
358855
655183
775275
73520
830082
751702
807076
597565
130704
481341
901164
453105
948139
298177
551681
731301
814429
914904
835616
636870
825796
21555
841120
45033
306438
464867
820332
837891
361170
379031
102683
147760
550542
692419
385902
598897
383266
324317
861797
117235
674465
362177
809598
329354
849103
138613
173899
245885
164947
657222
672814
574714
595706
893969
646708
837034
793893
46686
894476
578271
673361
19046
324963
242538
588161
160693
359709
285386
132810
129514
787633
621247
864315
595996
23649
987388
495334
804183
553813
902458
381647
549060
372307
282473
341617
130278
838045
813761
695783
166209
357160
688631
308030
378197
210548
702284
311700
910152
102028
457727
241580
45921
169244
151203
872466
161904
756394
975691
78757
722316
906803
637345
182086
38837
322211
252374
685212
920215
266415
515316
401089
798256
681363
345615
518796
787464
558179
16793
596987
989535
200016
893461
597629
716262
197690
7844
686106
277347
62252
853883
652416
195511
666297
907638
764651
69564
893552
444357
889967
394952
89086
927556
289701
802511
674337
129385
244912
697765
941829
210071
9835
350816
178941
647503
87345
410779
302239
943366
798728
74455
390460
110033
85610
150653
215034
904189
821490
550079
691536
114107
910048
304028
987742
530296
63945
456834
967527
456459
927326
293517
346156
545160
904086
6126
876646
744241
950203
109735
616351
697164
940878
458482
417645
28112
434520
666753
471180
896313
964367
116769
99671
255611
162785
422520
608355
821459
539487
912749
238264
735480
389129
697062
618925
624049
672690
25964
465439
478976
440592
997740
634125
198588
722978
79447
803219
600252
509758
226088
515137
777071
945526
705605
22104
393161
126310
149759
964321
699288
251933
151412
257897
987765
489510
22100
645724
813781
377266
956992
543101
815807
244195
373390
537407
694872
186743
740585
544003
807386
408463
5398
907695
387427
807836
931025
467879
791658
13605
1814
28331
157004
810230
312699
795597
354308
358441
854458
374349
969530
981642
48397
354963
329458
299561
774514
229703
997029
817729
501774
349776
624557
981696
563438
114280
73689
993459
13480
686233
728928
788048
33888
320215
613491
582111
590182
61176
871339
372165
679997
430676
516578
447534
28663
634165
661789
119510
100475
655227
683622
48245
801513
167119
329209
560709
797524
587842
343956
120177
775470
823681
22833
869851
385410
199863
843856
806218
852058
36287
779501
160367
190784
747716
894674
597714
43746
89336
104005
608926
531855
726637
389793
639621
241181
626067
854274
36753
231021
23247
855962
912457
120839
452276
136737
536828
689631
58016
611433
872749
56889
664758
36175
484954
22056
786163
877645
579691
243762
928687
177197
127668
283663
570610
54168
554855
257040
635057
222221
552601
955357
753956
602029
251119
791
750469
121522
81445
475100
793894
997760
30778
780840
127535
779668
19708
949208
88244
640921
325803
47434
547887
887641
82573
286753
833055
832784
194254
101669
931388
376733
678417
164615
771157
261906
861399
961282
6088
586922
694922
111516
223389
237786
813159
441611
878656
774528
34247
966517
135642
220664
548424
858832
352459
333262
150108
637353
367558
291021
735918
229504
878088
513590
264748
83023
368822
334476
86901
595371
255570
58444
9505
231108
675993
383867
437159
764679
216765
965335
44271
793186
893562
851631
633461
239847
227607
148367
60822
7498
467132
975123
708411
828293
987370
70812
583647
66779
574746
888289
367358
675064
343414
749149
531292
14519
38638
474982
308206
946238
715769
691486
300713
261124
724265
82178
716134
404147
913640
234144
949039
790889
995540
647269
184617
434520
919413
923668
310429
262284
462231
672723
802277
89997
954377
749728
567727
664794
635440
985696
597489
25750
641992
43160
794217
744511
503097
767989
556943
585112
839506
745669
9627
242345
963812
867528
305900
596637
593277
886113
277212
111689
411264
331623
836637
981964
713054
796953
561999
131409
841779
362094
824546
889777
779519
812873
33123
340278
5887
424715
632613
372410
214759
528195
392973
803631
104447
337472
878393
105912
707735
482504
936269
741875
283048
879457
97884
300762
609033
813260
601968
55103
632394
706641
160887
583541
143921
522805
820426
606733
662351
328521
510874
824446
546941
711837
603257
37342
956216
492561
201475
889549
119511
411275
242343
4529
380517
861700
387670
359643
169311
926589
590726
446408
412875
131792
575075
704708
202291
694881
484115
667561
417341
622707
505636
582150
64552
755543
651285
99995
234085
470655
66494
791552
820751
729840
179356
948708
485705
294102
759485
8307
374515
973937
755204
101329
203400
778861
247898
170308
916247
647568
393905
710446
507164
74125
452470
274999
303803
649461
63443
372233
873240
714829
20382
695733
453781
378618
738785
977203
35945
253465
685638
641990
224282
936107
718303
267070
687639
989294
508880
418711
840308
920967
480410
949183
958210
352026
509764
444725
862602
566588
808743
242701
841894
985024
766807
954704
490493
458990
509738
886336
56793
730962
55398
958904
693607
209008
523531
946802
966730
108501
683129
148259
10524
392136
204223
496769
837122
22112
883970
663140
285610
221871
951175
369162
79140
69404
766813
611957
236442
556046
204330
654959
553901
620612
848
972014
756590
453314
608699
618002
858294
474790
302922
941898
888483
887897
782167
636567
255983
899489
580517
233065
680594
285541
158693
266980
839141
460645
60744
146752
142305
827477
953381
694329
617461
135672
285514
833860
731623
313892
8065
835119
40871
582453
814002
160989
618685
26964
37158
808927
313058
275039
665126
34923
776106
698614
855938
80251
2910
917985
365229
966724
895400
814689
695813
192081
54695
236114
658353
307388
256675
789433
185380
861705
598682
675568
323070
915231
528121
378667
881617
469412
179750
464998
90496
521908
493178
62829
621508
983293
688460
331399
18440
151545
64040
781568
534772
541577
715871
654994
767048
909931
394360
405423
838494
164824
349380
876526
959441
414909
849167
98575
940477
82451
826675
388781
482204
183325
607878
691775
898319
922750
338355
585354
558718
594356
264294
659559
980758
331445
684193
825068
353649
796324
761452
208442
387092
156656
331369
989283
713361
121033
353989
589493
428301
931968
368395
192488
943196
601787
194963
491743
219016
370897
301975
635742
877681
117064
873189
57865
78350
242728
36081
397333
958545
809531
578114
650894
699305
840996
807949
639811
885345
764634
646879
943889
32870
190527
635891
380555
123109
240545
326371
609667
203219
624844
774396
448632
517510
851273
336298
11611
511361
160120
120850
985023
652877
75717
180543
145502
91778
986506
545715
855042
946085
696833
20063
102039
146219
960548
242415
965002
316252
514595
153596
260765
643027
678273
13285
298570
110689
865612
7224
890769
976978
483959
684681
157024
741319
343126
239333
663518
99586
103157
954465
388629
834881
938004
614219
623610
72065
877763
266434
898521
688291
123670
377378
150689
712940
414470
222807
560714
325415
552356
999187
728031
309093
940794
162458
324395
78949
904704
105274
190788
430798
414648
248665
542255
242201
824423
527398
330862
729419
175344
424305
820653
53344
872590
355991
397509
300740
502701
911766
444266
18874
456678
503103
674744
419679
790934
134025
588885
744009
977113
475329
841986
174538
372392
339615
635651
232656
353997
130549
270953
169070
310270
958145
440633
975989
720798
633569
728059
364668
354251
369702
605280
798080
218021
601408
424848
571108
920093
79129
870096
390169
663477
22527
800013
226392
845337
298233
324999
466572
260314
494970
229725
586254
566723
529779
298737
292872
253850
852291
43319
476987
76149
2762
315231
788571
503157
646491
217821
401111
295332
296784
445585
20087
758055
476855
299096
450975
367712
97577
897071
761968
654946
960955
48254
211598
672657
731790
680649
991932
613014
724866
356270
459234
804669
885639
959900
359729
116779
36755
907729
795037
854143
57904
933133
791305
683715
121005
498456
643585
350031
860596
601069
189728
77946
752956
392770
632850
589630
702741
877621
478516
650599
652512
98772
138456
487480
173281
544969
156068
391194
73645
513184
928986
823233
20478
38775
825202
238622
253477
563201
516451
642362
936670
570678
960128
854966
350399
974491
576639
54172
326795
116009
264534
445281
305123
637405
129726
790842
212316
630043
274458
596951
249004
251648
774704
274240
681789
845123
531925
155595
33828
825094
778408
831927
901611
430975
587828
542441
774218
575678
506553
423232
472117
316250
77189
402903
846927
354556
321403
193814
61308
236679
623413
821877
613395
316259
775366
370767
903859
283685
520152
209054
327981
346780
10228
991065
968223
201211
37537
712103
308896
140062
779363
303870
977175
70266
194532
390237
673382
422118
452081
789282
514500
119424
715739
936457
574761
457149
401342
139777
181602
180177
859294
716396
935684
114935
633388
159540
353021
45982
828009
627333
493062
87728
101218
421610
512308
899263
364121
519624
695470
944206
743108
435505
312377
76282
545135
256550
679919
207172
876860
967020
598671
483836
541003
783177
268973
989706
968820
728155
889994
485788
149425
520470
512894
243431
476569
756696
221906
180892
530247
646443
782378
988714
655513
320150
241247
622185
223188
449056
22635
173738
884773
329378
624125
618776
842178
164744
510893
799434
931247
622116
829450
612585
742877
16686
543950
22073
522477
984412
307251
520325
882642
804890
71711
20587
349652
103783
739770
669185
922352
331147
405600
327907
376797
407864
884210
470299
691049
486141
94407
871531
173250
320289
138624
928249
538513
322338
332281
613144
308353
216010
873628
110831
459038
872938
117967
511368
73048
926774
721549
86007
644710
461501
325203
777829
361863
650115
454832
944184
614627
176572
792383
963360
283152
739623
150898
835201
375922
978117
822084
971384
913914
363829
136336
669068
422030
371822
777728
597619
800009
897560
224798
329726
329433
461575
161158
735649
283591
795285
96444
775395
689236
82266
62362
243742
785470
922763
265826
553716
548578
925740
924530
937231
676091
519603
505429
261778
438856
298491
965813
431969
446604
91489
179951
244233
786031
259711
509055
256206
892226
103171
911514
778960
425248
408363
420635
256217
842352
41759
768853
658693
430534
623082
947591
967246
605097
277078
480301
256244
800879
92580
729907
1285
173893
867493
200581
708814
449931
483512
12097
398110
771100
143841
558862
964723
785707
822849
300038
802116
757576
270392
381711
239338
959874
858388
101639
576108
907687
747700
808541
260262
966119
348925
32637
219220
750167
891576
910499
839040
512913
840455
172241
993094
743096
471362
825179
126977
622809
856819
191776
838100
148845
37993
965203
547479
622651
423613
116983
904923
228634
906143
232617
407900
554068
370267
499287
387778
197671
830958
777807
390612
228709
97727
562418
288698
997051
596412
753415
552685
150158
48530
885419
809853
340865
472008
789158
785150
326291
643449
584346
517456
130214
530796
722837
445450
149082
661714
389317
998659
269400
722331
34187
428092
756971
50293
247080
428141
126856
457442
742804
498922
963694
736628
541997
516594
73896
836520
569228
897172
838896
345245
760116
289983
93678
768431
912612
966948
523357
265396
820940
969034
824847
206994
486684
647534
182407
669948
22071
123668
276036
739783
976838
625390
582045
244333
734442
895400
302279
643165
587209
437582
19892
429884
159945
947291
791446
32188
569051
547999
733890
389719
964783
537227
552175
243881
61893
898588
392413
111784
699300
683426
325842
562497
51811
712492
372031
163727
935588
852691
439234
823418
963745
120927
714693
589226
649822
372185
528451
40103
135038
512814
188075
558671
359794
756348
556637
722162
177228
844156
777041
483406
374258
715469
90711
660322
286125
916249
222520
932913
875425
950118
560828
926101
178071
218491
826245
657212
743734
463020
307033
383172
953809
985092
452477
924911
198234
615119
779068
198915
811891
466689
852871
471553
352805
348806
622646
351615
328297
177959
472621
676772
509412
686678
637977
990720
27569
286550
115994
336454
398806
182985
93691
103142
466903
735640
579292
651979
863721
625849
796977
889198
437631
32160
29347
247829
733761
451716
490260
485036
863963
301516
71872
307902
627122
667926
727615
413328
63280
190500
247142
845914
664192
353636
225742
636323
643670
764763
274092
492984
242149
752173
521119
264840
198260
998795
364425
650079
879691
399801
166740
172221
654279
54651
576534
243987
751821
855067
577423
455513
818075
493722
910159
944079
180282
927601
85237
610510
286032
616002
901394
856649
351058
673120
594795
520101
850838
448887
77149
159219
125254
906714
392475
630022
738737
68648
828819
516150
131323
635737
418671
876719
59829
76906
805048
487670
564359
136355
749268
811706
211978
490050
11376
135251
389042
386950
852153
580633
471976
752793
853315
798883
530358
822874
162957
645211
805852
180231
504924
493755
954367
40068
976387
497126
320897
671178
156804
333157
97516
182575
38353
389500
765255
57293
606315
519913
423755
151314
511916
979320
540272
952228
71584
634310
230624
611310
724045
148752
891789
604620
247891
182
756382
262095
667630
498322
419908
687085
153049
192047
428843
62280
57549
526568
138381
586905
862760
528735
532640
828601
266600
791766
685744
859404
273622
775789
669127
627978
28991
92409
730504
34411
316445
979645
985371
293743
631573
268999
907010
793863
267674
410729
580874
127779
488495
117907
54558
323609
789641
604042
164022
51247
721618
889607
266348
777349
489290
530414
392751
275426
464456
238697
268304
20569
720543
554977
338938
962263
398620
308569
788863
892684
604779
220454
227021
329460
570392
979599
779263
533825
178611
291645
336464
661415
664462
351583
225962
419715
903968
992989
344284
313769
293004
351286
542507
410056
389243
701880
130623
498492
907685
159451
791550
389233
292143
297403
499190
2158
668399
67313
523444
446661
523019
587340
254706
166870
716479
643377
746732
647995
799165
785228
71955
12307
528110
782386
593691
174
825303
379541
460079
443154
580759
626211
484996
278504
18892
923707
649163
912134
596374
224332
110976
315226
294515
414476
469536
922159
429194
373459
568439
244703
384323
234130
81879
621974
460243
911538
774757
151422
857493
565133
92429
731149
294676
278083
265429
12583
400677
393146
913103
979440
592433
4726
103145
889138
57489
686993
650462
646120
501586
432151
363855
889509
934615
796736
558892
139364
66398
144907
126284
231533
748827
875507
363485
81184
508288
336464
297461
278753
489054
534157
524167
548320
852645
378882
56561
909251
104647
921774
967729
828211
154491
674002
970424
47424
721822
760556
681239
744434
234228
504335
50582
50733
984267
674523
506724
465279
639680
427551
863272
495178
977563
444808
797429
980169
946454
161347
401629
660736
832315
599991
890909
118340
109611
950680
357813
216548
316602
804842
787291
693299
124344
456787
215557
513715
479755
55002
908004
949024
631480
556418
540593
700566
101056
861437
362911
729119
241191
706575
421744
999325
571472
561408
244004
213072
594819
752573
844
153285
167505
837517
299644
368348
125199
915307
110110
811892
339901
18884
782052
677109
897035
11662
402261
677753
231729
804674
601737
772888
495740
425080
238576
337806
387433
984158
546316
536011
568554
619157
308415
71576
67717
78505
788670
103585
684508
702378
378405
348707
69703
433899
874789
66099
709405
589591
495512
20328
782866
793707
968757
526246
208570
534803
963487
720136
589996
110053
256984
865513
486850
223476
555922
786895
865852
614930
440614
10677
896772
413734
772958
721588
400332
90342
358508
305997
716499
650864
859198
400469
129415
272523
263593
527997
134917
534773
953154
855805
761276
875496
788940
658461
191343
159982
939083
252512
162584
490141
632439
769549
42
162802
50124
887899
52592
279622
563582
3640
768209
914927
788042
714422
868980
767926
722728
257747
845760
110192
616861
627363
690236
935099
230316
870428
372630
504599
549484
40510
55103
911774
813109
485085
916211
274657
706420
871180
532694
760353
706783
69480
353338
315815
183874
494590
197757
128704
478263
144410
586768
563609
778931
721709
79634
976435
547837
504602
219994
496386
438843
411293
30932
960936
720549
90136
962178
795209
369818
265852
414756
278922
423441
942416
512051
915883
88488
264673
659591
529279
935832
606406
793496
291972
756362
120079
225057
492899
14018
140746
581088
475077
703098
549873
942266
871375
610698
363699
891964
949884
548226
118685
237373
124758
427034
763685
63775
848209
401601
546963
781044
136260
453777
28877
226685
789764
893476
195453
629901
815007
403776
160225
373388
554674
73453
5102
417111
326120
18472
299170
724165
999311
804016
255909
305157
494808
874493
117723
604963
513131
198672
779977
243113
343269
457829
60001
247458
116271
262726
283115
814458
632508
94714
983762
342081
938463
43610
491913
612558
422214
47171
185880
416704
397335
31015
954375
522592
154341
473406
205733
724194
672655
684763
568117
4362
930293
438809
327990
457900
470680
436980
695118
806219
774925
420467
972562
298659
486430
118403
536756
208643
5757
542624
171530
228817
607654
59436
894839
263665
743440
131426
520824
823617
733583
977188
710861
346236
46025
705968
706113
154494
714962
911601
436824
209830
384807
313266
923925
58775
505860
369709
682277
293401
740450
410242
308971
995742
412113
846915
753641
822878
830765
962028
374088
452067
92032
229872
80324
837089
729204
735918
769462
892221
488243
467202
654783
925550
996573
330360
583054
344449
696229
793628
149647
70262
95497
300461
698353
606984
8427
513840
363921
673098
841937
865184
602120
15597
84918
266370
245646
832862
383754
80983
446921
312460
203533
796651
819382
61831
459011
420619
945587
549060
833621
7636
798502
842173
452548
888037
179022
331893
246730
448438
482532
533721
22607
268162
609133
581442
904709
554592
11167
831064
465888
487600
734061
918032
799477
621808
769649
881941
181614
591342
412789
237765
740264
520088
740766
465234
811881
101487
18678
446921
393921
354266
322709
180271
308860
702871
328874
543047
317376
559372
766827
877745
419338
155900
633943
373677
276352
460053
362020
10108
289970
700773
221131
190567
764657
568621
670316
333785
355980
848270
86878
612071
716708
236640
77975
900784
330411
412514
397237
927584
245501
116619
39783
344142
240794
947711
355067
590149
921664
847837
563012
188064
686753
347061
404391
631759
710342
465495
813826
612982
357632
755527
254714
32692
527046
815116
146400
471617
255728
213031
499392
531824
605519
54497
989061
658196
162663
448317
926540
784703
418122
442957
80451
709349
374609
752097
932030
420256
275258
446426
760982
355661
847321
406556
82622
533971
562620
554786
444195
100164
253600
514667
443967
86043
75529
352530
199547
601957
194946
460283
266623
488701
608497
354921
922263
469424
684630
258157
281987
524415
357984
91769
235995
801282
76076
43795
799773
740905
346075
992805
419669
919710
829326
81969
91623
991558
84545
645857
222780
334951
104577
801980
668487
949860
208267
354037
140979
660835
930243
303070
287851
6799
390926
767546
748485
239033
352076
898351
55244
301785
781173
651034
123816
451187
777359
437565
199980
890069
765001
136595
515196
663293
286583
505477
92185
899863
11627
504821
858635
149603
901292
622647
34922
580853
154838
540703
381896
922198
58254
757109
411710
569992
407583
858373
464914
617063
459510
906259
900930
355691
159414
333996
155888
420298
654457
384536
70057
396474
725156
30956
993747
947604
103654
800828
736307
357396
424077
212333
265049
644797
109061
836263
356200
976474
761773
995690
3398
787550
797719
433720
61596
451501
259484
946992
863690
190964
840602
1979
803883
867507
713100
604575
301376
784411
67972
530737
919547
712081
740359
825127
697578
689618
104581
892428
177278
827826
814771
363020
577912
764477
977927
594543
565103
376062
397456
311203
924608
82525
932335
425393
326418
778339
755829
867090
697028
422298
338523
419675
527862
630096
533592
707027
122033
602042
825699
542053
104564
696948
294021
854896
759068
862886
933913
113276
736622
974467
18979
615496
320452
740779
550667
996671
18195
115760
530613
505160
697429
488950
465790
243388
233815
786292
724052
505459
69985
884311
41074
883831
347389
370117
853175
159834
781542
930302
574946
352804
976654
372063
612012
663012
702412
190465
948290
824487
508833
266430
811230
329287
275941
602387
744577
456859
798419
651617
318799
921292
954798
803022
622470
296711
683214
772169
609628
931470
754826
980074
211637
217578
735811
923639
311550
817275
794763
692483
384937
774255
580785
907888
906245
620113
416618
431830
955833
539897
511838
851324
874973
171746
67340
764227
422836
639000
141402
546211
177162
934800
352317
213324
274663
958802
49665
350702
398765
228049
963637
941524
136403
730075
908535
745131
561406
411947
853976
599841
337657
599260
359403
869609
88145
283832
124015
318107
11792
394159
138646
95095
916
196771
811761
171338
682634
976224
415099
128809
25036
464297
150527
829594
264597
288749
185766
194323
904477
880473
191265
102170
494614
387335
73007
136843
149441
247572
148555
665848
624813
479311
775158
695658
703821
452108
799580
792902
600949
940121
873894
579339
510257
41352
232475
131704
341378
856619
284211
977483
272438
962014
655418
856291
150690
995582
522270
495943
678655
254456
520597
763391
67935
869628
484397
591072
637258
273359
299121
85734
784377
557056
757941
244025
153454
969650
550783
110290
195054
14936
153298
664311
826397
880768
746840
512930
807860
513606
474731
18624
138721
377449
129088
541845
770747
401786
974384
319484
57631
77936
650212
735564
245228
525017
256157
931223
715801
1451
284638
9100
996206
353465
849590
92284
368997
391233
976814
232761
666526
813922
179467
168090
48185
950698
856000
692060
696788
876941
908083
824547
507169
525043
710762
329310
152418
648680
93970
44936
834180
480887
287596
276490
268053
154384
725268
217533
14948
575782
16112
758798
582388
851414
319729
762555
871260
358081
99465
951418
598462
310074
875369
867640
722530
534875
169653
901438
23406
176754
99911
134640
819716
957401
540061
834800
916024
864547
295456
942111
580396
226610
447570
519363
670730
88486
789011
932356
738590
325232
692623
536529
31246
675076
751239
705632
362102
148653
465339
741586
434468
266746
237617
662452
641581
304406
31909
595490
18346
679670
264590
757574
694611
815531
478920
928638
496182
369495
901538
296156
34899
332988
214726
208967
130647
18224
665729
135742
195699
363757
404783
492669
318169
253573
204804
474744
328467
150386
973689
380100
766655
106187
617169
914005
859435
597203
677830
815906
975305
502636
295381
581669
275215
501609
410531
741630
377390
230913
490890
322295
563884
554974
224581
895778
681056
463829
915892
138271
784266
331569
758091
661818
618572
347624
645533
405361
518473
202095
634497
921554
668441
742057
851742
563587
971878
498298
322073
181660
314662
190779
292311
794350
430517
707334
614065
570855
294094
801200
937140
784525
759781
591638
831761
909096
51237
184976
264040
480253
721217
977347
809963
234356
529657
493779
823218
896987
920939
595381
45083
448579
998867
496674
493916
421448
639521
202343
984359
633455
934134
459289
99768
400360
271354
368423
768318
266226
559516
485384
292964
1757
666087
301011
148474
133867
882430
405485
461893
718864
610164
973788
426719
245337
369738
637434
360140
560233
215814
62982
183067
27165
16364
954645
222198
757649
404444
278566
800774
803260
320583
950098
741381
750903
936527
513378
424609
53979
369787
745531
340042
759623
301139
438836
28185
402689
706782
205448
191388
48372
419510
203047
102082
822935
908613
90983
755552
76655
786142
754583
973405
102890
554106
745460
830848
611884
648717
919797
452564
951592
744644
551361
105270
124580
847454
315905
224891
274846
717668
27663
516736
434765
360646
971725
149263
841600
956756
407123
956522
361123
540757
281792
400184
318561
450696
85745
83465
282723
96117
475984
350344
198325
471086
616196
608124
134474
317799
627590
669626
862806
967663
923156
672875
122457
883530
931454
645942
119420
806445
621533
434442
179668
561494
369379
528201
314819
475845
633614
732500
769533
83610
446711
280559
793704
780300
859591
333329
803293
642563
97928
213387
825420
653588
345433
707346
682428
397143
865596
957483
631407
403237
749898
807474
340899
454515
637702
474950
17269
111302
688910
615636
922593
562258
263341
278847
99492
988403
823694
654441
924162
614407
921739
738273
767204
169766
102244
504489
498329
40574
921292
713186
596029
289040
546332
700310
211063
609793
57963
952354
459228
37342
973045
907134
756017
920943
354743
460779
313741
785270
749597
6584
243485
108549
746579
964400
381185
404025
960120
752035
261972
892630
563889
242895
815690
642368
35866
850987
827314
780820
308118
297361
619738
752481
554567
267206
358289
774855
726105
865447
949639
301610
648569
366257
726801
813650
66980
717932
901193
472866
908186
130421
701651
451058
633841
488487
82234
967756
657989
10149
620792
274752
895629
991175
311124
986916
304905
993823
553702
312748
929367
161191
119478
114337
469733
649224
527363
960385
249537
591369
376479
604916
273997
859090
128503
508774
345998
230172
422001
659781
344867
80248
131566
298585
814674
285048
890607
815034
77054
9982
638291
493875
363317
53407
790718
546546
360742
768307
915606
527912
486640
64956
321191
463555
949589
981872
732070
946885
646093
271332
602131
183553
465335
400023
104439
719538
388458
445529
86861
430840
479850
722582
866685
65328
899894
972739
847171
873070
443134
838180
427695
284506
381042
634807
88069
650532
502262
427585
308356
22821
189490
421810
378308
97108
736261
850679
642040
144993
842201
459101
617940
7985
760721
912989
46152
814583
872864
949000
56873
402412
647987
425616
105777
985962
877326
238640
715101
616042
911925
5945
89909
862680
193472
923386
36456
722960
97810
107340
320533
769464
414051
905335
956838
386234
833080
950148
397911
962588
941748
896289
524949
882493
164361
848618
793793
277358
569479
851738
947347
815210
676821
368013
524763
579508
715581
673713
192227
145228
490656
646793
329905
737357
196683
805789
757609
777126
863138
420930
878478
635443
154617
436673
373289
848183
882626
298983
74050
817976
61024
217001
666315
205623
545818
647217
771869
14027
67115
506889
753625
372249
48054
514979
478769
592882
163990
674114
43583
361481
99476
246537
29907
247695
82354
200478
454282
678189
901540
235771
357465
207709
348446
843345
690729
958566
102728
581273
47261
134002
489167
592632
886703
792077
771605
236301
354552
762108
699528
476507
670606
291640
712976
568974
28423
996934
570018
697836
356764
757236
193714
118553
451049
874994
838917
236294
723217
93066
9892
118456
170367
670525
447468
990193
497223
342524
170947
999037
282794
285696
957221
309722
258040
585542
297756
254404
909136
302698
461582
634141
864259
733151
171312
705910
409879
962441
613337
135293
380968
356343
620145
86531
993768
733056
804232
869927
551878
941369
190915
146084
925485
387536
789233
505781
558307
654472
996923
68449
989138
774929
170682
698662
221796
846531
508259
366662
317255
723063
167069
663080
823248
863554
633587
509549
163899
759503
27045
758801
275217
114776
266137
163833
260258
908545
342575
905183
392306
911953
322034
952022
368560
355661
963114
509628
920417
100595
280910
538108
349340
750672
683414
998141
364782
631102
286255
758379
503581
863294
274760
35296
440842
434926
179466
656238
67824
478246
255588
171275
892553
179829
917507
198042
760847
728627
765217
901650
224863
78467
914293
327821
251642
269928
752072
893807
267750
320192
1832
930865
856306
679008
585845
448265
571030
606798
884312
366072
931064
715029
137620
691375
312203
208201
633204
336223
753810
934807
200356
238812
218947
993096
544924
647981
99974
842322
332919
236786
35996
873947
477154
131122
683165
957835
329264
917889
263322
396876
777993
17866
226017
33377
583171
486335
625438
378080
156425
729434
563422
452109
406007
429838
594095
253781
960264
493263
87716
66404
419495
935995
338805
397475
459681
364003
408962
145233
372284
262458
909176
211005
488033
273433
461005
963422
371124
706861
308197
99663
690436
329086
87574
833833
438686
92828
53705
167231
601916
751272
401335
628528
144027
367164
985939
800685
246186
459512
619079
871944
994462
207274
605014
514164
847842
607193
836576
659231
845612
301807
393924
360617
872299
527616
485279
745855
648797
134651
264435
769689
210876
254636
736676
27724
451352
696811
950491
396620
487872
481573
5517
812738
936794
515588
324502
801286
646994
163262
55487
919417
965615
626039
513439
551746
253569
784468
637597
209763
839543
996253
586835
244535
373005
234830
968910
520266
279778
147515
57458
615381
167655
748509
614650
360404
262452
656380
897694
638918
21813
532347
222669
814721
405377
89467
406042
246447
889483
734701
486835
212009
814001
51000
901963
987310
288306
83075
783386
640255
278141
207967
138362
189915
400228
821524
974962
347346
803631
724999
702352
996297
973389
608517
773231
893321
487078
105390
963800
421059
589131
685568
355589
453604
124495
61375
955713
772561
505839
996606
107307
234240
578860
882445
786201
457394
469690
72192
846616
615120
550801
867927
645778
327137
689440
882127
294217
476774
33505
269316
518143
661715
339527
595713
725816
949482
471765
559782
544407
568117
751624
448373
436902
359263
41780
688825
838065
681519
10093
283347
949137
853602
948188
444066
440582
359077
928177
132750
308990
17324
118391
451570
306802
713970
612675
795171
736112
415565
528454
673249
636339
869421
787586
574810
514478
80497
70361
794133
131048
974053
136129
796289
343616
33372
746132
304603
105554
666534
238724
172726
217010
127599
318508
153066
215765
469876
206273
867867
884304
891042
510503
650213
334584
263053
363488
288929
868264
8394
480415
513111
182048
204585
585915
142336
276682
107730
276031
547766
146009
467579
112734
88826
483658
508163
601796
193122
636173
428654
771207
176797
899196
115646
238268
700388
292105
543018
716262
827839
185783
408381
326730
166321
657215
25870
297566
253378
515475
628056
118623
235559
769918
73397
201474
887375
985450
710972
527938
693132
79868
562099
258200
519004
719514
207539
880137
954964
870028
958103
162329
672744
550016
82784
814941
46553
601767
338345
677742
738555
922366
792321
907450
840098
489191
823402
816948
637481
252469
218925
437803
974046
909895
588184
894649
70413
256459
645270
636818
321640
428068
44713
171900
739856
541798
54214
720349
744770
622974
33740
558704
125473
324463
374243
427538
619227
822135
894957
884025
566779
219024
361324
889923
586187
927762
231152
753580
780580
649013
452218
787994
74452
743669
656179
52627
460138
237710
759554
859278
871776
768103
497998
461799
716582
139211
987472
300203
16071
544594
729555
470931
786106
485982
94475
151246
383688
526593
275344
950903
671764
884604
652405
934374
593164
981539
995785
762402
293483
459740
208938
34676
302952
322822
909632
647575
893758
458293
910301
610251
693529
846044
882671
123592
672346
993220
69152
549392
731271
86584
285386
565597
587922
494275
641370
314682
968260
20817
846272
102574
837382
534899
8144
616019
818700
919038
944568
243396
38047
109651
598238
890356
658117
99768
424662
98460
625486
236453
46845
715660
624830
34460
956597
541027
749906
384303
566781
187226
886321
169125
384811
203834
664368
241207
25865
495342
267970
432373
145610
935667
995707
406726
240743
244075
633215
537996
667227
693521
418443
443238
700983
656839
624223
243343
164450
309196
407751
873124
238577
835465
86661
717890
161759
843466
106781
747277
342633
710282
513021
189070
214729
994279
446854
843124
653004
858740
390843
606523
153490
412397
757573
744298
152482
979397
52704
449462
742376
945180
168358
995524
663308
670861
810934
917260
50415
506211
737601
352729
746500
57707
995377
126061
2697
959780
16629
343681
113761
911699
430957
158889
359184
964979
828399
304022
922962
648138
106676
976566
827800
626263
485667
750518
911776
861608
823991
406759
524080
890952
962127
575038
673902
178132
599378
580598
388831
728174
190844
591760
989114
579019
37514
780986
624744
460904
594174
962638
720411
511706
133967
157041
485576
908674
309873
747292
192642
156766
362300
934711
387764
997501
109499
618977
566459
245195
136916
131148
407134
134922
555919
880262
916843
404834
747460
504274
831215
825103
373990
804853
962641
944312
953254
413580
997771
505248
899141
409306
808390
203573
71865
951648
640978
404486
184123
225189
836479
674962
31659
35157
713498
681851
745185
522502
744007
191386
647441
780245
823416
660908
108314
305583
780359
156201
211179
70252
783670
815285
274002
347541
702784
60143
69923
270470
573147
833000
796801
803247
503117
244078
689868
685364
299304
468934
193127
270453
410596
347831
116132
130919
609623
694979
322319
885793
208979
587633
362388
889523
469788
922629
932365
906353
54212
103250
898028
404365
277542
64870
43202
976546
149819
489379
136106
244749
611484
497901
308564
325558
299028
177983
361585
93293
694049
538968
423800
947311
376392
618772
687252
724231
302674
862293
560042
976593
780646
876768
984458
357018
528644
212100
562033
477091
3355
352820
688376
750980
304520
598966
677790
905966
817133
175860
469613
3337
800297
320432
19019
415868
330425
683221
867103
477258
31851
355304
34589
752409
221306
622621
743280
417615
528971
210118
704067
903061
236035
558822
545325
883133
562435
663972
817462
210112
61441
260187
665418
943136
178564
22926
275705
279468
378619
344633
629865
176162
586491
910211
555481
500590
213588
203343
470162
662865
921230
178545
299116
342621
553029
400446
831098
746972
372830
698876
22867
714705
779365
467640
602622
43926
820165
851959
558713
602276
100387
227908
502246
839154
418455
680232
420435
593716
699527
485112
456612
496516
898850
554824
501151
762398
839350
159869
552276
224390
952687
921025
635111
189188
666413
199503
996348
919567
706752
506349
341757
984776
420547
331706
115978
390621
57298
399645
960766
555854
989161
883485
933658
477644
836570
611727
649617
909373
641002
970410
561520
504925
191626
355639
985447
495550
772973
730851
22071
521328
548618
926390
777338
15803
708080
842718
489802
498825
684480
428645
671951
117345
324492
820546
201257
88334
731979
649611
503222
944734
320245
731080
851520
83334
599745
444386
242182
817187
984505
985722
803814
155803
975926
365654
993700
268962
518014
716790
94425
881368
115766
491909
503226
955088
198470
155435
521732
404588
519944
703359
679233
525732
946923
44442
437434
292069
985514
636806
934713
509590
258469
443990
86330
309685
284441
586767
697134
225504
907585
343556
697003
983792
770120
943871
211571
572736
490921
166555
780702
92171
681637
276911
79719
103155
282144
272421
53265
175902
376601
993832
863796
347387
483716
346940
898536
670371
117830
250023
854156
159834
297420
363469
537652
773108
432329
727705
103661
480852
777738
736087
461101
854736
373623
756000
105052
797616
661544
968236
887673
25366
317921
225099
139883
556727
867692
583599
597157
51527
671762
524065
293492
49587
5109
215508
449000
806344
100237
410071
129629
353457
555133
988067
737509
206877
269777
684948
207187
909695
356439
942645
166438
383151
994390
385524
771217
596846
142319
712245
705379
383687
350927
824002
289816
964688
742031
222815
529787
832272
174760
393211
430198
99002
120790
128771
981688
764888
374216
368849
877377
910787
932672
837122
839757
905550
567373
809446
249179
825091
297699
924304
229848
675205
947860
804300
616365
448276
815277
958064
892322
348015
54639
202827
817389
293268
239273
904187
421147
698915
612463
241691
810138
329441
472889
749593
985376
820760
884889
351205
167036
878427
36378
430853
870775
554598
823730
413701
677414
827556
292837
663116
611151
656139
688438
920586
159542
559395
144201
449102
45379
866340
844570
527156
599761
791356
861908
268987
349269
52911
954575
863285
901353
291225
239081
340567
416052
783247
512832
819376
397048
549220
873865
333943
483960
680391
145744
725117
634500
989706
742924
498561
894051
8445
270942
377954
227547
216505
968230
758575
216607
328504
757698
333722
810454
640225
347236
509324
322820
218659
943503
876754
769559
993847
271278
539700
157200
994503
916689
61286
919820
253037
125253
990936
429359
177364
129294
529832
336300
104507
790531
433656
838514
366808
309575
391897
495542
696857
44383
364902
417625
944325
984629
305070
846007
798529
684968
841673
63947
576943
328782
983371
316546
841969
856455
837143
257627
709963
751615
597643
393655
846311
598399
688025
123714
765233
642800
989941
62526
623074
887086
637930
136873
268379
641285
55752
120779
76711
303691
299192
562974
229667
273818
479344
744601
70970
476199
310401
163995
948360
592132
820685
289841
771296
972654
182103
500420
772457
873364
387123
479202
756323
365541
166044
16679
339783
575956
968292
1479
695309
610155
804358
668027
657415
953993
648919
253510
665387
396218
922267
234723
441966
549873
64564
78989
187979
388964
310646
461354
821922
320388
277142
835029
823550
782872
571584
239367
666031
344309
422727
678817
30806
936796
856567
233048
374527
421744
215558
241213
585000
389458
533673
939752
477920
98715
625156
351104
160139
635637
301305
860778
985794
741462
832866
892492
424215
113178
430745
363965
764726
825725
345012
916299
200871
890162
165838
793000
657839
720546
957632
802673
922070
543364
984943
270172
93060
391893
354495
682174
727493
872821
758182
796535
607532
7134
795867
344827
295187
678273
447084
596989
265728
950143
241711
534265
225891
738560
826768
24159
359803
303092
989898
851991
615705
804644
215537
319605
283453
690356
588779
100475
861788
427767
319871
825861
953027
923695
483397
430741
295573
319519
51069
345339
532720
201423
136636
68449
764142
857628
190465
49329
251336
985017
931430
759843
658964
504518
229810
436838
924399
118411
398283
343594
481909
747857
729801
249864
524013
76893
454629
320911
886018
322954
487632
211372
800748
671746
955040
704629
195118
819032
274405
107794
224888
725061
440218
248072
638636
860990
388983
306019
659069
357678
672100
517184
622644
704149
119175
633652
808269
176765
479870
730653
648062
388564
813417
786435
800471
154155
777054
387817
923652
86154
550144
553846
641712
940781
568809
865019
865860
625119
934660
663521
112077
86578
910328
479024
80700
340121
538687
42302
757510
37858
685397
984242
847020
385554
996491
468340
963797
688030
636794
691187
352343
640324
621781
89234
761364
134341
166488
816112
159553
122559
100189
844242
588034
456234
981901
755631
377905
199855
899059
996121
702078
609632
517612
141891
67632
635416
278587
979187
599882
495536
641657
957637
107465
442971
314985
389593
126089
602911
873578
629914
318790
824625
806405
997292
545984
795563
557158
602417
587192
970604
29544
494584
927896
929676
882825
94723
311471
366522
737917
939828
587098
181685
120926
488531
63998
213859
656768
546558
347569
393745
260387
310254
313400
641672
330754
163810
75179
738312
957000
145450
475765
123044
112546
374033
853752
356025
139055
336872
781581
343692
663573
144683
2665
580096
676333
201299
526043
979824
782174
773047
397617
343855
172743
970975
581755
902617
855126
24167
114023
128342
193142
601357
158219
676587
883365
315799
190978
591484
230755
91108
579821
152930
868870
442253
13531
862373
647467
817847
657283
168534
248071
505976
333934
397068
58651
178787
14066
638521
725446
990962
801176
510375
941300
644239
870623
569941
140660
442815
736154
19752
159208
726059
993332
563024
626965
250572
410580
489400
28186
907379
164955
694761
692094
739443
882634
71100
985186
909548
108289
232186
139029
905972
340898
202770
770886
850723
803604
902005
858516
828283
727972
833554
46786
879794
889925
124073
447302
645662
534904
713678
830592
492732
684807
271549
513160
239005
717483
38484
349088
794414
327885
691953
223561
181026
680425
406696
627761
193918
670863
294369
936265
978369
837123
958221
733109
940397
506373
842883
827165
215734
880107
538043
867297
125574
935914
197541
799017
568171
334259
471975
81369
364958
566777
356914
765860
542833
766993
224384
769720
229972
238579
927916
288279
612483
105885
865389
768838
298320
992791
546224
72990
357576
504913
192722
497599
394309
125544
238391
340772
897872
236295
569225
29266
653552
332522
644561
77547
639956
838910
837675
340575
300824
557541
929961
571522
130167
69782
18631
974072
923022
768160
353670
416908
953161
219918
101479
242912
933548
927654
696901
861759
693568
813260
96655
544782
145560
69380
909729
863329
835518
492501
275519
429675
429567
770632
271982
998349
826512
476112
823662
8847
613276
115587
870999
268460
841259
486534
817038
915143
964400
489416
413733
300668
603567
818533
857869
505298
348425
232298
182456
258892
247589
815800
923535
286366
199293
73985
50573
525437
114306
890224
628726
861071
153517
752229
878712
343298
832804
606430
929244
647033
140101
847857
989545
439840
904849
637941
664918
671584
32696
369985
984425
420462
138813
232716
877232
921790
808197
122676
893467
193366
174594
192986
393076
928317
725622
860970
904637
796242
423143
688568
73317
370040
602334
309126
937702
424303
888475
804258
488830
510590
508184
540652
285959
702220
971960
348533
298933
545487
722636
302659
585260
973147
163010
318834
725756
533404
546859
292981
128122
198623
498983
390393
230972
161482
761136
434090
123824
175020
998719
590478
956377
224815
866398
285904
763624
967146
232971
87640
938483
774867
408326
898197
883604
83538
582904
819612
592481
452080
410432
297450
299139
265262
454811
338501
746101
170034
801838
372097
586843
823709
911795
816159
248124
860920
480126
871888
263774
420300
83435
865303
239421
614096
659494
445644
620519
913405
475863
348860
589047
972606
870440
193262
472620
713155
42356
421569
666021
796021
431949
252017
614203
845636
237482
26872
957179
75867
567404
604945
148478
157301
133387
437207
92583
820297
522529
178956
379705
447585
713619
390135
170258
385673
845784
698660
77832
288034
793063
795471
633759
482774
806017
503195
747620
795750
774808
657789
447336
982303
45339
381814
331036
588075
592607
913853
207878
71875
882987
661562
557086
166978
460192
324015
543495
38933
901187
751922
580973
249679
108201
146197
269431
279129
239486
750054
977577
808198
259825
988625
943002
716869
899263
863396
644812
222960
123995
354603
2669
909697
548983
346426
964649
582947
997042
771849
550506
370918
979870
408249
286573
763469
471020
246709
553602
529346
35127
87540
515552
601066
929065
344346
249314
440594
874446
366718
385314
817736
526387
10247
271857
447687
997946
453295
752112
696906
424126
441705
83022
411457
649821
711327
346590
750689
293862
222548
667027
752406
261984
381161
591451
342612
764405
956411
302166
709387
683130
896809
767346
782905
472284
308723
341861
52505
717864
806846
453637
94201
436534
603892
101063
326889
448883
222856
293842
259535
854602
627735
832383
230488
934319
562346
377840
891913
717128
938968
184906
694835
468728
380424
457296
533637
271240
293141
359133
661820
146484
795786
352382
414133
493392
486924
250473
915426
227093
10391
815838
327579
966156
294816
194137
754124
241174
432026
488433
450061
646102
187221
974928
840527
883451
457920
151311
71281
171821
352015
324206
457202
721363
70840
421037
68737
349759
433879
305161
114609
71479
646001
700118
685064
153569
929813
602294
625591
208650
263326
570675
716579
104339
194518
704127
335970
357688
124149
97797
21889
74750
532615
965931
986306
462457
683819
645607
272291
144311
44599
19259
589721
228108
924857
823758
15068
531451
899545
434281
688155
380094
272218
505290
292881
3187
824319
502056
411567
531875
927498
698500
422649
850031
15711
73833
828973
247321
351112
310720
705117
882732
431122
673170
687134
57545
398420
379802
734361
803472
927375
451526
260735
896295
560241
536394
139993
412330
131700
467425
680125
814703
821731
635682
965340
65268
657085
121595
392505
135208
518002
766284
749748
378771
458954
480482
403204
536610
627557
180558
102212
896787
464989
563362
549348
142649
539655
302919
799680
466348
943513
140542
619533
620177
223141
979761
373232
867010
272196
283253
701801
802009
769422
704735
648812
41950
716037
270528
45136
826250
930129
681470
431648
202168
292710
592912
898576
829031
445122
538965
637129
308974
553490
187730
200101
312765
818612
823046
398519
626123
954903
838636
736897
56802
8831
207053
751625
868227
885797
450047
31301
836662
103227
565501
112307
481779
992077
113828
134277
473126
131587
773576
912442
496739
823171
268465
71304
216934
833715
24757
855093
383365
688412
873395
994309
501940
179754
77353
846030
499317
396944
887667
128807
342170
803400
113505
833855
866296
32504
190899
615498
996330
573168
281204
808277
767359
750608
114480
893179
916545
731591
834962
337264
542627
343094
400991
817786
209350
206386
750025
833664
550376
895593
881265
248763
158761
385180
487932
973833
519675
828298
609744
541152
206758
615533
319020
835359
940470
346781
693474
939712
585922
339155
629809
941098
749913
613705
877379
600035
122122
313340
1791
235747
751632
575891
695308
580676
289624
332186
449700
735125
909617
311655
206608
769677
747663
978333
876550
128732
379324
274127
650203
970781
578076
822332
172838
57256
667163
827128
490483
302917
955957
695276
818081
846075
965921
332980
697433
29830
198747
728294
922987
95014
745677
992370
523718
573332
580121
445733
999572
154576
552133
47496
832176
186773
626372
768485
307717
395374
317341
624105
391428
201443
727802
147429
31617
312651
798160
192687
836075
764869
568869
739621
509542
725890
457667
664337
630151
840057
898423
856040
208107
889534
23558
513581
92724
902701
754286
372595
856929
465472
873428
544191
765961
560704
333391
366155
598964
382873
531663
145319
528022
682822
573035
685627
916329
440107
956167
337127
235558
595521
965278
181323
37727
247083
807474
88994
695036
592424
733197
894153
304720
192802
51378
451998
233175
20259
882789
341188
132943
11943
41940
739842
723503
886220
761313
88331
103752
57445
351565
108696
2103
168943
641346
569649
93188
623579
404605
80588
444507
430346
411798
283212
685988
120535
397933
964778
698881
362381
437683
352497
138404
683897
200850
565795
283082
724827
912058
925113
641559
280374
471561
550600
698319
580999
540246
895551
258094
625938
266843
764429
905702
556055
946364
331871
906611
745892
149688
623175
503580
504132
23019
509816
438472
79509
611069
913838
826425
234999
432939
663403
589098
475553
853552
583387
387649
542797
492367
175001
900529
402643
11840
677834
478448
352788
935349
707495
138895
895053
85127
612377
443323
905995
40386
60285
304142
407741
478089
69319
598547
660005
857320
597058
165013
979497
470068
511669
622434
742342
248609
168482
300129
705444
31584
121000
944077
965188
36594
511368
132109
198805
882510
677380
150578
237031
537515
689699
807052
698551
132651
6482
389673
466088
275940
611812
457643
375891
59915
287738
639877
676661
878463
717758
973010
488967
851248
773577
805394
281835
874410
6501
761665
156034
954370
621356
929750
325786
781403
879311
973717
693829
821525
362867
119761
726917
896660
441717
761346
617187
610600
163790
948990
385886
342622
303442
832599
339137
849314
684371
293010
771533
494671
583458
813503
879702
369621
579893
756474
433130
236614
485156
384956
117931
214141
330702
313118
232702
121259
132632
215148
830428
864703
409173
599394
569478
858034
401666
568454
341397
244332
212456
100001
686255
109782
444388
7131
267158
186877
198467
895090
425306
879903
921991
838423
709871
915926
664967
303077
385945
619486
349554
903806
901956
657413
63412
226628
218864
502894
963441
540849
810441
442945
439534
586708
85140
326259
198031
999145
401990
326317
683899
712595
589039
789211
824475
423608
504275
991828
386434
712313
691033
952865
890983
228493
66461
663532
172493
746617
181280
483271
242179
926062
8799
236309
566407
975487
355969
792985
16326
298365
478313
983577
340799
881840
444972
716142
476485
431028
455772
816683
823395
408495
259395
293864
694297
354347
569260
942954
479173
408404
527450
123312
227549
566735
661532
226972
682585
433844
459576
233981
54830
357674
858500
33141
851188
944734
686805
900107
234025
33632
279438
452112
511886
23002
777690
596710
368303
345901
169396
510065
309120
496041
563043
680606
943843
465385
459780
136843
552711
16713
220799
352786
918378
61126
169692
326581
588158
362800
86062
251495
101802
508046
601965
448373
401895
10382
942498
379920
249483
444775
650555
119863
747555
872397
643966
754309
387384
721360
909466
443732
325172
726034
276953
252173
455966
322339
82802
241934
672706
247867
620668
456374
917868
326163
361596
74640
856658
270880
521567
476825
83537
453485
819971
110703
462672
106707
373807
2073
263041
209048
652516
768173
192134
749602
105547
143714
19120
110870
515853
480755
64610
580114
438337
835755
659220
884675
35136
523283
572403
280995
201685
397814
197926
326930
966097
398350
15788
542160
932155
64205
843425
183189
133220
686921
4448
882637
291287
121732
663937
622580
199663
18199
396483
720713
141892
577339
290053
908722
630077
509876
193071
466988
644873
111515
685230
386348
804265
173830
752860
365463
137893
665814
208957
625435
155359
165916
354341
579560
741508
645352
169464
394319
504350
46064
874570
895477
360326
401690
796389
657011
889335
330855
394536
275726
945662
84859
241036
93774
750286
621773
502850
198205
28913
56999
126968
518013
947992
165210
63931
319302
722643
666690
646903
850044
628188
839921
340953
424041
609101
921019
279701
702940
908274
931358
663811
651997
35065
29515
430884
710603
427334
277141
537347
141141
503843
16565
148151
825937
474837
118072
723269
953660
296073
467142
383394
634639
243501
266383
435222
371002
567004
14163
171515
647999
415281
332622
515045
860334
230909
70719
29980
738681
369939
147732
886084
758515
55040
775540
989214
20778
317720
582056
503399
434589
124075
525351
727582
150235
792343
181756
564707
40699
544119
926870
88763
247666
301113
4140
916848
517076
120398
106123
988181
925354
346810
827901
233831
260588
374283
922456
165583
665819
352678
58592
149765
524541
642428
740441
889614
880246
820956
823662
679846
410304
817315
806519
711992
502279
171534
242539
672777
868836
556336
390818
853301
502003
626047
763588
271314
880915
533384
326548
263153
608185
836611
624787
185219
853041
119489
621522
70359
497651
447681
388376
87041
738595
511211
337047
774867
305332
429823
496789
608241
600040
155768
237920
953832
695653
704798
692903
451836
841275
460956
525478
232344
450098
446325
777029
570764
81917
348804
603165
793701
902346
339501
550298
499432
260027
820582
64059
808555
250094
847388
590902
739855
963448
707139
391673
604893
377393
276669
484812
436348
439529
776550
629074
353293
718073
37178
944303
637283
110515
735588
6595
260066
166395
484132
783187
290995
68015
470043
463689
738209
921474
689526
303378
885267
45094
75381
784357
87206
108519
90839
474532
896550
541653
992100
741466
622058
321242
400406
684133
418889
486378
610917
886189
40444
717207
394798
458514
720594
781316
619455
560548
452618
176690
861633
354507
834576
203638
210626
180039
337687
453323
171615
170770
983887
410820
402379
250978
570883
334426
432126
667083
821971
239843
717564
361664
117385
340452
853632
830330
297945
242045
465349
163057
147130
55042
396146
724679
20699
403243
211488
434564
282948
233505
242569
315580
398666
399608
135310
779277
687086
871996
722916
269637
187411
631524
769053
310432
286811
497572
387599
102574
653149
223262
451107
59539
546948
329144
38716
979240
527495
514761
100161
555136
600960
568236
975113
825093
920428
891703
877986
832960
191998
45766
556990
110583
851360
323568
767291
71152
884103
441179
244173
861012
799537
942124
653386
593455
837246
853974
648338
804692
765992
374292
114585
581406
301409
918578
64787
729872
776776
174788
133499
385054
168711
558906
374207
87877
336203
662860
381131
127125
297889
689359
778224
637327
629162
891498
602993
523113
911099
677602
153258
498030
69971
595664
95966
375810
186681
525237
655067
216451
148466
731748
332172
415692
74780
383389
429851
206867
338730
589050
520129
602546
751741
796930
639083
667331
924891
379036
380106
424036
95310
884317
288120
667417
992348
140290
295234
424721
262366
916089
203350
184833
643775
495770
55370
997165
54675
138867
786438
588869
701329
203584
583696
254956
808175
100090
107186
232275
474328
548230
693002
663236
390285
879310
952302
853307
4565
124589
340281
294126
512034
807044
210807
161902
614786
40106
146409
756390
88126
169536
248565
172991
762131
865441
389101
411366
304074
110841
681850
161573
380214
74221
649381
465198
606026
693176
898561
877239
315028
417494
203897
514366
72474
458200
845362
959726
188239
666328
352284
947162
3634
642567
433562
114662
302660
980578
225803
138949
779492
950211
563893
467676
923592
210772
962126
262342
12186
309726
912038
692849
803117
410111
103540
635749
289562
103226
363131
140709
589243
976297
852504
899822
229764
958989
850603
975516
580089
997958
555936
653740
501391
431262
193177
175068
107107
675519
527545
359215
884241
177157
868624
251980
392371
575470
663454
229574
207286
154158
553798
645879
146842
375327
900497
498949
26054
735190
566555
413766
185925
288593
906526
316736
980769
180876
262745
183305
169306
337331
241820
44685
47363
931825
865459
69230
22906
782182
361452
961926
421058
610232
402695
328136
527039
444609
254010
169284
935373
416998
912990
313097
505660
911047
989625
318948
986604
444050
271528
840519
909890
611122
837097
952453
447236
501605
649027
801594
226519
849132
205330
678280
847826
725787
809523
615932
294846
342928
267144
307918
585068
78848
427112
412039
390387
292653
817958
84669
602245
312500
520957
132730
469614
367362
923093
836859
973288
970919
49972
395732
686557
854083
824772
691697
893178
300444
523772
532855
122027
594002
869486
159304
389433
469994
572205
790117
945726
215430
662937
232879
294977
250229
199177
550918
372082
483623
368467
793234
505091
694521
944442
348448
851424
683311
662069
852900
986189
293759
587736
396701
774811
772298
977954
267350
535559
951462
757410
919880
565423
234070
557254
387677
28018
10715
909185
541199
987491
263651
731096
599215
211176
656608
476874
469378
663669
786100
225498
405702
27617
513096
61626
907154
329058
737980
959254
370331
223338
458041
365946
59346
82269
431330
959968
932395
385709
334696
735514
116409
807316
112956
766488
696821
423853
242208
874711
822302
277296
301079
277990
722426
754888
273147
707222
331194
198099
672237
557758
225723
450485
736550
304680
210345
229081
56428
227804
161790
192069
104993
271174
567144
206361
663670
985094
811849
380900
123068
688085
652312
341603
772955
670223
759269
504087
932443
502689
626169
257218
145376
226831
975963
437246
543731
176610
384559
20793
17210
470957
410618
658896
118410
248571
465025
368583
90515
967639
83214
59619
39482
392504
458900
404068
724740
625350
293546
790627
950573
599565
693299
813507
599769
56381
993183
916247
349346
491035
468170
93776
804368
960393
482178
641697
994534
548908
536486
347441
745241
82175
862313
295996
311068
998260
87606
232583
951190
119106
978990
934078
436853
496464
438028
868588
218396
522108
232170
389077
639160
431240
426909
64371
720368
239777
216762
712588
668923
299214
992316
191916
112971
959154
669502
61636
145383
88253
451234
322143
569622
809653
797396
403581
637943
400220
640681
899662
273646
863679
898785
19084
50169
757979
77003
615733
507744
821612
163848
569956
408715
995027
178663
207051
152429
982691
140720
960399
708190
378888
753276
902656
275591
448340
583041
174708
367862
607527
19500
678719
959826
317307
920935
39952
7592
205066
131130
669291
347491
267868
525005
68862
27099
30832
167436
378275
827268
376326
647587
464561
507911
964103
406312
934975
872301
807506
557913
3127
926008
524964
587642
61010
509708
395491
22433
349557
546954
461703
392013
964392
322238
76838
167856
719023
554798
805210
184525
283079
21267
468497
587516
821630
992676
442224
354507
804271
102989
252709
554175
29849
539327
3848
267960
713564
441953
119276
632114
586895
415908
745032
221031
9984
987892
85309
910738
254473
659466
913604
977423
813643
775454
487094
602015
667978
10618
464310
189191
936229
142570
799294
18519
205168
194383
986437
318088
943792
92563
232266
461247
361586
550455
443072
670830
477192
188041
775062
911130
121761
554801
588770
569719
288708
778281
402921
144879
927593
482765
714381
603137
528820
843208
649876
867270
854863
862766
114129
431567
886370
630056
818097
850795
999154
92554
798820
311173
578387
911425
963877
710313
203339
10408
974120
824167
892741
661369
80224
429520
319535
390112
441962
637918
788656
835371
797913
156080
417929
508830
679710
165618
790215
1828
63188
852379
536994
167648
664742
202448
789046
261344
335454
512614
746907
465843
644746
556164
86115
260881
214476
595367
601455
555065
230271
884416
315630
284696
792066
920504
130355
581989
959842
659411
245490
396938
259432
497330
974488
589116
880187
725939
588804
566251
131828
55475
144421
245397
797821
808627
662705
939189
224420
998680
68991
89882
996610
731148
410369
824466
305026
961987
658402
454853
989712
966424
896248
992925
17568
864853
519078
133347
104728
947281
512593
667685
390363
263156
466109
877075
821491
742678
458371
937578
898650
107974
725809
352072
581221
311015
46334
954589
444878
288372
645224
509442
70748
873507
642156
219044
785905
338280
570145
447385
372528
287632
770034
767635
441353
909518
746038
995954
951394
238803
190510
854643
898339
360342
160474
886918
699166
946803
830136
969022
1754
16175
43482
809506
851323
301338
874915
48800
416207
