3097
662574
12306
451506
152602
532540
3464
107847
555043
523842
295527
994030
396692
513650
284481
413150
506401
275541
698512
996492
404319
983948
623531
754046
922114
721506
638933
879918
65985
913354
42416
814103
280406
267321
46031
427231
201633
334114
334505
206752
780332
531083
46569
641748
201737
975625
929377
620957
249432
367196
791135
552047
35621
625257
524056
130395
563054
182224
4545
403192
446722
34345
763325
197424
400452
248416
292465
39844
511375
835498
41011
295485
397619
136291
891744
224080
158622
667462
722828
917357
26519
604168
113044
88389
943587
948881
33104
632501
710986
165528
408101
750579
983283
338970
705463
407060
89260
991094
387259
405431
454790
995240
540010
184850
375133
264672
465361
257111
559286
816190
267461
402818
638401
269805
581685
996930
607293
141529
355032
24001
128123
918094
885893
123282
565626
228782
315489
391734
550833
538959
398130
244555
692780
943727
951122
799186
609038
149140
694016
771931
319093
317508
977873
245263
886202
519710
751364
697882
1495
778964
308210
399539
66276
198342
185380
664073
384378
455227
149759
337099
797944
61630
344410
812180
165732
857875
277424
273714
499113
449941
562289
438802
341566
984685
626611
63945
718440
17777
384902
243073
281622
800662
86820
790206
321257
424148
153543
601164
79383
360917
637205
2631
433637
803736
256247
63239
456465
180329
85511
663590
146258
320309
173671
522478
239031
704780
308463
363940
213292
277304
239614
90731
743772
372852
614770
284311
525296
415499
971250
94159
49653
579023
516968
300190
40795
995442
286348
534038
429913
983492
779420
620961
495406
225417
77480
763365
601923
596854
786889
370643
163757
481736
71090
368909
30478
708802
142366
339890
575899
48769
328297
393095
215607
991101
176251
692547
659966
727966
197855
295799
211487
710776
112113
101976
649313
903589
145718
57130
369286
208318
775110
882187
916300
977781
106020
180058
964304
842898
820654
259714
237326
571336
731887
732262
688003
593972
728338
546155
293491
339697
133682
271196
474887
807962
36108
754366
513294
15389
330390
158258
584420
647864
664745
38208
8624
215444
896345
623174
627207
714810
583909
858044
427566
278774
886602
504418
823740
304903
474482
238473
210462
87423
212937
106683
617653
953789
791665
589705
807066
222405
68875
567599
768065
174777
738166
655589
28219
974903
126100
209925
100437
403662
460743
708115
612510
885085
240508
104366
606598
995978
589597
670482
114466
8028
212586
826056
180748
376886
621538
950699
760360
797297
438939
25622
258497
921044
762993
996911
622865
458546
701467
449291
933855
25121
95257
163133
16451
739154
988297
183742
578373
983122
224538
566458
595812
548956
305111
105205
155890
641112
919525
828568
175644
918260
412744
189660
521992
422686
521247
426002
280983
669851
989744
440652
373898
229447
442078
474347
292608
734250
822327
444359
898717
358770
315818
211636
642759
323731
365078
811767
85962
549944
456509
828293
272732
76516
507671
302388
626426
832938
302403
692417
460145
657413
112600
151741
641080
624085
24282
35476
559034
580087
107976
457211
569842
230143
262867
460790
790064
119892
102761
198659
536824
101033
942190
614758
802377
717268
568844
724178
489019
879244
265697
586673
223810
627588
2711
90576
547919
51934
783442
371370
992661
218894
355970
470991
338985
735756
894487
635633
744770
581045
544660
264395
780448
945343
860541
941359
490826
862871
686826
293162
418031
116569
413502
93589
357038
275115
547377
694971
748145
761463
107016
253026
657908
734850
537255
180856
151268
483886
819197
274908
812834
206728
759325
381765
496614
478223
993773
126803
753344
67586
992311
163632
428602
859108
205021
47203
474074
629520
913769
214129
777284
243186
513282
942384
860732
178601
276603
584809
345736
834680
384902
707881
737587
346531
282886
60580
587822
885996
638274
179783
222354
387242
36917
439449
205377
375618
460930
218380
572202
21381
575620
693350
110058
598246
833732
694279
966160
565014
823364
283990
336377
636926
251384
29580
855386
708248
437076
397021
463708
308139
319744
920894
28194
66017
985577
671319
68198
344902
842929
387655
642881
564383
358022
483534
139977
253221
667472
224668
995988
367773
417284
870579
167131
128597
957654
801339
179451
245820
412363
787874
634900
85790
873260
72557
992596
819900
911382
410720
388366
509508
107887
432518
180100
404402
281779
853790
692100
788803
816748
664930
271725
376529
980544
628789
904723
455568
585764
316584
637368
528611
498287
233256
63803
478684
637001
509704
378573
837263
451074
882407
524317
138641
2303
334526
262358
222738
491279
710600
327166
402132
994459
769870
452159
312519
623100
519694
3587
805059
484903
428423
982072
72225
824195
453284
406579
435703
658075
929411
265584
794350
13935
229920
920440
74817
800549
717219
15515
735315
851101
772930
793373
97453
996450
193556
419949
774036
605052
446452
992272
157251
993826
73294
274717
216074
632716
44169
561121
30083
750375
681297
899362
751404
933090
75903
980033
302310
679654
238440
100217
380617
175202
919295
236804
543138
145796
116967
693660
776842
916099
123482
33823
651620
354393
290991
910219
282610
998222
546379
40809
850132
244400
951463
568903
834783
39391
491897
650461
419478
574340
193346
260049
454536
641186
605235
75862
624325
718213
681853
656111
918782
959190
454964
487506
506040
558032
875358
345511
316013
823309
905054
170608
923775
589114
721656
588930
544986
726762
766592
913265
632869
901318
775588
214410
433956
353505
191122
568953
112877
639465
619783
791819
779588
367609
353782
730062
230486
285196
168529
370453
331470
436877
973302
592600
794840
31306
49273
358584
138096
538246
230730
339295
269670
829229
647299
612102
812656
26338
634705
595216
98347
680244
393084
257108
206512
311792
651540
912888
680911
490320
871354
48760
333227
280913
407752
659270
67762
728738
540830
780300
763958
596344
684234
614221
779245
352447
167251
493161
158658
381410
644863
19925
824939
661774
8364
318806
4991
449026
142258
505849
399905
95501
717941
6742
486302
476166
587167
5921
908104
728026
983842
710465
684868
10804
612701
187599
910527
862407
680600
520364
727293
201147
22570
492095
268689
327794
164858
750858
215017
8693
13730
531304
705153
300928
44783
663269
151800
322726
949253
761913
38528
637282
861472
175651
593326
976508
24693
524575
876913
655764
614966
152259
418655
739215
195061
51388
71979
709019
413344
712287
942131
152992
987818
825774
749494
573124
336075
407594
995683
243483
25757
79695
984460
229162
326503
440241
47417
470550
850551
351153
44249
788526
315048
654812
946452
981010
384452
991200
796348
3134
327106
770347
103009
622967
832432
318050
263491
269392
323116
943738
645154
321369
977356
79607
43314
998565
997470
920831
98283
577207
62729
645018
946236
949513
199634
819465
228191
430840
436603
921471
477512
266831
112325
514688
446263
8110
677655
709589
709101
488534
619703
87465
880187
555028
262388
580676
224117
59272
958502
558113
999750
122642
299789
269869
241501
680664
871895
985951
374021
204533
157246
383726
514195
135809
138061
813620
859576
152825
202690
194397
138614
942283
752015
662027
998768
379905
523579
538506
280089
774791
108838
700203
897167
569242
301865
868415
417664
473423
542811
6578
389770
868862
184753
387201
345313
707273
122493
567193
973801
36044
115031
120654
695652
68387
345625
322740
587525
715858
653379
889630
916835
422613
6783
804657
233161
704965
287232
339107
492010
559460
704644
271893
646834
645701
683512
771403
140983
65115
4666
470020
675022
192860
983801
557946
500027
127185
335352
830200
897408
374333
845170
674963
368918
404775
819160
151942
415930
294662
906806
122094
163166
523081
57907
859678
500992
944768
122999
653280
151064
967594
407079
303625
397227
707420
12491
60984
338173
23498
881297
383147
337315
926645
757675
955261
570294
975473
150739
730432
524580
206290
74350
265139
344928
26226
172046
745312
30906
613922
942866
151765
165641
726763
947304
303932
290244
2559
747635
469721
672048
144705
340423
269152
729396
578990
246993
5681
758536
96742
691732
812721
22284
623003
570830
618886
667445
838805
268793
619118
958242
681567
140205
680573
665740
152274
944227
411121
233692
913275
981588
487731
420887
276972
329855
156717
394868
410460
211850
433154
123855
614971
647168
638063
375670
991767
262841
393852
425951
530660
935447
666974
687484
718507
873644
485676
20583
334098
587769
758140
177144
556932
852882
682522
643190
701180
427485
58020
99626
101427
457401
892997
408271
728996
918907
753420
649317
574200
324115
395816
882405
952532
928141
219522
527374
208251
440563
332791
276958
907872
52305
427121
260892
258380
9873
231393
860754
883368
480644
645658
568729
573992
672257
793741
549580
360788
134952
42397
588254
570420
456640
943070
210888
895000
708798
586671
97434
569473
303847
955889
224051
610095
910028
960803
491852
566152
906548
736412
897390
83234
3032
592868
475140
639149
456776
182959
791819
523392
365995
281974
191909
975934
631203
658291
566989
987365
784655
891514
301670
121523
8106
492207
886892
348661
651537
690920
422091
160045
841505
170464
359694
433247
179711
816788
128176
974264
464561
555901
840527
885788
401833
968875
677950
946123
376610
942267
866361
323566
265123
605877
520052
283844
498273
325444
295244
694052
924610
305234
29663
333422
481915
892416
534391
157842
542106
745215
439969
139964
595232
328782
419100
171483
937030
288208
970285
893773
457504
93321
850767
811689
57695
503541
14344
202088
40241
399109
328279
206000
396547
166135
151114
948671
196070
342416
542188
812272
87567
388281
173402
58157
267705
718515
451703
270386
381861
606457
642357
159609
780737
304817
699796
734152
961063
445902
773736
993683
929404
905349
122130
664462
818361
449641
952785
418324
354566
322661
875505
308717
265154
178902
984417
300543
195680
352515
65506
315220
844139
721209
835548
383172
108585
890119
413707
580543
815518
872723
320086
67257
219496
992984
684032
364978
196167
585021
84599
224737
923711
892882
578250
798525
242454
389225
262136
452711
472568
768591
899363
725943
311163
282406
149220
864929
386044
91296
774648
993027
517864
386970
854871
28815
468247
687507
585701
638480
778898
285895
388994
334618
60277
851308
940284
341715
653104
799496
148900
935895
896999
128557
453822
931277
329594
741395
407761
759556
554847
860560
726175
115208
708074
881206
333039
629063
274414
59209
346950
402779
538750
627227
645172
217524
998477
444806
866634
79779
592627
171846
5289
544581
673168
789232
976501
25546
303691
536915
595497
678689
948852
676394
618565
955458
222344
176314
976674
748439
962450
54222
767717
552968
918894
99341
999314
890018
840169
984629
179640
64931
447812
812982
989642
317860
482583
636205
323406
520867
160659
390651
472366
641196
78048
234306
970540
702756
701541
496124
101107
521394
542181
861111
630216
350794
270150
740529
946463
883928
317166
822156
497738
108997
301446
843693
984461
414056
283488
307703
741132
34636
830581
257952
971941
949274
510279
335788
96795
507939
547813
676366
962599
465676
234381
652952
800435
103895
875051
246682
834849
691210
842304
746591
759749
386878
843550
818880
415284
802757
30736
534051
853940
719545
995350
969876
312914
863005
756045
455678
670163
250163
3885
242245
951170
718170
853101
414019
601640
909408
726273
577758
667162
427244
16259
611843
711340
863425
21488
407233
56708
156336
672393
563460
826441
465373
103129
915948
213049
331563
185623
671241
345818
834183
64161
932917
92424
890190
302952
945743
234413
654748
925163
188431
646287
225458
455836
32523
36996
736515
712926
290629
508864
813595
485040
572590
927375
843309
233571
999996
529182
842999
883847
236963
156595
792980
508516
382002
705213
316766
769636
957261
854213
50045
220174
624771
730564
817681
561645
178315
486863
474616
6863
933856
46574
622780
685801
679798
687242
501916
744920
603991
836164
396085
151682
939295
904930
650125
284251
245008
655716
539836
639876
145939
760885
983160
361613
810508
417149
42043
221723
251928
67347
935955
671013
312422
106256
274950
997528
975855
875263
142111
157403
857683
562672
205209
781932
678866
38507
907623
10729
129955
251010
832606
180011
486388
696640
906368
916429
248383
371389
438502
741962
483654
390099
696649
580100
576107
792683
484013
392609
124654
750064
427434
916624
432579
484198
912856
243370
767247
940755
342550
348531
393151
990683
761591
747775
672965
772330
963850
899313
263920
480522
222853
875999
842215
404884
813262
944978
285059
794563
336997
273577
595846
482532
120496
393244
478203
223849
953380
377374
549290
508829
510926
425884
156408
565491
240764
409891
352537
600311
667210
60062
262388
106213
864716
532860
778578
872600
310677
469936
418113
581595
712994
414098
205835
368732
507558
729955
344334
822911
136947
101102
641912
22542
396866
645961
385633
975693
885023
60155
830853
343019
991668
791031
28188
343189
691183
67719
169688
771237
751571
729092
19067
781433
584921
755009
35986
378526
114688
408392
732945
541226
803000
753980
563852
457384
981543
682270
478288
445486
626837
492395
732700
164363
242299
174497
586495
509405
349155
799458
778831
343871
851323
85426
164227
968927
389948
509787
691886
232621
261106
663344
734233
407215
997671
640046
916475
219313
244848
207741
559383
228186
148563
810390
455794
531418
988115
879040
460144
995136
973210
562291
883211
145000
723587
312541
84270
635282
53825
608706
612788
429773
256943
231358
325048
965009
547764
56998
20952
970797
701330
779213
737291
338325
774156
988898
323740
853533
831602
966903
586883
474435
695818
540
548958
696230
753053
144618
378449
471381
894555
968796
81847
998659
118059
750423
587907
254870
995155
324874
590136
584286
434241
586416
35393
239907
947636
189874
336494
586199
82570
99434
664587
991850
281318
864771
458911
172988
765
143548
193790
445486
16446
135179
123019
356497
343516
141214
555918
990720
813305
301436
791406
866826
467632
356362
865291
847111
236351
131690
619898
606924
398288
751614
58718
247993
134946
632842
387807
184239
818392
43320
849482
96991
550814
584693
549701
539518
562932
155768
778285
454612
680409
446242
991374
444788
316436
507776
77758
481158
535457
409774
636246
55872
262519
242903
752206
472947
984690
550551
812020
34178
896930
731713
360841
239021
936111
597116
96248
736395
57191
195144
864564
137366
1958
920479
728045
354336
292833
9974
620654
237732
150031
255778
897686
932151
979892
228120
726768
367710
421835
546253
584946
691385
589775
356412
539279
778972
44710
755974
406905
350142
436459
137907
913014
547082
842774
653718
397534
693907
957898
524495
741871
245157
627451
215466
604172
736630
411067
135461
484761
117116
983519
597775
714219
109144
251986
486668
926448
431535
930870
369781
369243
42842
642482
110556
819593
312883
304668
897389
848117
244048
976708
702128
413716
300428
500123
297834
686159
255936
870399
515492
518811
52561
355620
293443
400822
834979
657696
981142
304383
196844
261843
686383
755954
406947
788080
948648
503744
842070
182765
941383
910855
854939
955203
860796
40691
945054
745762
624711
739120
491098
666293
239158
274827
320803
888717
590668
500132
4063
499116
362238
39826
51221
435569
962326
47635
874141
255515
567162
531182
501431
551099
604808
33768
481144
229562
688024
683039
467808
674372
420771
493637
178310
771344
253953
775357
300660
267086
154190
695819
491023
676268
798502
37243
984815
479620
325328
243794
446989
50277
988855
39016
573978
790396
987987
787178
533100
702750
356967
367467
249171
49141
634851
144610
454346
716934
90985
572804
378633
654299
793773
291903
60088
857617
855157
944272
317246
505920
975424
305793
119094
962818
347267
770435
936067
832546
64014
472611
97850
535459
765134
462700
516350
535914
770859
568858
630442
133961
930193
879350
54182
762920
677772
135891
640924
478610
107405
580323
229317
12122
211914
522614
52637
567464
933249
797265
444533
527139
884380
635559
803559
465980
88560
789367
603491
33749
382687
532673
627176
903565
30942
124838
952975
47978
998993
545627
119169
43809
38227
101257
670857
156996
315345
123013
26180
865736
379670
704935
527861
610226
173217
100041
389749
919070
942322
984030
458951
752300
876836
369516
936074
568456
106291
109607
588040
857235
514527
498028
670891
350579
995178
223702
451918
562356
706235
163329
639857
479449
209765
726937
36423
311492
150081
5149
404970
809149
954615
375542
206830
104866
429980
902382
823955
772459
513589
101647
545236
992665
923418
854233
742556
885563
751798
865311
677400
925469
442475
825214
176360
259277
654482
243579
231343
661771
610528
781624
675593
616140
914468
501075
439196
511787
632492
548891
613063
509741
68616
528688
383928
39407
700070
715830
960474
338926
128028
811957
397739
674355
575237
890897
833771
606617
284418
99425
130544
242748
267938
744877
869335
541184
202204
167177
660693
405051
763257
605640
524075
918592
61583
130975
641848
811593
314535
850200
751144
193280
829696
284527
184778
498986
327213
595661
679616
629169
459801
997598
797199
349580
353131
497233
313558
98509
473412
601452
365724
659591
953957
198921
758402
303129
347630
159920
293527
212827
745025
377746
407434
848613
281605
983584
243834
859959
514887
272326
231466
526152
464250
32904
312400
13934
475231
946615
941004
270822
625664
698319
235318
225793
821142
414704
561616
797676
769994
651895
443739
278938
540824
332025
218501
83536
646992
33628
32703
503884
440311
758481
954989
421715
103754
432625
846839
890902
838434
781619
39357
970048
306163
355400
581031
705055
504110
578644
75226
160940
559559
68040
572614
439160
112016
579872
790812
176437
389636
52406
580381
727327
445153
210178
904910
682693
924012
887087
96584
973624
7448
981274
481067
676047
414721
838569
326771
642899
203283
813446
169570
310990
99784
689079
335901
123115
536910
712540
720339
689994
505990
472644
18392
360035
966953
514859
701648
913492
892997
538836
850566
368008
708709
683071
855132
282566
82255
335752
303069
667027
124391
131804
483310
440965
184369
278040
465956
586214
628980
616960
37615
301121
816313
988824
458995
914956
774003
306979
552759
788145
701880
110645
791350
215291
663917
700151
628179
317402
611905
473975
432106
22803
988560
806697
25794
359238
574887
981631
293278
433693
554215
567072
36658
712527
442178
805447
700467
875790
571619
968379
871687
690323
47530
724839
525724
191043
295829
429461
109397
140862
961082
25163
421406
306501
784688
891714
469664
926661
632910
113983
368784
944836
675275
93393
844066
224167
212165
559398
599388
380253
983261
682313
228741
576044
533375
828732
299516
766486
244351
794605
477476
583847
120735
607897
799229
563294
702189
436986
6350
234614
284809
15534
124862
742992
396996
790886
306563
837246
933797
945671
786354
295598
804933
635744
964788
677041
2778
745993
7641
915431
493264
612372
95046
727753
551891
577907
295114
262867
789674
338790
375439
847436
348477
925086
637164
36851
336823
388723
200471
18120
528262
533567
146808
755252
601727
595413
653528
524949
588895
981281
790264
132586
921709
92062
950527
862360
35771
849134
725643
959895
343050
884761
424232
851068
905293
377957
588702
272931
431174
823757
825060
543800
416909
351650
612595
185826
643055
279355
677430
554509
549875
438234
505949
930195
48056
144029
387473
781767
613882
485277
741698
995677
921459
998183
488348
835257
550366
617301
622103
973779
399446
510472
721582
909251
999454
597763
169575
246190
598266
971367
266705
870989
16762
136007
241868
129687
969622
337383
765122
643851
327221
705558
982836
688412
92616
177893
106287
878200
975443
15171
959581
340215
562188
163702
456055
848989
704092
183224
725016
707851
669058
545388
972077
884041
363223
224699
250057
533544
240044
699600
184405
782231
725327
595564
93156
728133
453165
39142
653157
268525
109969
88515
90930
621059
180426
817838
462341
551289
612971
820308
125642
731054
998636
732830
280463
73076
4334
884876
371671
621116
295324
681643
530702
467296
461869
814066
242392
511245
698565
99135
341059
811467
562107
394089
885850
697835
985654
300673
334491
790476
790384
427562
198976
245705
837789
636306
533625
782595
915300
205836
887291
363014
850252
415948
967602
168794
790898
488574
475794
614313
549750
712579
589579
454151
585206
600073
101339
51427
296370
99973
473725
333577
669967
758288
683711
531794
634871
166171
22449
18217
513821
882577
404281
706618
392542
623560
943620
800185
247747
557794
922071
887307
278371
186502
246596
815189
860582
985654
149879
780192
907044
455758
374000
363174
13803
216024
412299
970044
431775
174414
965947
370779
746044
924205
621141
729228
98296
977650
2760
850096
452611
302836
542699
908137
990704
594141
695535
713257
773037
953798
713651
65429
818350
41518
876663
11093
545001
246039
866216
606523
503930
995006
116825
293965
85222
533877
227027
233392
779772
887262
689795
691763
294999
456134
190225
318262
59201
219035
394706
985526
600818
168204
783059
302774
550518
773052
194518
424650
635820
724514
721817
691267
502506
616191
637329
673522
152190
163709
449334
787867
901648
770145
743032
583352
789923
335597
77135
905126
829050
279957
688624
337776
67479
539931
959515
419319
650782
624457
192401
139963
603865
727499
128611
678024
677141
390054
699750
168255
863017
773913
998083
79936
80534
491086
832747
428017
151434
105533
168167
16622
923327
155230
18701
717
873601
969032
117134
700044
169484
800683
51629
758873
194643
298250
648958
182621
857671
520732
326248
133066
521629
527550
131602
522164
60410
168864
290259
54257
611850
950494
853184
888564
469642
602157
901631
655827
321384
910450
989289
