3925
796721
187945
508688
679582
665332
460369
147106
652744
946146
918623
732020
73875
279805
789897
600739
477965
849678
585819
206908
757912
788514
829167
53643
52193
719589
809210
384705
895562
358682
281539
554625
8938
280437
483824
403847
989034
425493
94009
199157
507984
988705
47165
903292
819416
822078
766515
199843
854334
973098
514745
894263
602137
30200
91016
925967
518305
388520
238793
821755
213777
127202
728640
550473
471144
319631
165158
510643
173449
307541
220182
37352
434562
43757
292381
749109
815017
249954
207476
505744
225570
935912
289929
375425
872766
992726
629625
572398
610238
799617
549787
223105
742773
9911
58038
473336
648331
994581
514386
491784
133790
563333
374892
4783
996930
237592
743107
554517
82281
426108
911695
607774
5470
73050
463569
320399
808555
485519
128645
728922
592923
119812
380213
290503
150938
482924
12583
358721
574584
991513
105591
958651
966092
616380
756223
894845
27509
84535
412466
966863
619516
184608
386120
528192
541333
855957
537491
89491
849989
236535
623281
556807
977309
141637
686810
421378
601700
437845
353881
691545
386323
268144
471384
731199
504377
593099
431188
997319
406911
238174
457263
79895
205958
800931
142308
766507
386348
724781
164053
893315
168238
70819
417152
809515
522855
675287
297936
876325
954295
256903
824976
901748
940031
197103
920442
460871
140296
744200
587374
628801
305923
381409
819966
345569
820075
914905
22310
21779
50951
883830
852249
506834
243659
719270
718646
871224
154462
310159
243609
808739
416823
55317
340302
392454
67296
674344
534945
260233
144989
530694
283793
823902
245542
291476
231331
898786
995535
524501
426514
703915
876872
285764
535331
57268
719297
908244
261847
827042
986598
280770
382522
349362
458824
891219
137817
842498
921563
189104
194768
277368
38748
149082
697473
994451
873483
527435
897249
709836
274902
948907
538092
106600
128534
579051
94585
464157
852978
595714
261416
274014
934817
316610
453367
265541
790606
175510
994868
812572
962196
309786
101709
695241
528296
270231
836547
618643
75094
808986
448125
215189
84644
666223
834937
787454
919699
244159
195549
789761
375235
742979
737580
712864
114358
596388
972180
28241
53037
794545
537059
305610
481198
713148
814106
643118
688103
184722
298138
930900
382509
468692
507067
743280
707869
349366
696316
322400
226659
242068
662164
856085
782297
43628
724135
680540
858823
522684
874132
904712
541385
622073
545451
49022
349006
564009
428668
114717
414972
63774
9098
321543
652785
595535
586015
771473
711077
194836
846073
554691
253035
786109
581602
706828
100310
24528
330205
496197
362424
313566
66748
589728
188678
809409
938511
796589
204823
470964
43767
765704
257483
724751
913432
475555
77001
866333
567981
305068
403232
900636
825141
767194
44623
207888
496075
819609
600992
587716
750419
715280
589486
800158
891088
378827
99464
726494
236051
770442
931438
792627
115214
234277
133176
61306
289735
933722
941974
421332
98984
309493
846962
969762
718835
512859
128818
848415
874386
293938
923097
538779
514380
197040
742093
73872
716372
232959
244979
321443
501692
122698
90934
519864
413639
824743
708007
912690
400859
262049
271999
493062
951637
813600
287615
179194
593335
557751
698424
108736
506940
691338
243431
876265
233613
880154
511352
790536
122444
901487
323179
810852
577996
733409
95828
443161
972452
165122
794364
532299
224537
643563
576038
563016
331128
131554
232556
890809
572485
776613
721927
9413
376717
269462
788269
296515
620504
590018
403156
356889
281083
165519
747477
886710
636618
152066
824748
510440
88362
325867
895004
77146
261507
241902
671151
787950
250965
755822
915611
978739
107426
95575
81792
425859
322889
548232
361614
746940
488371
783068
331204
323033
696230
361620
702227
443372
922999
267874
588001
888250
796124
847188
281897
212915
646623
758363
545983
535756
720303
336056
830001
598651
984657
674818
122889
283470
696756
139158
828336
809193
56225
642907
735469
75482
273873
123952
6794
697242
561368
378293
406871
762467
10304
743859
606536
223592
468273
924265
169657
478390
517387
780020
777235
638885
396118
400026
745286
977658
424785
939378
483318
712541
587495
531700
549682
317937
332607
955865
882847
564885
841714
51758
126451
809655
977752
451323
692317
203984
390779
121354
471554
957887
389037
538518
468131
948102
878518
32018
5274
753691
351397
170642
473603
850092
13319
55002
661560
270899
296694
19906
628340
982897
181513
970434
554777
342538
978857
167520
825676
207740
968771
904819
299198
942141
705433
979666
25350
244785
732916
116126
97258
729669
734132
103145
106557
350379
340743
285634
705698
626290
911544
175519
129326
67968
987679
854565
722924
322351
437623
717782
614842
125442
780876
785175
514320
573891
639059
430813
619809
352314
797204
66100
876570
559179
273282
304172
47495
890157
980075
84640
381909
417155
76298
235172
343858
636953
807738
112138
687760
365436
84293
750033
27209
969142
739035
749227
387165
505700
184478
760746
557654
632246
346010
524102
926668
24515
457426
989837
148613
529863
857141
293863
106228
511546
813296
631685
74658
632525
283101
472038
70122
100355
108569
518470
798110
272490
668083
138019
874248
730038
833087
760364
853963
612344
598219
444297
487399
400384
25193
868930
520218
568268
575531
731277
89252
890667
240173
75062
746596
876146
842508
277101
70238
231834
979829
964839
730782
962741
159064
812914
194357
646283
990586
416474
453218
910933
548138
838064
443981
199125
415883
187965
233260
543696
781968
803203
394312
296489
711559
784044
472922
144860
942860
309714
153167
242643
94430
420906
204203
479144
143758
449741
542730
753656
82131
82149
256641
937760
404283
373616
791522
202775
663356
170228
845918
32424
934505
304832
357573
49162
28800
674458
479146
189853
239520
342730
891362
318659
122711
961346
539434
650649
710233
415400
816040
482961
465614
572930
378058
211310
188290
506429
29451
942042
147968
237786
430676
528231
535480
804918
438911
168480
204829
56884
142710
176972
467532
92105
313722
75391
797542
90403
835456
983516
221374
125367
442870
686954
869102
28773
690275
67090
621316
13131
162284
331315
759066
562083
588978
537378
185539
865945
565529
861377
395169
356526
128676
225594
866772
58370
379068
376857
271757
13569
401871
610115
92672
885549
159573
753175
832632
218179
698094
433312
39748
154317
499496
783284
464591
848451
802844
885548
455246
652255
226487
502783
318674
309692
559447
663805
474621
606314
185035
406886
466193
563153
693821
164005
905700
960318
473388
375404
26992
804303
472913
546605
180167
659063
94435
94066
807587
194479
904886
560345
159515
86202
190782
342256
426162
731538
640242
898281
322314
482548
39756
479930
986614
35909
425517
897939
729900
445024
456476
12989
642265
824317
142895
735116
444559
723903
113154
677120
809818
371610
852580
994686
129520
647006
459986
925990
911622
662309
507931
255184
818943
702101
465186
522536
514879
357523
251394
597347
649246
848325
874380
427037
620665
679809
862955
43537
132898
29719
646057
633076
187831
860471
973770
689518
125776
430209
328086
375414
634834
732008
84661
115657
6433
160321
932402
745286
867122
904430
429666
318505
628030
577121
579998
420834
508178
987599
725867
23633
992451
707699
580283
168353
623296
276732
810765
342846
830464
817109
675887
864820
370201
256398
318371
571365
198386
777324
593952
632551
813585
521674
635247
954872
65166
614954
111158
624414
117801
778076
447506
915744
799863
708745
398557
235226
796727
550684
174031
899841
628098
724942
823552
406516
254433
100493
715531
694778
679225
785993
780879
926494
278049
681755
402255
562724
622228
586642
299001
646887
295234
553946
117124
283216
907137
350859
907954
782325
410080
464652
892597
462091
203804
761378
166766
933130
338412
822425
940624
943964
81527
585229
333283
641473
233510
519381
970597
965890
223635
983693
916427
76687
528864
794623
983397
266743
107813
557421
156767
448580
103553
460478
806755
765105
158865
149059
985500
523913
207103
552100
544342
182110
241906
704043
957185
425506
395683
712877
925652
734245
945040
775952
853711
398635
662217
837374
789144
709865
499751
338853
19655
449372
779484
386600
843005
384135
313062
267045
807471
157127
670942
150243
372993
831572
571565
879960
153293
919446
227229
503125
692994
957665
73869
765775
883241
373391
417983
40587
494659
322617
864331
30565
134415
586002
755063
351676
11176
24607
606046
478653
9610
893846
623372
553163
590261
93587
617964
248264
819242
659441
158040
10115
826194
746571
796432
746686
918718
170191
508167
3674
164169
814459
296982
676193
925274
669368
903891
164976
836614
737103
620093
830911
686802
169612
355406
979663
896534
335214
526707
31087
489148
264519
181656
490794
182376
593335
449628
953616
347122
60095
170276
421919
757262
614404
968588
265231
461453
714147
240823
301559
230908
955307
701895
851103
980650
582907
134440
290979
746120
541945
276295
500864
17705
298284
569633
156158
309096
74743
621238
768570
436904
378867
707868
128783
534390
880551
687279
566881
82123
63527
234022
486917
863087
7558
320193
18704
257271
177016
207390
696507
860143
421193
682283
894576
32402
899380
92854
831539
817078
702753
363873
234224
204485
952255
842673
707741
818277
194937
427589
720203
562297
800791
240163
290063
420289
163956
793518
367111
392285
767768
68084
612555
802735
153201
788772
471538
477469
438899
811740
528958
931574
861577
388321
888357
873324
438070
816360
226173
951167
678605
856209
100354
306747
444297
183219
401479
401624
411786
31762
277112
192255
313709
599917
899591
656684
112966
29300
201851
664302
208188
275287
640657
696834
657978
340814
987522
934446
656709
735010
640680
563063
726999
424762
437684
511056
160154
756003
219734
348251
935281
432854
54145
783116
64526
768868
474954
435803
193313
16639
511720
486437
419819
299426
479580
58336
191601
589534
790954
184761
644363
145155
370693
796428
207196
906471
426824
10879
100892
504086
450017
317884
389584
485910
761224
514377
900315
969429
668141
972165
711086
172593
907184
24193
327516
39972
95434
689272
587273
758986
489865
983340
42112
516817
298936
105951
687330
909052
268380
96556
93564
344340
387547
216320
950258
718315
869816
105911
948760
677198
265913
20695
260576
727366
94314
619235
651949
979915
133690
174685
787398
28614
780994
628764
573798
274689
252326
611589
489648
34222
902100
677289
280383
508241
555434
440635
25372
93578
461428
479340
392457
795267
598034
64997
660026
96562
763128
559328
485155
850891
617616
685412
179372
852870
132346
192411
969538
156168
45491
314193
27527
743729
471571
351691
647721
269633
266160
538754
813520
757607
838561
145147
120945
309096
751261
223236
598848
721576
133889
510156
277250
680089
120368
612128
839168
502077
878548
671102
940439
732569
576899
749207
445165
381240
218110
624166
641534
622744
36243
5416
837460
894902
618594
354167
488149
601969
609340
701447
170614
302685
325415
433659
361102
576615
344702
413093
110597
862176
199669
634841
186923
147048
150075
900524
28389
179448
79096
957198
226049
870539
988470
842625
455403
551018
705947
935221
752313
759955
603476
25090
178913
724741
69838
918849
816970
880875
168734
319304
811135
38946
718401
595136
705728
843753
605117
377956
808307
830692
732582
237847
898616
930637
238268
684898
745882
843000
793138
985866
489313
484288
431434
659850
343428
417299
359003
444914
105723
804311
873780
769692
355187
737464
562459
31942
326747
95440
675310
305809
321627
428337
19307
982037
533349
100626
136843
172639
821219
70675
707400
249288
302928
895150
166976
443379
697123
570876
855538
187618
42021
981217
870949
769141
438500
446038
659815
10369
417728
5969
637683
442377
563810
906259
941804
469404
148237
475534
596550
988427
801996
215920
639044
278916
926731
910160
723483
86159
400002
107764
719222
208933
888908
478205
478995
427496
189078
362672
204810
456004
884210
278561
188654
108640
713355
12606
171724
550528
599155
373749
723985
43322
481753
473603
411592
969042
524822
612378
773312
705333
325734
607086
812491
157263
955892
264797
397155
388681
813837
707769
233192
634466
722871
975283
97285
217065
303643
199909
454384
515540
164637
382395
51663
456896
38220
39679
535544
225990
64053
578561
439569
74806
901330
566175
157718
834547
736672
559926
614777
989867
228110
681253
73700
191473
33617
591354
181722
724088
394836
435004
521531
635118
57549
894805
77414
974706
951147
930969
820281
5300
270635
327735
509044
391976
366858
419963
388091
372071
583061
737661
81338
310754
213596
838634
523043
429827
552389
989868
448786
182690
676988
703289
515794
501216
794824
783797
402361
343012
417593
94789
704174
38512
141886
115570
966603
793439
255507
27509
450269
207741
820439
43429
649736
403842
559163
176890
413768
663277
479191
847549
73106
104186
409687
654798
407001
399935
461394
632465
660268
669993
39227
615670
306364
442317
173168
914468
854524
354605
744624
432898
235233
672074
628330
836770
459849
480225
279152
24842
840120
225539
441290
764703
572093
969172
456423
591792
822067
320608
995695
35356
12771
31637
974387
81122
582279
435553
492806
706755
682217
256553
227109
511510
9962
892002
68177
808104
111711
276368
618302
225101
874902
654297
882467
984327
885878
145797
573746
49106
932164
349845
754914
424458
83138
776700
394855
658938
102706
69374
261252
963586
95480
600292
851894
923364
228253
270681
72465
493099
50032
761957
781353
636856
329863
530371
391207
840810
489571
875424
860539
232361
237105
28851
487344
30992
325101
461875
891035
300853
681889
418106
559981
502357
932619
290164
186664
17249
724125
801475
97390
957279
549022
126835
547381
832127
621550
910101
487639
137915
508582
132922
331270
597993
956062
801358
297053
822944
248456
936974
116433
43269
949305
397735
864774
948081
285384
531949
849662
943808
768015
23348
89708
647417
130575
207119
928935
210965
816
929251
931194
419886
415333
587046
263832
193029
282798
71993
15661
643824
825015
289248
995023
663262
286814
463322
754003
573256
783250
465505
361852
170359
374742
712320
215247
445868
713573
961484
748610
728367
633072
581888
421586
73719
598211
468153
285812
169394
698181
838922
755747
778099
104158
643389
102488
719094
258547
450407
972376
807120
915213
961191
288295
466295
88727
730683
868890
989803
294662
968382
358538
170945
427731
638082
336869
422666
191780
19654
359262
607012
728969
355156
231108
685148
426977
49594
577649
560447
438877
942498
278745
57980
673052
387280
345154
28599
635446
226744
27986
62572
582165
136954
146500
881790
71228
638459
413877
520092
550315
307745
347291
962382
149403
527658
676884
290722
13540
96490
822236
723181
635007
971871
361945
270336
68581
671986
566993
626985
304854
796109
756411
766307
455797
791699
315763
67803
103568
642049
851270
549023
695166
680287
995501
309605
308962
181602
307607
767030
83340
128481
83679
195701
507646
573490
730013
762384
586827
336481
86872
470914
299163
607948
150169
348418
216012
840030
837083
267787
420467
18278
420382
340297
758272
551251
619162
370397
255743
644174
702161
935757
799803
318772
440701
651595
717117
992367
798249
732896
931442
208048
878620
96245
427050
590923
884591
776638
691837
640622
772544
592324
982536
24959
129471
594509
497621
834322
146726
42217
986009
644484
497733
839580
362454
150582
671931
102947
853089
194985
81473
662949
836862
784115
177312
875640
82343
387868
686723
902540
138347
176664
189799
255224
466420
815968
117806
608095
259809
734767
640147
395262
103825
631126
527032
158613
308673
819452
912860
905456
406093
746742
872552
354321
558227
112895
894632
64956
699957
951892
507415
439007
992636
28014
964499
974875
959450
849373
783023
768627
465480
92350
106151
298384
992398
307737
944366
926190
963105
141849
261220
765991
104422
313576
123236
280986
977109
357607
65273
636920
430904
976647
36848
977131
935763
779079
722184
52707
759774
208906
687366
70589
738094
729684
562277
186834
944562
553505
631467
573210
743832
352162
268823
3836
96591
562325
360311
642675
770536
8127
968085
421854
359958
353545
919761
980580
813204
865845
152010
805185
670949
260475
566390
785906
744887
286212
66834
753273
804961
757890
559475
853582
969035
726122
251002
945186
211757
201615
189605
313296
424752
579996
598403
682851
778864
77614
765056
525054
828579
767436
943582
287404
369299
287427
149252
900229
459143
475874
199856
617081
571392
827727
110537
516476
4063
354245
482512
54990
516644
970539
449780
327910
148753
91665
44036
899898
231148
565833
18623
760493
595876
473312
481159
723030
265739
9912
114164
409641
36546
895811
57029
433285
475122
157598
159346
761561
556150
61832
792797
5811
852311
702461
823142
329959
50799
512755
467166
668312
481646
522224
565139
85670
563067
131462
455306
323956
538482
370413
888138
513940
531084
840507
465685
143314
85788
370690
212402
120922
211446
60742
47717
262023
249194
852953
743425
655177
25390
474197
120724
577201
708569
633654
513216
849308
614348
717521
970281
881722
496683
948661
967434
252090
839497
601565
877282
854676
313506
473870
405324
574898
603329
715027
383469
953851
289282
102867
211527
212222
576178
367628
36074
783992
300178
877806
422089
57923
207291
819478
634282
36059
729435
28261
664055
968845
517981
642109
63730
156798
533671
685144
812614
578261
306685
554692
523192
750406
895619
876479
293756
65404
963807
870187
999908
216162
645053
694574
195315
413967
139564
345192
629072
478732
618405
743634
922006
641794
82156
969392
261256
934981
994512
289778
811682
222199
43340
886957
264011
55258
3536
614640
175206
944950
904153
793158
13127
240099
690492
606088
834242
360692
817859
410908
409632
350848
505006
74894
461483
104974
506331
800265
248937
587804
412736
168817
242981
986508
868180
688352
948648
233708
724621
250428
862919
230432
395269
741554
842710
87982
10870
830993
858490
71782
640036
734341
703324
961004
835674
112366
960122
681956
493452
326748
456535
357112
433691
323561
493587
980425
797240
545268
303701
646255
810656
21557
895140
959855
258245
261058
55573
719096
964237
380061
651615
415002
977587
561591
171786
278660
863564
947014
725702
166456
493412
970686
810776
930637
599751
490671
24047
355424
416475
391674
582613
131993
675690
518001
184001
926357
741374
214154
727177
988213
71461
80640
441076
697090
689556
131335
986798
748348
942824
765098
275093
728766
8391
574978
258096
288015
764965
916756
269631
755719
383459
877064
173421
945371
234450
962
478754
637064
289172
676319
632117
183000
352803
17038
170687
95252
720428
287304
905354
264647
313875
921581
953705
620650
130202
116605
993121
688625
567004
641839
435781
711793
7859
851698
511199
12076
717113
55165
413386
392251
472812
995989
44061
835798
887019
514203
589122
353539
843933
529935
905892
213273
448561
413989
912134
871472
946431
421634
814577
484584
861709
876883
249734
333266
561326
678282
938929
187326
882182
381687
76670
808418
987304
439999
468614
551587
909664
20987
132801
969603
810956
216303
225599
411304
984421
204197
188722
201029
949660
303909
768675
108263
567775
21012
508229
363038
280634
46503
291303
865990
140314
538562
748354
396273
391854
519153
181746
463154
68518
20353
90242
842569
323229
682876
507936
695270
55315
522432
632943
87132
609811
352891
854524
237795
572148
674693
679496
399945
165626
97626
41411
78775
592604
789235
706842
98972
433312
801151
86695
284216
799971
773763
560775
411271
862069
614667
318538
55560
440096
437451
869315
337320
269705
498007
533374
333328
594608
841660
301329
195272
306898
666425
686731
391174
594286
800669
621258
368919
981988
50814
245609
957033
149944
641555
178389
57395
695734
788143
836737
222465
944112
474331
232944
429791
720099
705806
783535
704098
47672
61387
302629
437902
557350
702360
83522
772135
36660
129174
531349
688471
99612
210498
474938
832568
493771
851975
597232
711551
970757
929725
268297
831238
82406
14786
582074
456565
163331
166195
57234
978956
339311
344776
702792
744142
864282
422537
53229
978061
219859
457777
444480
727311
883182
224157
484768
157722
53440
133617
742236
626145
302023
176968
146342
685963
577511
130645
696743
541532
307407
382555
168684
656770
171002
974981
398077
70782
232786
513123
551758
579501
90990
39553
971407
361971
244732
897830
16478
382531
313786
410982
984925
383884
544926
8164
189981
955267
191638
847016
587129
704137
783274
816345
535040
994874
893053
529687
482442
267410
62258
709687
947243
732091
876906
56028
677254
266615
499692
342126
687865
290790
719710
945210
822710
524021
66288
807334
51121
434147
242648
707791
740853
485361
856055
533697
61138
559142
691739
932050
400625
215484
917982
327899
442440
590186
180459
83412
275048
13135
472928
516555
738483
81464
337743
858049
679596
469646
131935
413985
298855
450207
519824
418014
894431
19335
361372
824744
729958
981307
931832
108618
701111
975857
839354
173155
638311
301231
504084
473918
279738
709807
831614
35729
966098
208108
831346
166415
628611
523661
825745
210154
997697
123434
497891
108713
260027
514431
419260
726817
255105
508716
330937
224979
294304
621158
501418
498658
144142
257278
40650
393967
341248
502092
484841
913875
112410
620024
204331
331000
686590
198500
601704
388436
301381
819449
689204
325763
112844
532813
889530
716608
700646
277678
223810
462976
637615
429454
363986
629868
976000
992650
185968
744761
38014
291865
210053
989477
374477
761421
119644
151951
743267
65481
851082
142835
575095
570752
555816
59458
62743
228517
121084
757146
868633
633973
240246
990119
811305
377245
353942
964437
838210
207944
122346
223409
996728
802441
764469
33499
496241
619490
306412
727658
801076
486959
102618
426140
304345
495218
945251
563512
555680
933052
926309
317507
333854
536692
7546
372443
939474
26439
822554
344179
742230
956524
672862
782763
759985
214866
386847
825162
371273
334249
509629
276955
431030
417162
303227
342691
342961
378820
537096
665723
575723
85060
882137
525325
278970
263968
299249
179567
665326
612544
585026
867927
123010
539113
677613
780858
660014
731752
620710
493062
192922
955415
273395
991736
186476
373263
84563
9562
849602
673834
362363
319005
27835
121971
372539
161231
780656
169325
241152
680376
291713
559548
947635
207255
194633
44532
255166
914612
342195
843197
593326
921954
246502
342815
5171
818387
585756
769456
208197
504087
399889
530455
431777
323955
419350
232060
277809
753370
543300
517902
349130
952907
74062
712368
522767
264966
705328
984065
487858
490284
327364
324038
648859
679602
183475
501239
455329
720577
987336
225059
996661
861550
48672
54592
822366
546513
673150
839571
150558
997508
632763
529912
271412
830138
243994
28687
646011
303737
644346
702787
508656
863733
223908
965880
339153
721867
872260
706000
608544
870871
713717
719258
524870
642866
855349
272025
742165
19723
723192
793644
973094
473440
43224
281951
264545
259994
87209
406605
195611
482947
250091
368175
77274
184741
978649
687622
964916
101504
345502
95649
728853
807335
35111
916107
535774
519735
973779
482261
929323
926133
856199
28667
237997
941699
231391
652022
857462
272319
203007
971678
301396
832953
872007
637561
427028
23694
744805
733604
212904
291685
774916
957276
45475
584390
754722
590890
861664
913426
205247
384169
185923
464291
57713
993845
806295
551040
130965
89714
380055
72637
948895
630582
652296
637549
297235
550036
280835
557061
821453
282950
990673
193103
26234
28022
75950
339591
751913
873897
569712
265494
501564
395080
344321
210344
431352
685005
507080
142572
69052
691718
32679
193832
550479
953353
562525
868342
832914
417333
909002
733342
242772
662880
939091
723089
725380
972834
393820
821952
225089
628285
416946
714967
94734
905192
466315
683866
975265
700342
31076
915610
613786
775464
369226
258259
716561
871308
185397
732965
885960
619023
134158
546862
889728
973222
429842
990208
970151
362069
746190
401604
179886
449115
676618
505578
445945
176378
860354
23244
333680
610982
565647
255582
807539
437962
870181
248724
730218
187185
485813
85905
331193
847639
149043
259334
251539
347597
404210
599919
553126
890755
34091
73702
296948
574453
790364
734051
402882
659957
880653
381649
101864
741009
625645
309197
527561
612768
380188
938941
267101
868270
844034
371403
729770
643649
281436
147517
676882
527688
696855
643827
666565
64991
610004
263804
495958
188737
842700
410196
110956
442507
511629
367166
8079
360425
821923
368826
486946
14047
635602
447332
787824
282550
999870
781801
532190
445761
833582
813094
889344
172299
553701
140127
896520
64606
503600
372760
264794
187250
795902
792660
714619
176049
766953
268903
99879
189475
243923
356986
461121
225915
172907
721371
239333
87037
948303
144190
582554
545546
58060
985941
378147
446794
765632
321159
470004
138356
448289
926864
881154
463677
678038
552820
230835
70874
390275
712801
356469
799540
132770
218144
220074
548072
327116
243383
650497
575479
822680
826271
411168
459281
855322
824221
151229
830969
61709
790400
889484
724437
770571
49270
268499
495252
465976
181642
728985
921788
854207
717886
370813
488911
815604
926977
71650
19417
545625
765005
749256
227289
311100
599455
122742
622345
640381
355028
749139
207308
340206
493853
271381
489076
661971
569375
777168
32748
921544
806441
264688
713352
46530
214931
359682
342568
544878
822191
208684
230659
988277
132271
826813
683157
249697
874003
425759
598951
767641
699276
170345
200376
486216
724402
104593
672197
313756
322655
567103
571706
606315
734246
989244
611381
967215
285683
792521
963059
304562
40449
85452
798553
664901
721138
623398
438241
43434
858702
675680
196191
386513
600667
671811
829295
863551
646228
811142
802110
819787
317386
497506
412145
882243
757908
594754
696949
498219
60724
282838
221860
717541
955720
147015
145488
55276
414570
42821
511088
682042
157988
222843
897189
626250
771603
252068
215143
295096
662871
981559
749969
105668
313844
552702
564933
90933
385032
451205
86653
635034
174377
229229
230895
436268
522522
136928
907996
266575
641002
372255
633910
34423
875370
708790
813036
244263
379657
238481
379411
979093
690894
124969
669618
527914
982960
742231
148522
202405
796949
530185
180928
405471
492709
104466
465353
471081
108235
77979
166961
477009
150600
716343
647527
254532
474419
634581
535593
767181
416401
877134
450215
664956
146381
28511
695446
983073
412052
667952
181396
126136
83343
20562
364019
603039
947646
494216
394085
747073
7278
27516
241346
727639
140311
583699
868600
982085
244180
910234
796495
899168
788543
92319
861463
346767
552
631453
172785
784975
608242
918223
930296
40656
305035
763493
832010
854717
866182
365588
908470
853337
633687
956744
467140
706052
149418
204085
47067
654750
71200
127115
641491
488386
226023
895816
672344
765363
548212
475943
933751
888405
996128
227190
39688
836370
963228
379397
872504
536029
765459
536250
193458
118867
493659
273794
958058
41725
951062
252706
910342
98802
234219
425899
509097
309786
879709
704140
298013
813645
114501
254209
301851
109849
331376
944810
217018
93283
551639
665206
756019
758885
930359
406078
978829
495317
450957
699694
704297
76902
599792
115870
715948
845735
538186
473023
693764
922378
801460
403696
778841
364928
605293
317936
625682
465727
575863
173870
830017
720997
129551
748989
111724
919286
907911
758563
69113
570177
576065
108241
849269
600098
958730
883884
972673
949344
889168
98121
