5530
162993
410837
955772
372047
271086
996956
310193
244018
1375
507998
352625
924500
557459
948234
19567
788633
13286
592414
746439
632328
144063
555394
823756
947519
606002
2178
120637
662966
856583
114790
955863
151213
177618
518192
618180
699445
624641
402866
351281
695832
229172
73673
28797
238759
617158
325882
704461
413150
952875
957095
694460
965685
538482
401325
30704
794758
443113
397853
218696
27541
943711
750166
158001
625025
122820
955196
575960
415238
934509
956055
941433
661869
188340
850250
547158
29457
143101
132973
240068
12046
19731
680778
319391
678983
930544
27889
895966
744212
288027
569976
628673
945799
871596
855891
740199
835609
208811
483404
484284
703030
739927
145887
395215
235618
226754
337780
708929
622598
182425
899897
253465
644571
747266
394907
995189
305842
986782
155234
654236
822813
286638
222951
75630
116990
460945
656818
919612
348458
932011
876788
928244
82872
307362
397277
567157
76780
233666
866395
191233
153403
432512
979633
560336
717051
164316
940335
554753
930089
930335
125332
423340
976726
356356
448764
995602
483630
521075
223623
553398
3686
816104
741769
132805
681474
811763
45927
18096
990336
209624
747092
657883
175972
387286
352232
980205
933473
173701
258906
619528
291937
726744
334746
162770
775985
836739
488910
130930
122060
345846
110886
29271
855363
314502
566430
314802
384325
929645
20368
397572
417681
400552
534643
529425
528373
199998
698932
352244
688257
864993
195823
958412
523085
617901
728778
366356
836708
189645
969902
361425
873804
640381
430051
743908
293107
714154
60871
647743
749304
363829
358187
235060
516242
966742
282186
507113
972961
462173
356903
199144
421007
510228
915010
232275
187171
844097
549750
420213
669986
7112
125298
487411
139426
809708
124882
100321
61996
364278
53785
705136
514765
551086
232845
365510
405881
346822
457008
919654
673885
731735
256214
656974
217216
977474
610792
833184
14549
99769
368691
47672
633887
166870
811437
379420
249665
809000
1926
609425
915681
390095
614759
451210
91128
915901
847371
731004
134586
91228
749878
725773
933468
781070
672021
216618
887302
147472
897972
913015
844311
177336
985622
903138
541071
230173
91444
432593
646238
708565
643349
255865
553350
666073
52934
906384
745071
339845
420407
914842
392711
292540
127346
757792
216723
757801
958968
953216
840663
911648
47290
55837
809694
991906
293105
449142
689639
470911
129306
2197
90860
918550
394898
91934
869776
306872
370313
778375
898020
78955
71846
51750
815702
132490
744887
366309
885686
581834
68115
698003
470758
42391
415631
754133
730718
114205
165017
786106
582297
245154
652212
111148
618528
95696
301648
390081
391089
450513
944261
120881
437388
994835
604588
274275
584409
444075
586650
109664
450809
124309
529722
796265
302503
840921
9030
430691
782923
298826
21154
863408
166875
312105
592149
171354
68078
128038
249700
441769
23647
977478
730061
703188
691162
619296
833053
280596
613894
423041
966062
811795
819599
204591
931137
127812
970830
944843
469364
747980
824280
455311
515168
610461
601632
724407
524689
813540
422410
30589
375779
267736
504973
587452
143605
276531
546051
728950
873229
889470
588880
870833
367496
377476
29613
401852
500796
360744
386704
495055
677484
44947
965498
130896
636710
416389
705436
473650
639869
927117
627879
140984
748191
651439
844696
529554
936915
516410
942650
783247
520357
973227
456095
952571
779702
207622
553887
481662
369627
309151
560459
132866
544956
412964
501489
551370
176876
867331
803325
961196
841241
707001
422332
348397
847455
340729
482940
276919
228087
54837
639568
296313
438668
931467
736560
505627
804462
784207
299452
29021
403295
784625
209441
80523
560331
456971
776212
952927
460693
59210
276988
292979
388877
997494
451564
742177
171069
741983
678926
971065
497571
428006
285659
936862
246328
289765
970566
625597
712943
548988
46201
734187
998841
541433
68086
865370
664261
765283
110176
87992
472326
405987
932115
186853
504492
553808
64045
149518
737524
829781
265328
291243
670657
433600
647313
137454
827179
852486
193524
817725
510336
112951
999613
30765
637035
361647
1156
728493
789279
94327
194859
905345
924292
352678
251094
24890
158652
298147
687754
49734
694864
167048
395489
733923
555772
425442
248999
46511
540947
5077
250005
688988
915856
362972
261928
55359
642171
540847
597660
993799
573557
40957
196490
820810
589728
147544
93595
892859
78765
218097
915304
326392
909763
424056
985648
308288
937225
539813
28149
398082
438288
748565
501107
758352
208160
364428
164478
822963
45149
293337
822583
424472
96342
428055
356778
285607
285227
929359
378695
890996
979736
233019
130427
153230
469154
470310
441515
416629
297948
325487
221453
781802
622358
339244
783266
970974
723171
139946
545108
85452
225670
205395
787112
710050
464313
237417
190943
3098
77977
215598
583087
451304
388849
876006
3289
882188
170657
319348
733223
667975
801386
59361
881412
359722
937433
903036
320183
482441
611150
894299
471550
473487
517993
390527
113347
969323
769040
255382
142973
350889
632158
797401
545446
707547
480491
850454
381268
454901
537652
234888
108407
856889
64807
358114
288430
551687
71758
773163
95302
658646
82005
429314
993935
734400
72569
572099
729181
552503
216079
463554
778840
214677
244591
579636
969856
41618
376891
150894
976642
490447
666191
562821
819247
980815
403207
201684
808095
420421
957991
588187
343329
898439
520491
889732
395869
105250
127148
296386
345033
807304
399340
261330
99588
909093
918078
339683
370130
323600
255061
483794
194805
862812
228391
793486
591588
739405
311421
823003
197099
530855
827546
794162
993822
46690
762181
228997
424251
464763
109045
501535
354267
34404
913497
843818
886549
861916
926849
859339
451568
325721
452716
762856
910274
379105
334511
654537
970409
28727
384126
944156
354341
411059
464410
874450
750161
760939
722967
653160
141564
620429
728649
798720
702888
701135
78987
862509
748190
705405
583211
269774
351852
84721
896757
806161
285117
561953
969754
917721
636307
146386
506749
911482
553379
323883
145563
565409
185997
952100
287444
621201
502198
407197
740570
560136
830084
360907
5045
241344
2869
359949
463600
991633
933852
568925
596132
140531
600570
598049
969630
268962
885749
442465
484272
660762
636407
385492
362641
668930
411686
15251
550833
372517
67579
372271
408606
686491
963585
634654
216268
406342
8492
459408
803140
920888
355796
424544
293740
171250
163788
161958
373807
859655
180451
1513
908232
934176
107831
929201
66672
916248
209137
396091
254370
43527
830880
369606
991175
795805
67637
996107
198980
990756
713625
154313
284188
406055
693351
732350
829890
746417
613321
634994
482047
84782
474994
581036
10684
105327
803829
634440
243117
526729
351105
267617
541530
213340
729594
158760
897867
444529
662132
168150
994768
19197
590094
936638
673258
758595
937193
72507
664794
86677
430532
133961
706883
264250
868277
352112
756350
608875
879750
417371
140794
105336
454314
124231
38542
718408
202267
397079
579037
900797
130833
290308
197477
83638
368800
711601
688420
71022
395311
18012
530855
338497
267984
320497
95664
747279
680385
380153
790915
331065
406206
635695
700301
914953
206337
904307
223026
249070
80280
701656
824882
884580
162400
664600
448310
547442
157027
407399
747773
280781
85260
936292
211294
747546
934723
249196
747449
436369
435049
104009
856446
415549
766641
636872
119961
938336
420633
62888
469753
182387
425668
71918
412028
278218
451574
272534
399801
159510
358955
864676
595561
312901
531156
768472
612082
586436
394735
218367
833874
87140
38594
391718
350372
833882
179955
842538
203026
282208
916295
336363
515352
327674
703989
381983
290416
32787
598566
419522
243296
631046
428620
812971
547740
952056
903452
469626
378457
669858
742441
855790
514863
609516
544351
78227
482409
789557
475544
19736
391469
370991
95134
130239
698242
908328
837822
266349
372419
332259
915781
601377
960031
367716
975130
512449
745994
87755
759671
204688
673924
75032
642310
723453
458308
726541
629908
275988
542337
664689
607860
375767
868444
548080
925235
860520
872237
809184
791539
977245
476712
18910
687462
47286
430060
451863
667625
31658
711080
329187
997114
878301
700074
96715
7128
961071
836357
954667
463606
422254
700319
87667
808923
290795
994517
884999
236313
369130
709835
125574
389543
733427
972499
825576
983837
484869
101240
231041
525196
706922
93929
156706
988280
616550
829821
211295
911476
710217
278503
588842
963736
262756
565239
27102
480352
586648
427018
947160
676260
678474
777296
625088
116720
106034
414968
287398
928191
967251
516090
934598
490201
786821
340544
90158
379206
131694
416050
889911
776557
315599
883037
976366
479694
990330
79359
104855
854169
786210
795185
283847
659369
499915
384945
249392
315872
634272
979211
9466
453023
20323
464100
667660
837474
127486
201827
66793
37815
842553
180989
420663
404697
470469
250715
246492
153261
836277
334505
484417
713240
458060
287357
260344
975739
917873
725602
241338
269260
739775
852673
163017
123602
466489
926507
916788
546813
654747
444613
581305
730591
41419
444497
96196
121675
688238
445973
877846
930761
947479
691882
298497
11314
486299
695842
843215
777902
893248
271895
279427
160776
805396
877004
657655
287083
790617
711939
80228
733372
426142
989403
2752
949267
202153
351330
312258
415894
522000
78463
172545
59124
905575
725301
299130
69052
491027
341141
433393
843095
491517
494403
74030
889512
938210
762914
287400
870783
895048
335455
960768
204852
812619
863767
555492
949478
465622
355558
97044
103632
757421
730381
666241
912708
891622
115199
14289
506120
174008
101000
397696
81930
348395
420443
167200
992896
60463
554422
421953
153184
913161
621172
217771
174713
927272
353519
575112
874029
717270
736655
616927
23819
320842
602228
346747
722253
263898
202556
28906
880107
298637
638961
33697
35289
860174
317458
128829
126884
37565
986236
540964
373413
666720
966517
814538
905951
141047
133077
395663
702587
162157
536274
498502
709853
160746
406246
808593
503778
813893
173471
968616
94201
562391
835843
200312
421403
226091
347869
890984
786536
781201
188648
640566
26015
476114
428183
457536
59962
231037
626303
479199
704228
786464
814114
159726
656344
811731
60057
281576
700311
500846
289181
444399
413573
201690
969778
545257
671137
84549
897584
576709
132703
709615
965423
155868
59620
483554
18766
514610
74078
295614
150304
209307
749117
185650
906228
990074
46545
513607
595264
78885
729217
348118
197674
732644
799589
842074
452018
234713
226049
550432
228798
983353
928287
379227
641219
468280
499272
812820
145230
408707
662430
654974
2285
959655
697319
35132
539791
42012
914891
284495
853802
340467
752707
454265
965163
336364
695258
409399
247146
79375
878976
388220
847784
776827
342616
612826
347055
234270
692908
323466
6936
312784
100288
682200
212071
684685
998852
889646
492752
565645
364131
212347
857757
494978
505656
25663
505575
975149
485152
822582
881921
661533
948970
472286
511413
241734
661483
502631
426598
66170
614447
681847
1492
37510
611914
189270
662206
42220
526092
40189
262882
581560
818322
254070
523296
341313
807353
904879
351997
403774
688046
510945
152195
550338
437921
115096
334405
882325
842200
401438
748799
987697
286496
544648
638748
957014
844446
807132
113106
556170
775043
323805
243369
482801
339165
210742
401241
875972
764811
454911
758800
717553
534473
156910
941650
460303
365609
267933
797115
268604
582947
360691
275744
721814
560707
902578
767252
300818
760704
93661
487174
877948
424621
162756
744839
426827
173705
901229
37226
185696
145457
150689
819269
633499
743477
660560
561875
507610
682439
815969
677755
716624
819535
875930
336620
975357
901148
963177
906847
593935
385398
261325
240510
314773
505935
205668
684451
229788
390103
181713
267833
791592
449391
566153
816383
153168
182069
500987
557227
819575
840638
904794
590251
617059
804834
554248
790278
985531
625264
522912
218465
809953
191362
794912
150366
213802
196396
967666
218655
692214
679566
52821
808936
91633
270857
988524
50851
703397
609934
42403
426684
968825
377554
136826
343596
451657
617694
485552
991188
682851
723202
517260
174911
840220
703593
41546
184842
721742
209416
825761
355808
647023
229745
792429
361757
486734
559940
917950
306452
143916
832964
330621
527788
621172
965447
993909
596005
951960
705479
634309
405624
761418
448279
359777
419741
668116
768559
390912
712998
949205
390696
496870
930697
791769
84419
979854
913019
605203
526307
455987
505207
416377
138267
670779
544733
40892
87842
580737
650680
396835
241635
935101
711128
365635
100273
361042
843486
88349
845080
42229
215446
92308
811983
322037
9854
726857
254537
676522
683621
14549
24938
546750
352687
380386
425431
375315
942325
456871
920742
594448
873417
535934
229429
441355
284567
586147
932694
551060
11495
582283
607656
779676
949822
573470
653185
65985
273252
843411
380935
465335
689665
776935
649310
492436
173153
421754
168315
711416
147607
606278
102039
745878
990205
717372
642752
726948
500505
637629
769225
581531
678299
607474
120418
399979
51330
361480
516546
522879
728671
966155
337728
130152
984690
910238
692098
452328
349296
731412
171212
18718
684646
655471
640378
694409
621111
575923
91081
308282
640193
813093
809551
998875
620894
206757
676363
181141
620871
56037
529175
219171
369746
264197
649018
226673
481564
627341
846042
634416
755585
291142
90126
124601
422536
461941
614098
81627
145116
441781
874323
704771
741685
669104
177067
531719
689366
966138
788967
872527
666479
569802
975747
726432
297506
884117
846263
228038
906530
481032
321386
437790
476088
111714
199365
766205
423712
17261
107747
562240
866640
407959
980068
297777
60568
503857
525153
847251
594660
775875
398137
758795
614111
509513
72394
267499
301938
465423
24508
692635
12778
450660
121719
934822
483192
563390
505012
375455
840081
878250
389617
868398
382198
405677
150590
468218
890062
935357
967093
838388
881007
424021
614087
925054
220795
769081
885232
350839
612711
763846
306572
810405
795351
738165
834500
206013
568101
122348
554657
452561
376769
615616
843201
969367
928626
650956
375910
794257
638907
419623
580908
732638
184536
574916
708243
883293
893608
723627
873722
116474
469668
706064
702317
651222
383821
87629
30933
432855
166820
562305
110350
753481
869075
963396
656022
166511
833321
517446
260384
527659
72387
770883
139720
895301
258310
63780
740194
400027
607240
733622
480555
906342
248014
683071
679649
759076
99824
846914
115118
6887
19673
143825
34176
967738
910699
822346
811444
349035
396991
165999
44272
417658
491018
687206
96912
905308
538267
929097
300855
397804
998464
602795
477192
899055
207049
464297
228717
317506
192356
454696
364308
298659
275367
216112
520698
308312
595181
964132
125279
119615
460183
894813
368025
42419
6964
278115
633285
743640
286267
473671
440728
345348
255413
58720
290515
452746
604279
644704
670549
824356
25357
865810
967498
991932
846835
267442
992962
173655
694141
753000
297948
178911
853270
919267
207905
357195
692709
983183
959021
319789
561483
899954
328839
754264
667401
958248
117842
610411
236863
614521
762653
756031
721039
624020
91605
528745
662560
67947
927130
9196
177662
855658
527790
547262
144671
519508
652426
266421
409217
172477
324811
208910
768878
621214
351497
327898
806049
162776
924936
280646
348419
414792
327048
675653
59278
3907
593143
603356
784147
548462
889735
404489
491606
132157
9114
430801
559959
683142
170264
510629
989996
7169
156963
14448
715913
983454
621602
987840
46818
654723
879546
31822
61287
958945
528091
559659
414510
512754
724790
897866
935727
869841
725580
840804
726120
900533
442338
88267
395425
17547
882513
446479
621002
982000
868986
72263
17408
244936
411414
683389
656430
643966
602539
627064
141456
780440
123674
339366
948691
552757
938389
219558
736089
744678
834351
674352
57432
480551
657804
760482
988066
157305
260983
657959
511039
342365
542418
361990
172150
580910
479528
78661
188011
693468
240095
107255
223522
793601
915273
693673
743650
737569
166489
396261
440756
400451
852594
769953
15435
529446
604507
600519
245437
23010
314511
558818
274351
85149
440754
498274
922256
567974
288605
989964
474812
540529
98778
647553
917376
162287
753131
122152
418429
820106
847493
187899
484901
860474
457114
853995
704419
689479
903444
150193
699223
960731
234013
277106
218175
768771
588827
739918
284273
471618
150009
700806
931652
133458
905441
27335
923983
83640
158534
334679
940745
143874
265821
374299
889039
251808
671851
66882
587973
576541
863993
882642
118676
830968
492837
981901
695313
619555
767059
849983
412093
366231
710144
543527
454953
363858
146359
291904
418418
163310
952156
274283
988842
934495
152037
826490
465559
45449
649001
653019
906901
982460
581264
291231
164118
945549
471275
492134
394378
800146
342237
71913
33498
58297
461814
325860
146829
883525
645664
962206
540110
254823
630322
456534
605573
336757
277858
786956
18849
356169
600791
497449
694007
121
914717
946443
567620
437678
921906
458417
760462
392483
676669
472960
300265
423804
531870
605872
56022
198720
575840
599830
117638
923125
649227
622030
370172
4439
82199
682436
731792
945716
140091
571103
709327
264167
998690
99084
902784
479919
89919
663458
320770
771755
857527
756471
728273
483444
461181
713727
357351
365399
871036
854619
468031
757805
424365
992838
247796
402969
390216
80279
62216
579998
222615
451635
717505
794395
863141
964051
816302
451683
92502
477230
107976
982333
422800
703107
453043
892021
326295
138181
31652
961821
908919
318498
496028
924963
401434
521906
54866
599440
130681
210041
923822
860699
47023
622041
5746
791208
357353
805143
463091
987360
436858
979783
504901
635501
989195
368343
189750
198354
337072
790710
820720
564006
209813
861919
867842
986987
711639
66566
85816
281807
309871
628637
148134
541694
654729
361219
825668
1058
765619
765834
272371
875832
411761
75299
219614
809168
360301
941608
894204
486689
259659
372742
911665
178438
855323
423685
837716
542745
865768
718518
453772
749099
689453
901688
525267
803549
258663
994086
657500
746526
242246
115553
950033
971457
937853
953653
165493
822201
536696
394410
742761
337653
282733
882154
798154
981394
375180
538122
828855
586625
647120
992502
847344
745271
982519
493822
962202
881994
951630
86455
652895
846511
454886
594767
361010
825613
487715
928753
889968
657917
624562
855505
747810
588961
356250
124756
805663
113630
66156
995487
150798
138935
494165
73339
713930
133255
655506
642466
121758
399771
110914
97577
612655
233770
465431
724617
164281
878769
301158
173451
104433
229487
777055
676944
659466
997434
744534
815994
891732
363453
452159
821499
856702
209615
49337
183288
342780
445360
633793
473305
408004
339874
666119
10160
659442
495266
335581
764419
229771
471233
801100
347575
50270
843556
517825
227163
568262
184404
215397
720335
77517
225283
438026
546704
253419
902492
197569
680737
211052
306565
842120
550166
301551
271220
546912
901696
765514
593515
617149
117360
356939
767249
690199
540778
547802
858607
933790
924008
826746
900676
927242
929927
670702
977413
506384
605650
715000
16372
918128
991786
458556
701467
517867
666575
557636
281125
510355
297037
106269
510746
403514
769605
840670
46837
280780
173911
463112
574244
929913
478441
541257
222044
919498
115543
988891
69846
608213
509559
469129
623145
880908
789511
461970
663173
326447
653493
205030
643849
148130
756619
268813
74050
749465
341110
724391
460033
603631
280625
726990
60504
836886
410899
480727
417200
301033
916785
619640
564042
129182
985265
203331
208144
503191
326252
86801
740439
282263
330623
538554
581492
240657
664175
220928
736056
815708
104438
482251
83465
135620
67630
353487
374686
499066
647513
555657
327958
558251
435403
533801
948150
967918
953076
840330
820222
783574
693454
489756
919462
602599
506591
781603
440826
421926
537515
167768
471183
218249
98938
323117
504737
822542
985985
461550
398090
715304
617904
165059
421857
495763
606232
121042
324269
820873
503606
806145
751365
14605
685472
762393
323909
589092
639050
774982
831663
994979
349493
750715
627419
200548
147510
538098
127388
237138
81055
845329
576625
258148
203916
178984
873445
427559
449227
340311
618372
964659
262569
245325
742394
272575
460117
445291
369609
187409
27316
433862
697510
639886
143104
486795
508145
10543
197661
339070
552720
581396
820794
514843
215911
664179
837088
174557
670773
935337
35611
112604
162254
277681
172801
114449
136433
851442
548451
399862
181125
541810
730320
67528
445877
403177
271232
582958
811364
969648
787172
773428
714895
242264
202696
785328
680254
86359
348961
438405
463143
230174
818745
345029
716383
824646
598836
255474
754685
957544
497790
681501
12045
548043
886291
81712
363694
383544
897834
89031
249929
426474
481215
227960
27502
224354
790011
853299
662477
531990
519171
222597
335949
924745
908058
778935
413836
549558
495860
798291
458356
217638
765848
672262
345398
630049
823152
60065
223206
248065
607408
909178
159987
820770
466785
878127
832449
652405
706505
953994
939365
548212
474489
603456
745020
565488
347955
854868
661480
113349
352181
26777
629097
709360
542438
182164
95892
384183
152412
613759
42162
575494
824968
21226
741367
599386
987775
308221
794908
118038
782501
358360
550812
776755
73080
208347
574281
706133
568694
532417
380488
454456
712428
737575
302895
27017
593373
940843
426873
479953
6603
191984
648932
350220
762533
619901
188072
307864
100876
495173
698707
194377
437444
664001
529989
119769
270516
643449
640326
839293
424025
996067
334911
232402
827085
415202
640732
66038
31920
894319
87355
395572
358320
144213
434641
865047
790587
115094
97882
468639
108606
94059
89658
82386
517528
278505
606261
578665
503712
109631
451144
189547
655503
414044
217826
157848
78988
801773
634434
744635
792339
990212
625390
959075
999169
292436
681293
323691
205246
792409
739362
667572
411271
989141
417445
654004
935254
229428
910079
802152
474865
817425
928099
44453
558028
34129
760132
205644
503452
577389
600246
960476
802042
317134
859877
240610
469487
689745
854892
303051
34850
74026
983507
8858
519707
630244
927336
45236
329459
683014
617912
856344
953307
8338
734890
750829
202885
848807
276793
230708
405490
206214
456652
66333
535705
634417
294132
668533
811505
339823
343745
366140
176859
245613
739969
614741
36015
216446
50454
547926
429154
789571
180915
573247
108177
389734
700595
412488
633068
81024
39510
401491
332290
409563
724504
900865
686244
706961
918704
78433
142457
717267
63650
567490
57822
365318
443457
526313
115191
116039
223749
215006
954199
204879
911876
735777
113736
176050
431441
253242
714231
239298
250350
487214
979263
451856
376814
534605
701392
710290
243372
887849
665596
797856
220834
723681
238110
285977
142823
845339
607335
101090
979591
149968
219782
3662
254016
259392
63475
412762
722327
485127
572377
607887
710997
126216
935006
857354
894498
440261
18896
858968
398268
818385
435757
111675
327316
380124
892559
48714
91269
48238
648050
916404
563186
26159
957603
687333
277242
275682
993351
423041
935067
587186
458246
44685
223776
849957
457938
70573
590024
927277
520152
458056
398773
227165
981057
84167
341325
673785
301285
69629
357489
122854
700493
114017
270552
355712
964771
649206
438023
212554
632056
733387
110959
925952
911026
992158
524771
55433
26448
63836
784180
549769
911388
472260
479531
371218
875372
367337
609186
892154
249108
345046
134143
910087
889003
574923
994190
955591
296440
217638
632122
678269
38394
925725
402920
400949
734289
116136
112241
831353
986124
274044
668985
131548
610704
740145
526832
862963
519777
779013
415909
830052
886096
606457
452802
137494
555457
74329
260392
581512
737112
607577
347432
956541
736768
1179
438170
366485
238552
739405
25374
118264
356026
2928
925613
928043
111720
353203
194586
124036
391125
395773
886315
457146
529422
272010
981774
886678
107203
919661
23290
373446
103094
31795
724131
272784
256127
735720
935065
964004
459577
935859
969278
304202
346509
859100
257378
339898
402137
163631
602301
448458
532284
704888
945800
801538
893632
765933
393912
138187
283941
468587
146776
370886
601606
655129
231298
638714
232426
482089
701433
508709
447082
255933
37478
637939
970682
852902
997870
149004
924309
940615
69484
482376
574921
942616
82576
209470
262236
20038
882707
553978
938202
399672
799766
486860
857532
773805
636374
984445
979959
996289
370702
606877
692702
308815
617130
77752
883764
212911
666851
567847
910866
106272
660987
542082
807729
909761
234967
272051
153109
604794
503092
180774
947351
895736
866375
420892
480461
223317
172853
385311
462679
743061
650348
229328
981193
845132
538908
957788
832432
855262
666710
98701
844099
218207
605247
636029
457064
588056
94640
611749
827103
748139
307694
194771
573775
965390
654977
965306
462891
625843
582579
59811
799809
611464
693671
260866
479007
794522
246099
508195
815714
476501
312219
689795
388508
515366
72523
874171
496673
586625
756913
917655
355887
663742
340501
534533
407543
677278
974998
512105
889804
898924
127331
978638
753191
240255
500242
391414
311508
705564
371872
872722
855869
430072
164358
413901
316305
79706
793332
228482
506321
520095
983213
775119
82039
217944
876926
771457
888067
597902
192476
207918
675619
891109
220313
244834
101758
720670
505091
835953
148637
173302
270361
300204
448118
160940
50283
698606
938775
224672
102285
935510
837484
216791
359671
744143
474861
455195
4924
90442
695654
109439
169701
858573
63460
991424
896106
535973
193977
294535
549388
174135
959085
218188
890514
964341
234817
358420
871005
726188
497888
434074
305770
446329
566309
727756
838948
748508
476547
880428
936164
737060
434645
996567
52806
612554
988291
833123
835113
866522
158477
109665
236098
338828
289271
619906
218205
859249
744018
732565
807794
901513
776354
495086
893280
985841
368113
263971
923465
713657
858543
567216
756361
25876
121028
233402
459795
197865
980340
807728
906346
928582
423470
872462
569018
724340
161777
686267
446673
839653
319772
574163
603709
326026
340880
279743
203394
12289
695491
999807
101048
580716
872036
735433
807551
200797
314470
268363
163680
617645
736172
451341
166594
171052
476111
8754
362310
25330
916815
944285
329663
867668
763987
872881
760209
535986
167390
589744
286245
482350
812561
124805
372934
889399
424983
409437
25883
503747
316464
894703
12545
333787
262750
379613
894277
587984
185382
819954
195067
646347
222211
848075
197501
175298
137325
120915
939715
148679
546624
715175
416860
401978
779981
376152
230407
900575
298554
676558
9456
997258
849366
4489
377418
811191
721853
193091
497925
147254
626532
663794
907437
358403
673602
441642
123167
346100
559068
321950
701480
707467
528299
572870
576059
248235
67179
917597
494863
771368
46723
993410
361811
628087
736140
706238
451535
648132
363839
512997
41112
346659
821888
450517
674479
460766
883265
874972
365752
181741
976724
201974
345298
631043
456337
591411
713047
95109
729824
953783
770033
688149
164196
608859
379927
77453
257221
580722
430243
132680
612695
372902
223762
671962
917804
908928
301463
320607
191859
940422
349468
36785
771083
978238
350166
198003
428200
77649
557315
675722
828960
370891
208579
666540
904787
518463
599633
270544
344565
914887
58652
770757
756794
289897
816390
437087
55964
971670
867960
319756
901516
625932
920032
938372
749235
879131
659144
570207
779875
846212
983316
148544
251871
563644
309080
629423
753667
535569
972947
803461
67281
557604
739788
723904
823642
175316
99784
591670
353798
28476
207845
179303
648192
943250
751063
657771
234688
836656
140924
629450
560374
428655
571613
701866
323664
288623
190915
348195
713576
377524
99060
865903
856333
655403
265225
349501
962221
924938
855725
976164
259100
814997
254452
207668
262659
420156
446101
115881
283816
864418
512070
140345
613653
931128
304562
574861
304232
736648
736026
629324
114103
901262
440069
179410
53533
238976
720677
487167
656485
881455
199624
544300
562834
555141
156215
508281
770761
318638
757935
93442
32092
477396
723385
144752
486516
602498
262248
687979
224986
598762
339375
167917
783970
419394
204828
980402
748660
460744
595829
494796
348344
911015
611374
869586
557214
353458
290180
947192
398663
549773
85304
20474
879251
960747
519531
460403
525704
854769
67411
755338
643675
769529
944535
875531
779103
453108
184845
371604
391815
264935
356557
514406
375449
966486
259058
299035
113586
841022
45997
211127
684656
281851
21509
841494
640703
680394
881007
247557
833667
157481
879685
653613
91807
207451
171622
874986
957344
278151
160171
849083
210250
774144
450305
807762
416573
133984
455464
939978
742082
489613
573191
592760
694072
761565
245801
90777
439765
177238
24920
32683
315419
868046
393556
560345
538266
883633
377520
224142
527195
358561
453578
615915
335024
977592
643045
550739
153686
715177
989221
967075
120132
663044
619046
317375
693587
795736
368569
977992
278729
205042
451643
159913
780291
387012
778068
446865
61887
240417
579529
535611
541315
959013
374847
653224
379310
299378
273037
82991
990681
341909
588732
122155
119082
49350
976926
727570
994037
511502
701064
200229
768974
297219
517549
405187
324079
765615
325912
406041
56578
450831
991173
841780
814989
259383
846045
512439
112056
755859
966989
616360
439739
577544
678978
403428
299688
52152
90626
264051
834386
293412
527978
346166
958169
630125
439168
50877
27731
56499
527924
203829
514585
606238
905080
159550
371115
713339
47737
348571
99649
705598
109496
496707
629743
1574
369226
882132
807603
177342
589288
598823
819743
286399
141044
895806
381917
349843
19657
835674
420068
829300
569533
763754
489462
90355
540854
463901
695699
196565
82661
256473
410238
90327
872996
728260
31401
911763
184552
741247
384895
542459
494691
368242
916878
853633
924537
812354
826960
842649
126812
103327
544468
749526
605446
777083
539086
44977
952594
295765
519863
529833
209400
750003
867810
719428
484643
698542
591837
927795
995569
539751
716160
538003
522630
640216
101909
18512
398029
409541
606244
887204
926093
892048
567577
322301
972643
893100
930132
989373
737890
778730
575885
373467
191620
125935
434338
176231
570059
231239
798463
179754
790072
600850
857961
873067
507623
432220
885607
697998
598469
680267
643661
750424
479663
902641
763046
830221
697961
420609
822589
949626
871864
884511
683528
784079
602845
487120
847346
120676
217646
159761
537860
463516
544786
76675
584623
805607
725464
930755
687096
632673
354101
737176
652416
681432
35032
211078
651759
305259
460332
609535
986813
774349
859049
878329
908509
822569
697751
970523
679878
311904
21665
294161
982046
464621
4434
300479
170181
495402
18990
957841
503420
42732
192047
106993
894129
381896
548891
343442
66152
211129
814910
992809
376711
574810
912202
176572
534910
791693
435207
896146
74129
27198
74808
6858
171651
400002
979148
651784
282913
737881
919805
877322
845736
366226
908809
842457
391316
292686
129483
807898
691142
741468
355510
275652
6544
671556
96109
933420
658784
975839
937025
440956
832072
651811
226951
564546
110118
826301
163669
839844
185205
886039
795226
428082
69486
886777
774423
455316
877212
922315
99710
276450
725371
344824
204325
383250
200204
730863
465639
359884
464888
944963
65751
750042
696094
181491
358818
177019
234683
800643
409472
601942
562357
924297
187414
931660
971204
894468
46700
412198
780733
508069
847942
772782
437309
152882
923617
343257
111406
505792
488908
386273
739065
40606
503584
703601
601096
412241
954525
275834
136758
626233
453282
852707
173078
893970
177736
394077
295645
638102
955612
804372
661357
588096
659320
608001
743551
348076
721981
490204
747179
668954
177263
573423
96471
360658
950317
892230
985786
10081
721739
477187
920716
695681
745678
280974
128908
503383
779779
596521
346029
974165
644924
998625
868446
618752
425960
191648
845493
434444
49870
537440
713207
700835
951334
851002
765574
311748
855124
993308
42727
817096
379906
774617
66799
657536
703384
364955
28042
377019
70171
433076
733544
127268
969503
592849
395781
855751
566570
205071
371859
800692
71463
356520
815301
636
697540
439174
284218
274840
620201
192184
740165
553834
561492
448642
612309
262299
381781
318606
619974
234595
766307
335425
615491
827175
282586
869097
346069
182460
824978
68306
448781
284617
9437
656824
128010
987275
978908
113686
686056
838451
985406
37149
553669
110826
12119
787968
320561
629748
283673
489004
938993
643762
411057
460949
523632
459201
595072
420524
557955
45377
696308
285677
824791
997040
849731
888980
755834
906548
18116
785135
984578
563319
368426
616734
399980
642077
266008
520951
646705
522870
168568
935810
506509
200599
353332
779301
525784
241125
890270
457475
9722
281124
117603
54182
245195
370157
81216
61576
661146
932942
258133
343742
412810
804158
349074
966722
246038
105659
757902
616667
138932
574978
890998
447211
413527
353835
497378
982357
801295
432158
367875
973896
454924
701813
65721
571757
552128
78064
834113
652713
281442
547727
370060
899023
198414
937744
965034
307877
321545
133765
245541
649041
402403
513809
109355
925473
85109
59519
731875
988788
634506
637246
283168
229063
119130
626813
331379
858656
390002
537247
764634
351249
549935
6299
342423
814121
560168
35060
362780
320637
605548
845263
366882
111310
377888
606070
808793
793239
98251
514024
687482
576630
526061
597210
121208
291124
587401
579087
858517
630387
944004
989455
141264
790771
652006
575367
930043
53504
674749
46844
525291
520700
402144
491501
67722
237253
668561
587909
83206
558146
380156
569530
468204
149583
788188
616069
85647
152706
596221
614078
62498
403354
655580
397843
484774
160516
496682
733028
397308
743433
302255
821119
115356
115351
464524
983347
581406
539241
815385
816083
195574
232790
340781
923785
357885
867316
642939
289940
517738
322534
961561
134751
528863
279817
796252
301375
745632
511223
612768
735177
128734
863286
658788
238414
974642
442241
31698
851381
543717
951984
768347
904755
922347
318214
935297
403945
868401
75095
173742
225881
747404
157844
708802
43398
365328
464181
206314
123880
61506
593537
133227
695945
779173
459965
242175
946239
474800
438127
3414
250246
919329
578509
229949
400441
996011
190855
653020
406445
747467
127406
297241
165483
379833
228479
277147
226759
236281
579472
711273
261345
124112
970774
485744
113336
345748
807057
672803
179878
847965
75605
674941
585468
998040
74549
129122
942586
413434
569357
18019
300139
328144
347372
784673
967579
850613
3548
24008
181686
788894
715152
572349
558463
962639
49770
40723
359849
426608
472614
232886
633366
114554
444262
446506
798889
784332
216922
549166
364170
646170
803083
696058
985462
321604
60037
460136
159231
867333
569759
320239
72231
794434
758760
294601
661525
918274
320688
498167
36530
852349
782640
453531
802339
990477
799831
158018
374691
907649
979506
655300
376059
847377
273206
335236
31329
500651
663341
677331
280427
865004
574203
330865
312814
942826
393484
240179
276920
166126
613021
297408
422821
471551
389411
687669
991522
130009
192347
365737
873212
475069
924015
690698
93284
960674
746306
143782
386305
793801
772953
5894
698930
53614
813285
935733
746335
90778
510385
246366
658810
232021
593252
216659
371608
890745
588340
927018
310438
675107
29608
244226
185353
928322
516615
939427
726806
792913
95266
750595
183851
786465
953851
516325
898728
224783
980689
433756
799309
646806
704777
48750
165938
573053
664250
446356
489373
237681
739669
441373
686595
525933
383152
561073
929246
261461
242989
208819
117223
439843
619851
737536
638193
116344
558473
372629
656866
470676
94194
707213
650190
606049
670922
643783
982193
865578
171731
917734
55881
591593
955068
858162
63118
688893
66023
80667
469391
857338
747350
827806
917611
839195
316337
905409
452520
275922
504438
23544
628467
276480
81533
849514
891060
140225
229927
5517
357261
611678
12451
686957
130864
142438
987164
868108
483034
221974
485762
138852
110768
135669
188148
230088
36532
931389
550599
858856
964964
825523
256950
766899
885551
8792
463334
122199
333333
739256
739604
709028
76442
518495
413
829198
785766
795115
802217
469265
358012
61373
883637
97583
399061
852617
134076
889749
795609
692941
262018
161436
159737
13471
816189
781739
896747
646750
874976
891769
143299
489802
137541
973424
450539
326832
249270
166253
267775
371838
224919
418916
754567
863669
701940
101281
595858
630204
127715
939817
961707
646672
185302
907711
30523
257753
262207
82626
428091
654360
972960
26547
187091
970877
817070
964373
18580
249109
181921
275181
576335
226785
11611
962217
603088
892802
370226
615069
841722
202640
952988
241384
330176
179209
923254
381877
259965
616550
951985
458078
302961
382985
311001
593514
287257
155539
750915
712439
221546
372947
138067
461299
553705
73369
897511
546692
767722
889896
801380
166600
330723
376137
406747
874038
149996
80572
651927
551651
153301
603914
110469
880225
730275
680438
84289
564226
525225
995090
349625
676474
887040
321261
543552
44898
355299
60266
490609
748057
261097
922476
273918
582341
336351
254701
774164
305783
845249
564014
127660
197741
117013
863497
720945
833201
910053
579298
810761
467870
69847
9340
51331
341058
619562
230823
259419
997855
15823
805335
721324
534732
418018
700177
409651
231225
150787
597630
455419
435215
833238
285922
326507
362230
744467
900006
743976
47344
690890
642769
978664
373538
19127
592085
293461
720627
1725
20038
427353
410317
780739
867621
138828
325441
279400
33371
701112
409927
875556
926657
649029
796835
638908
747868
967302
14306
832097
537894
184734
799300
53862
357063
918544
303284
800733
740899
535907
603314
701069
524237
43886
889041
598929
922521
730437
65372
288016
45710
585280
219156
223636
928314
251876
573205
916617
84256
987249
871383
264212
888717
358088
36175
99278
279433
354102
203317
520284
534824
215201
348641
969580
789376
514637
236751
446094
342324
136716
284737
874348
144047
419904
418051
525800
442413
783182
835658
859409
911987
613729
568374
697537
725599
616536
614647
892565
134618
595725
117067
417482
585449
397315
523045
918001
945827
806507
30442
129486
832765
324243
855764
641683
774977
751404
965817
911924
745757
74230
591846
711847
500312
290506
916965
16250
686495
890372
266015
362064
248702
896523
498138
753657
203178
616190
827618
215533
626107
874236
611526
86885
122102
203152
797498
153879
873352
419959
992410
533004
520080
465680
94542
801183
970003
618400
611144
750292
499027
330942
192554
925138
865977
97
692421
839870
