1784
205207
294502
782533
23082
37744
163007
363501
478752
183894
625656
824344
298654
530584
532524
940240
552147
976545
140239
340168
234720
855795
738983
229729
519258
886019
527835
154841
120302
951665
683748
762193
226592
332067
66592
374265
389548
220989
515461
186906
217229
88702
689714
266751
724827
923386
971425
624577
377487
708720
606265
123054
473698
75207
255616
682901
198356
405482
803758
538673
274569
215549
575324
439664
926542
198330
969564
318622
566649
116653
619938
596659
371693
509704
987807
899957
327228
908388
76334
402635
263656
928789
217063
657440
720258
887976
177874
796720
47028
777851
682742
453107
242650
27833
593167
416482
643082
190641
519005
516202
470324
19091
669721
190956
596709
637318
664643
892847
524646
936936
600278
484131
948481
64547
549213
901203
97763
174440
529567
693734
437341
682188
850934
429521
774341
112379
448126
449309
77369
358365
324712
719312
228099
961859
387502
29051
788376
346830
418209
318623
384187
387677
99166
338557
772031
56816
215263
28281
235753
512862
271021
668522
346227
262831
685747
34625
351341
419351
136879
787475
45823
390288
757569
776132
405001
249682
63782
15506
680299
837810
409790
23931
343008
454228
394249
702028
100805
9678
27632
821640
147128
610843
68992
908785
747739
47353
717105
849653
814136
935584
131621
543352
12991
311903
78636
833402
98282
835796
108228
782565
369473
687751
228254
215542
77689
793891
146523
808581
372024
177491
652246
542834
172084
609654
613978
298030
60857
764094
562932
194659
909321
963370
160164
510913
795293
775901
85485
304871
551562
410395
535692
525034
866751
29025
232197
891972
34155
228254
121368
202204
375931
670737
10067
242029
632513
715840
161345
361814
303472
252050
466240
91902
401092
936522
841520
599458
210174
458784
573575
961789
866701
138238
448834
849619
28169
754516
815542
607129
752408
335640
950661
387780
707251
916893
37548
60972
69507
803855
874552
811933
785573
590473
822808
392571
332109
384723
108110
813647
314374
730555
27456
142002
620631
852622
291883
511380
641666
977395
985591
497130
851814
964645
166885
317490
807492
520012
293092
721700
642270
731510
457603
168758
410491
484342
728706
44492
299464
755289
254529
717883
202072
881474
414426
982969
612620
218657
199114
811810
280206
356052
446282
704553
131319
639514
669308
977753
758161
646384
955137
230215
691894
175498
204071
916119
129815
287791
616512
170343
847321
63089
321997
963355
777689
458376
404249
2310
451088
836555
212579
655089
375698
640458
542964
65868
108209
17418
592974
164463
246590
972446
568133
380363
884783
179742
237223
479601
457308
799751
329622
221438
423716
332463
691127
848483
153964
870627
44163
604173
950727
510430
980091
462197
477554
279912
646968
98181
410166
590410
446240
391461
602800
675113
180149
989026
4589
223815
134023
508475
136495
246609
252554
909319
839565
285541
461314
909318
573750
7525
376282
835010
172949
809969
257045
226849
895569
605060
852636
412682
220332
504685
716533
536370
623435
820839
842836
447874
3668
553239
805644
948327
350899
488035
624606
761973
488056
404330
522098
92409
826266
641699
124772
195993
276639
215829
52021
749418
363923
5872
728610
780239
673781
108167
359122
423432
48498
476971
437608
941022
925065
349989
212792
228009
120653
860751
33431
490557
935433
755535
476556
408559
285181
811249
194594
704839
692103
237792
510815
790660
89501
461889
767119
205446
78071
131757
8825
19804
112586
574665
798771
913834
312942
426499
468370
393911
209056
343594
869945
817233
206756
672810
125842
136349
441155
53283
338139
916159
523570
600294
895192
141794
501203
290443
985639
103780
281428
664306
787312
176417
363382
108564
744634
501979
977192
563653
578715
972995
764561
360520
963144
309734
606573
136334
420234
571959
958095
34445
18962
707573
660420
204474
816419
745209
703704
730787
710189
552606
766898
81386
800634
178509
587354
604385
438273
368227
17563
437695
946690
440004
774077
430983
611633
652808
75216
36728
296048
354693
98243
574218
671517
698722
902896
661636
280572
664913
556890
412902
579879
959540
898602
585180
357073
2716
694341
525452
113976
947244
707462
404046
642855
730908
680349
972795
646629
545561
334531
645150
601406
176970
242073
992456
76587
669614
919965
144192
670752
656929
297223
312983
10354
226877
95046
472792
411876
494173
771154
700318
778381
43261
625134
777025
32935
791037
296252
279656
185846
716421
663292
611522
176018
697986
363875
957392
49043
930829
19604
563161
151257
463405
901437
613697
513014
994291
844945
191732
409848
598596
586397
80957
617878
181876
421769
693491
816373
48780
131950
337234
487256
978094
203534
775463
143139
206672
102004
186917
807498
930468
547561
834006
194075
193240
144848
855595
460708
749881
104991
484916
847874
630578
862010
914603
202247
515251
118253
374250
328455
169965
386438
428349
265407
754553
582093
534034
454883
823832
330274
292813
52355
650261
508401
548536
511385
991495
610643
873048
121841
66163
773380
29402
521781
526222
526013
92716
660244
535007
143726
51753
366223
919619
948378
511660
151520
329739
85262
195846
348487
841855
278911
550154
55602
339334
66175
838725
528135
840285
599196
612299
762386
896773
606421
242348
459718
277754
863290
93830
790834
493405
797663
921716
870529
370163
234556
783716
614701
758534
305316
92551
835970
657001
925152
285537
741835
509209
596136
400640
738267
740543
876733
291209
916409
118931
739558
937261
47273
570010
708805
736251
389395
891279
264724
609424
846291
394080
182658
519017
791772
247247
902628
346137
805513
676345
329881
527829
18690
284724
258239
191405
111559
885649
703948
551318
534236
220096
482314
383074
766033
622227
719409
678672
726957
61979
211618
179968
786039
699247
401790
806015
745504
261771
323297
524416
574480
882708
760255
310444
680267
270905
441817
769936
514944
928502
220315
984309
495342
99570
619541
762573
705651
715337
106324
926857
55091
887460
936732
630472
815329
919811
91781
430313
278637
7132
279535
886913
988746
308829
405540
752488
527259
4686
830152
957870
439161
560594
271871
970923
449827
857676
150107
902836
623939
244703
897152
22826
485849
290253
396119
638828
759686
929601
218347
588396
496439
216488
54755
35295
104492
104121
329884
340494
412900
406230
368931
464394
968807
217226
333068
123197
795696
921906
917426
19483
780468
138233
756683
756470
511827
177724
487910
663601
547866
211084
777156
912076
539507
311505
956945
219615
416298
288651
887485
439970
701852
200628
723771
962089
894206
192834
35606
391981
279047
644296
644715
700228
736443
799932
271815
977907
966677
678547
213085
784090
889489
734281
281060
709005
516051
774077
858379
885571
955127
256312
989146
458472
138550
339214
354215
643021
615729
784349
274993
326847
50206
981043
509276
836853
91596
771660
860681
964963
527636
864184
839953
375211
517918
636507
179615
579315
637133
987534
236455
492049
776008
128740
347591
852963
415910
38407
880568
545980
320757
811968
924080
484921
473575
898069
507032
927281
671002
600204
531429
571274
142147
827982
781462
686057
962230
830311
592968
666561
551380
289194
235449
118733
504913
440177
992407
141528
382432
752770
99908
527481
207806
266062
575273
959389
778968
989651
807028
744317
936346
357153
363311
118830
61910
118457
894462
24342
466188
346832
141557
833852
817244
943348
941972
794937
438853
993222
861856
922891
982361
602085
393054
3913
663167
880555
438767
187760
917604
757585
608771
825435
559680
233262
321083
300049
833729
595612
622623
524409
50774
156411
704632
474280
189209
358287
485132
455003
188825
176325
82548
834880
23555
510611
198939
755694
935661
603517
720405
716278
37568
619763
211545
943697
254335
981848
759005
275256
283320
223197
561293
939347
76549
273676
594727
311945
910719
674721
350390
909238
777857
419474
325992
938939
972756
120496
945358
535279
280252
706789
737328
858546
320542
710109
299147
817954
539404
854914
807209
681575
70383
87775
833307
983978
14992
307174
242708
706467
435523
179981
714341
761550
994480
529874
918416
141695
578559
384672
916300
286221
50719
211082
931477
728554
150580
113588
403884
320531
892187
806545
898610
738
622170
549958
370397
316417
719657
646317
298772
529849
90327
511862
764269
858984
939675
812969
478401
493521
743800
97415
255528
551629
261195
499150
169942
233312
127796
186906
487889
505959
481375
417960
694542
191149
252782
7990
456487
456028
389957
903559
760380
30480
682225
237314
718499
171591
960054
491706
824141
589557
69043
38985
743222
624500
260276
629973
910472
923545
766932
699828
736397
490018
510221
795500
634575
776971
595550
826195
340111
438079
518423
215893
901662
720428
531076
737108
700698
785967
872628
845738
924872
782319
383845
410761
806987
789318
96013
939140
686527
254937
720711
964071
50101
666184
303961
870144
434123
103361
188446
392129
461542
241263
112340
867005
942351
897040
995716
916304
314983
812773
895946
845084
23816
13122
79936
597037
305914
370949
673355
856574
941135
805539
688065
429973
684060
1310
523574
219017
238932
212243
503394
822244
781762
697199
800752
415907
838306
507970
908773
220698
754845
793452
421867
791156
452448
455091
497594
151897
450904
874807
151522
494120
147596
289276
618231
787107
102038
407079
25689
608554
47487
171652
481438
763552
791542
976580
699487
466346
327917
781316
407196
995414
900305
151752
75468
484952
583588
742278
335942
949231
177912
287135
937605
319654
344393
623721
312283
885494
944696
707047
881525
190472
437472
705498
60871
909209
975191
590000
325076
8119
165507
617435
318555
247592
530646
595389
66529
82473
312295
624831
443480
884884
428526
211841
116329
248219
407900
212203
353251
677104
729557
359330
623743
870343
592843
727831
792975
93747
150648
547193
135875
366445
643319
262219
394008
5940
9024
78864
312798
346510
420862
79458
469028
931244
596047
520290
861570
917803
288344
861961
721090
690551
730241
676765
619627
878026
20500
14016
836268
487762
649774
481890
573026
370417
202399
323799
31622
346014
213476
101956
789430
971176
791742
362290
376542
358427
264430
804932
284035
55099
885456
367557
416108
297133
973009
220955
508653
445302
665679
70745
587409
633882
793227
869680
859427
933286
332045
423556
428121
914250
710869
831005
330078
499038
537273
196916
885754
922373
563680
444014
358817
771183
18201
697637
734549
542776
27033
275553
995320
750766
102479
979429
690610
804208
434470
342310
233147
917233
656279
321367
155589
470556
791719
810591
523337
794642
140868
610476
711277
990606
465272
888353
674639
463530
452424
428715
454513
385786
297515
591537
91905
873814
221226
889385
618307
780790
53073
480520
455197
475382
210767
642449
748351
223992
362415
981647
577197
463464
220659
552094
341994
314779
661322
140963
328386
33489
473519
716891
353908
951449
727006
950097
265531
114003
23666
746
342904
88401
113376
768730
686334
645591
488522
496697
649401
990786
436673
584304
278843
892677
533530
806541
939045
740878
220267
942391
608622
710087
680547
582011
926163
577976
385091
291844
453403
352201
751485
360681
318150
35877
841639
28257
769042
388795
94300
830418
134313
47326
229680
556486
438826
368140
52557
428606
937618
369996
989806
18081
824391
287408
678200
631629
591489
10106
564400
434703
531413
580891
286173
469485
133343
660695
301243
463328
264076
330052
749529
539743
209154
616177
786064
398998
914220
166050
219424
603510
767333
918394
809064
162277
537472
902898
55618
162838
556850
900421
281337
488948
716317
188846
849511
281720
124345
612937
984496
218331
924897
107670
324181
930917
387768
818141
79733
699875
665206
655403
335654
544374
563858
880954
304492
965704
710990
229230
681300
252954
622426
876540
54192
344569
323174
833189
360943
951824
912135
328032
506264
31510
992069
294230
251875
393192
24831
740999
778356
863601
874299
604042
128821
783045
260750
828529
76751
183565
908644
239819
448388
580893
702189
916035
445740
724962
456356
421
710025
523831
610749
236993
461385
465302
729323
958376
70041
902251
913803
621459
479713
663108
451824
397412
908511
465253
58060
770308
53091
296377
24759
289771
172517
884578
807327
803582
137918
90929
637581
834706
718473
430961
864656
716366
932951
651358
73928
314863
147081
219891
506064
45670
96334
578401
832969
297372
897274
104539
754816
806677
616255
292878
770619
934002
521802
632687
129317
993936
738300
783980
818451
909839
370115
808516
555506
461229
484501
644914
816143
949968
665417
