1765
889001
404835
380758
4283
148286
721191
823150
901259
22379
708566
867659
607464
423730
750771
268236
946607
976337
206928
728241
175002
20463
715701
219793
798322
813730
519065
736436
130978
413979
275533
753358
813031
394735
586936
751705
342884
878274
369021
691213
109650
298706
527225
534271
210581
106845
395816
578772
531817
629424
506727
99232
876859
779918
472340
938207
250516
465337
810513
23630
584368
290208
119912
492839
49901
625188
424392
267768
514783
730376
193454
524255
445824
974005
444063
228324
160389
911208
333777
323443
816075
612281
957162
238324
839792
246793
316128
770697
300287
748550
936319
261347
515971
264477
945289
450625
96060
644158
65911
400903
17648
427781
189854
772599
920472
666570
120045
342990
38651
65222
459666
485053
172313
579616
42749
877442
940989
57043
376317
888867
697654
422334
797382
124359
133471
703497
342419
715825
162265
636142
643368
927641
699226
345707
515825
996457
887903
768259
334342
538193
138237
938091
259344
598535
452053
217816
1925
280863
556134
330851
272655
185794
356541
244501
343370
99342
374983
68181
259052
850570
188551
951787
961024
49732
30306
433072
657099
445449
816152
148244
940239
134977
975757
230156
958317
846244
339653
764054
902053
588445
518703
743082
161466
173241
85336
594047
292209
190476
136448
534198
341303
744481
89226
55911
326370
620891
832972
347399
142096
901740
184519
903923
849068
538545
472944
815387
556559
12393
531053
946061
916290
815761
699803
161565
135906
817181
472396
626031
650396
139092
162574
200993
162776
166472
522854
538199
871987
515825
533020
551716
194148
201574
635888
711505
456960
686519
803306
396110
269144
809513
857487
469939
740352
187535
721455
634609
983851
569793
256988
700825
161522
572156
382773
82057
861235
272086
485024
189999
306454
170780
351318
337275
997803
955018
125655
929445
615983
271141
809407
620568
114542
162169
619249
216058
727490
193387
126895
757016
947129
888826
371532
731443
555605
50326
845240
265441
532204
291805
753147
660130
999664
815406
888509
62976
870089
656684
103425
850593
499038
274129
732594
332845
679795
58924
609686
48406
647020
427832
364191
541960
256624
149659
371168
288879
144873
724728
612381
691999
899303
109489
408763
464229
300964
712636
844886
484136
78562
863840
946033
387066
558193
857229
382536
252929
615117
34518
87618
815676
128355
250700
579715
220404
636020
332152
181789
109186
351187
278836
254374
234679
937736
538150
244580
318379
126295
220698
970085
748901
466203
798203
5100
191268
311371
114478
233669
501704
821726
867468
54458
31200
310347
617338
806686
324369
32362
34790
555526
456671
30838
511775
304088
460955
225459
2193
798075
179113
941676
379484
762414
33069
886614
433361
487669
275026
287889
565705
830637
810806
336396
71393
479745
195573
561671
310997
447221
854353
93236
590648
8223
339771
149239
108621
342838
983745
633037
466054
786179
673107
852168
122838
881652
260787
315256
103989
755151
97593
351398
642544
251460
708224
425594
274730
347739
765425
504636
345011
116748
377769
27383
216322
882605
517642
351097
248338
433030
593563
904696
187543
133824
200541
799759
825884
664316
463659
803685
698811
651585
635404
985455
752184
814285
388761
343627
688506
168780
830277
626381
119974
880039
309646
826391
811737
860723
941183
847777
300610
312458
626335
479961
750299
854519
428154
219556
216642
97675
807497
109826
564664
217484
953408
669071
595252
809165
560245
431205
298981
148185
853800
997279
496003
202441
379059
98745
956433
216565
952079
265555
262193
419143
883520
690132
953635
106539
488670
674091
688092
700002
708418
236657
772287
269494
692745
600427
734394
55176
843784
616363
664704
499781
770316
871061
5534
358135
23116
356159
844156
452536
948974
647538
412979
96065
886002
744398
916101
584800
537215
789321
588989
441352
681992
548823
27812
45506
59995
994214
645917
449858
862342
33793
503838
966036
465830
712276
334027
168053
384909
206607
544753
577982
295311
30947
195227
175483
713001
156201
69141
55642
46799
907106
300667
54207
569169
281305
331516
231925
314537
374309
473073
762238
236195
399370
820500
221195
196073
72767
621086
998599
140906
966923
655297
935117
112551
243465
279807
259515
142042
279370
880805
259998
362691
39385
292584
417356
756880
305881
445786
376529
724776
243851
713353
65345
815764
535788
886773
709933
3530
477243
643947
220848
514072
567641
311234
150633
929513
144136
306545
314883
373943
382614
985932
894063
675726
767763
963865
747891
710009
609789
528595
265244
924363
332413
672826
863247
337675
620682
181973
303614
326205
674220
428934
381494
665481
975515
103112
471188
184395
83334
458759
160152
26166
480943
948251
56465
607333
150451
78051
448184
301824
543482
782617
319047
384094
272729
177708
703742
102216
736649
843010
768885
379701
72322
350619
206259
326519
189797
871764
615615
970788
64723
940093
776586
411130
527080
740233
697148
738142
369368
760991
233753
359869
384100
187149
57040
646611
753912
172764
879392
984330
917476
629438
615207
320826
989173
664868
88009
190991
95280
580588
858169
882824
66026
205112
759271
827612
575943
758554
665862
629943
225869
497771
122809
550242
291620
255867
690265
777408
20972
960930
284197
936052
198651
606133
855047
288608
626289
363796
613567
483849
505722
246113
575982
794006
610976
75915
61633
24183
864010
682632
933496
23779
609494
156897
580242
829625
921294
458215
628055
770888
145865
463683
285506
130218
243361
135211
985416
105099
348428
570673
375305
441543
684697
69621
348818
11506
416777
718907
489933
61681
627592
795095
912902
872261
52998
533317
154074
500584
767287
450133
347134
753616
864035
682499
733225
226384
488106
981221
941151
501534
657816
402941
215644
858543
666657
645294
349913
54014
224057
684812
17917
623340
462674
604556
656803
549378
893811
881626
197444
526738
236658
728266
263233
29563
99214
278886
663120
50442
618859
726758
733696
329149
619626
823357
762282
808804
356004
184144
523446
847841
118276
910850
372999
405070
463870
663146
247364
73597
486640
374374
953668
408090
467155
859081
777237
182637
807774
146735
361386
65596
615479
107250
88862
393550
653462
689973
371177
208521
855353
445405
970974
720381
427134
4384
920030
135290
286176
174133
924829
825435
783824
179179
763342
219494
957679
64342
728238
141835
139174
810020
761258
892874
909987
614285
505262
458226
465392
844905
578828
314820
411953
117211
804997
906998
935802
517163
617206
580627
838667
738994
122209
435903
345385
445550
939095
554073
360794
832437
341248
787321
334204
812807
684551
688409
858370
567164
729956
420687
927756
787484
191239
483960
913442
937421
695134
789873
710862
141287
785923
664831
482771
509028
173637
104014
684109
197939
147921
629783
538854
853355
98174
937370
135538
967324
800754
119307
809896
2050
523955
174089
34110
967955
718670
512649
583520
551160
495902
937681
209356
26584
403705
737057
797069
927375
379709
470700
105745
851069
624690
235523
429353
12219
201564
458003
903390
947177
12832
614533
326442
996643
622928
543363
252890
149202
414357
689819
226942
821086
436280
786044
29257
150529
374605
757148
912076
842871
328252
568956
302474
17042
795117
324035
977655
673769
863503
171719
79954
934832
593286
698027
228252
230692
726127
103074
668787
389021
240785
366098
92688
874373
939937
275411
428698
613351
126449
728406
346148
763361
473975
363107
990538
902004
697206
477050
526115
90810
670923
921627
71523
32503
714198
694945
77136
629191
745923
389898
744863
574071
472628
331858
417259
922544
621709
711484
68369
567439
734619
596402
476778
448144
137058
717124
850214
609064
459329
598988
303297
5489
390532
16434
348581
112832
145798
938380
584220
659666
765441
29533
68592
58021
129140
614846
4386
465188
136751
197531
842819
39226
536190
780820
513009
737992
597104
17475
928178
416305
445955
933853
173350
989010
784749
700017
414508
145551
996169
898254
487828
679433
446109
905410
202300
982188
75908
668156
968521
782884
983933
158419
98436
548911
492622
722400
456078
560781
606038
741381
342209
575509
910958
147153
648997
843362
285499
550908
221196
833130
37716
810701
290507
35054
921290
496539
837653
471437
537816
396015
580149
683188
96488
534665
391272
877360
271744
546554
822804
240100
159879
712302
964649
471510
31160
443596
131987
388643
358882
488118
707993
173331
42073
647851
47957
113671
9021
420684
799824
708815
634212
217084
209465
183000
707047
486432
49794
212611
45574
840197
611928
77584
525945
235425
506301
884025
316628
717106
900803
665243
80533
576067
402022
10639
767181
718925
369927
728280
878121
179386
257601
303668
423389
834757
888234
345877
712492
800253
957352
123434
811222
963495
647661
623766
627037
887683
931920
544706
303094
154855
907593
619726
434569
501256
141833
867426
952805
964568
120180
807715
647876
944777
685052
505794
1973
430511
68123
55726
313196
322051
976045
618153
172898
860355
198887
706296
99306
285879
308856
862068
268306
422671
60730
238270
823218
364393
829717
763984
902804
13294
746673
714926
826623
711772
159957
360250
982818
923998
350049
527207
439514
543831
139364
226758
97952
116413
393819
277500
772498
542050
569031
425301
714140
271759
159977
305
947203
562505
856413
351004
657614
382133
376208
542908
265681
426647
897440
511971
674967
361846
926351
687109
648875
831132
2594
168259
3203
966713
910300
888485
823882
984359
638674
126887
389001
792201
153771
910506
602481
150028
423670
161739
171719
923023
473896
169745
468524
931935
505904
565504
511304
405915
641145
776074
293779
156983
245628
926885
364351
871004
43327
564344
772805
761451
997741
613167
912459
538722
950995
916398
527599
610008
768117
431329
630387
446114
299787
389426
251781
436760
190747
578196
309097
564721
116340
886716
578629
58379
466244
495280
302857
300360
48215
240504
796089
195986
574380
870064
103704
270526
267445
675391
265522
653326
119468
166626
320455
458001
897613
670946
957711
352549
418740
624868
647406
909853
12179
173023
403830
582909
709455
26536
532371
378850
697464
149225
720535
407167
101795
71344
428579
145153
346918
420003
396206
75220
461936
815890
509557
854847
429762
25893
953087
72427
242766
463220
142796
117313
418858
963445
131418
457905
121905
120528
249939
383694
793143
734543
918038
813270
359206
562033
19616
493712
331450
623454
299991
378190
840661
639924
977523
985170
77055
504319
614153
665037
538174
721672
423670
961154
349966
225156
203364
315146
956798
519085
615676
35056
311207
99118
910504
321404
744393
235192
945475
984717
440771
116274
389856
197471
726063
199437
556212
700205
604888
348149
696097
446640
252312
867811
806687
648389
399699
637647
485193
425516
605770
468163
948290
62572
566748
365067
361026
880917
828448
429385
922561
16478
800919
297637
292734
845740
406865
994785
805164
388404
206751
191114
606842
533047
794609
503050
802621
24428
854731
246427
658493
332604
46696
521558
574489
757735
945771
50346
160407
338500
307518
637736
857804
334565
180170
470650
597796
660376
637265
770996
597583
383050
916011
497986
98057
335239
309019
503297
389699
717917
166093
726059
306035
152862
285742
364458
943285
639491
108840
555341
63452
526125
224185
933912
899034
943239
243311
468597
939335
600776
632898
491529
554705
968469
811405
952226
409537
289539
570667
2188
985574
672442
810282
27075
882272
421877
731695
209346
845131
138405
375718
985146
838853
199733
265699
111582
185694
340073
229594
921499
646619
33760
935415
977317
194279
595832
725403
213741
249047
342160
797556
253039
637720
519528
928632
344807
572664
287077
531838
760803
994061
975794
549177
598388
485189
792512
331857
24446
623500
364653
763488
166447
891860
769027
527750
600076
992836
312023
360745
526951
225535
472082
151884
817005
625039
371212
454027
373980
972974
854100
872816
556433
485745
979660
952501
657151
411474
339057
16215
639740
941208
952249
474644
445429
692581
766357
334337
804418
260187
947158
877130
182612
281324
451948
541958
15499
179774
519305
466805
885220
624695
657571
792090
523856
363818
46553
226287
354400
265565
893997
36810
325019
222262
632367
783370
165170
993858
256379
651901
586123
215138
417049
787986
928057
283347
778114
662773
355981
973464
488834
70733
103686
403142
350969
307214
913827
964012
220091
535163
207897
727133
23383
547516
397473
751259
670645
