114
378403
530751
797069
184017
597766
520583
634858
280300
732186
272724
233650
25112
168689
572033
30209
481971
595520
641461
607596
791643
357590
760178
23558
821189
703658
482555
42175
662525
724301
116960
411558
406842
627006
785959
926286
851613
878748
36889
655887
451078
361718
349734
937508
682067
775614
161269
345202
266998
614941
496204
320680
256562
725088
503257
766081
250546
471119
890331
31462
855238
268766
530288
550385
514491
866237
868219
786381
354517
738314
864881
967481
574443
75750
601729
610539
119840
577125
726046
941713
814777
557535
104298
564594
421152
246884
426688
606516
367284
506636
144798
77622
511947
689195
174381
252893
851333
838820
103727
133549
876942
349205
387972
220557
378287
258800
927129
707437
908945
75625
21294
63875
160208
941259
797633
