5511
409688
734809
678818
120626
421681
158798
221790
824927
514276
991819
625293
380418
32538
940678
293032
738881
485688
35482
737054
168615
779065
599702
627004
735051
934183
474674
713720
834001
485494
514141
43418
896586
500477
79025
394056
244535
355602
774216
327788
399915
826240
830248
794820
53198
549095
44954
120389
922685
649329
733848
786861
145295
571053
71652
481316
380147
995593
664501
700174
936117
118000
887436
603376
983263
902782
267302
252028
287676
356508
502282
810811
257400
71933
249282
856149
286819
342132
726374
528064
475092
66927
271059
656643
578794
184212
907643
79398
463406
443958
622422
935352
416212
716596
618039
556860
978464
375790
900345
912241
151270
381029
733208
706813
233962
414318
550556
708341
364133
44243
18927
515660
41961
659527
673616
442133
308252
675523
664224
711670
319584
24961
69402
592427
686739
652820
35936
738676
957554
140770
571568
629085
476120
818368
663093
902120
948581
873704
259514
585432
617338
472409
21497
739676
333344
128331
652818
75799
244936
804366
908759
206728
376493
473534
459332
724955
770261
991909
489228
213323
520759
337005
52494
323058
75895
637376
74919
97646
102861
439294
119136
150002
232067
220058
993416
724902
994397
73426
773853
952636
785106
999433
222052
321489
510969
409538
723224
196411
559039
58747
748223
415733
293844
496932
913687
167332
895846
899642
96368
475205
811846
377221
405587
148534
561446
210666
247840
758941
458691
584365
218742
105721
233696
144328
852490
377283
567976
300832
879195
434880
37237
385322
176380
238502
765742
298650
963280
333352
689738
478531
185748
291360
66996
640400
496918
697433
626503
183645
806788
604150
918200
815539
48479
960769
366163
825566
149071
825236
170206
882733
707919
813214
593114
781510
919368
735122
695527
403043
55612
931634
385735
111533
963929
493492
491387
925811
312750
712590
642889
756231
854009
245539
406495
745973
895518
444234
321297
948321
194997
770167
723519
644860
744826
305288
646674
114402
410024
351470
470821
84628
364639
177014
105088
593165
986945
263411
30847
251843
39709
289738
217617
254139
400451
907034
384156
956617
737207
899333
795710
749155
89344
162144
327343
610849
239648
382195
883650
432980
407773
805997
675786
947008
380286
552871
804377
948343
717458
230355
937316
248467
695145
842817
153858
216335
329318
299917
986451
330434
615916
806569
569277
692858
109174
208195
750098
898033
177987
570066
452110
415791
190446
400066
552060
333947
402267
846970
185015
615487
469582
997062
753550
967479
394838
291238
278593
152213
170086
976114
740520
31605
858371
697704
717811
282616
872537
771796
440396
988223
459561
280539
118233
778438
542173
107811
440349
472218
371325
120866
709950
257272
552569
884290
139105
987332
622502
292590
9137
972899
637638
946364
526591
309429
339776
455991
771140
303346
898286
992519
923393
196704
851029
368255
901063
742446
148400
932612
500499
211953
550757
550933
756817
868536
969625
923002
83201
390861
621535
655053
942519
642251
998475
435935
328828
64983
632677
875273
558418
363900
846649
540625
429141
950439
95500
411957
699133
209212
434153
239319
288320
498770
94424
784708
41813
158994
701104
646754
507922
4903
174084
795254
20215
469282
587577
937936
942787
726126
364152
958164
351684
421482
345918
928293
291629
297192
84048
173551
912415
348162
293068
673233
185738
25172
497755
103462
147309
298521
542851
615407
709241
774437
763993
826782
911955
816508
348564
240641
407097
983374
261500
571209
376508
154000
212480
586615
579819
93048
478247
813474
539792
955413
194271
571175
432980
515592
902514
485613
640317
708323
659734
640915
351896
169692
865443
210489
425842
737133
393695
948648
260928
285068
86133
322783
39134
798274
773317
384763
564788
969899
747540
898498
239157
226633
245412
188236
530433
223428
800927
705294
621739
927234
563501
391620
654932
727775
811685
35450
39414
60873
521759
461688
172861
62587
641512
314312
488015
287124
483727
13029
804397
112147
526812
485954
412081
751346
51808
154995
79031
610780
593576
750012
55768
425803
289483
633205
516626
790786
625955
443478
489731
990372
370264
734693
879188
943792
669272
565177
989939
852314
680227
226281
743928
133510
650434
582167
702057
986851
695255
750418
153817
723810
30288
593580
209963
44562
193845
299098
706164
731290
530593
520769
164286
113554
41870
691747
977257
16638
884809
343653
509741
991783
112324
951292
770746
795736
408394
226356
33664
888178
796365
634141
468875
620012
955739
98834
359110
798315
204399
262951
118624
374266
483748
914862
256587
410214
267013
970342
413793
695481
901055
171521
719073
870033
642168
934353
333976
958236
315384
817934
163419
50354
827397
714566
238960
687310
617934
530337
919885
402730
822781
424208
260216
520887
649007
533202
467853
674550
73472
123299
508126
121206
742655
185665
692405
50090
723073
474780
1844
689766
298193
232793
608030
555766
90373
992707
218030
433307
601515
745935
692709
585187
612899
528458
862241
603364
186950
738081
826217
964628
606596
216396
154053
484168
215628
304152
966666
207687
562276
862225
682164
258187
945112
84872
117035
752083
134991
574534
401768
100968
323961
161805
240049
183338
826276
686407
496384
408917
332462
819406
633794
853334
711189
47191
876731
691652
449194
585788
320838
660669
931748
448932
166010
216862
912017
227664
686377
702558
717927
659077
586882
885255
320121
651090
888278
995218
62725
242109
129400
934815
761258
865742
982205
935182
892983
46967
715362
212861
293086
41310
435533
331550
859463
713225
383596
336435
553985
982757
920122
730409
5715
178675
365472
296335
860721
379536
94904
900721
649674
856159
417516
894293
791230
913173
395965
938385
9069
320224
960928
366535
337963
474549
272514
139775
386959
703221
434285
247711
811690
706427
482178
570185
704533
964036
139686
352657
620836
992955
210426
283674
958711
290977
489282
320844
389358
74198
142439
543731
658044
596230
719703
302455
758613
906035
850570
729012
560193
340954
943264
700981
676179
821637
994278
900626
760626
979693
538744
273443
486102
323465
670976
659872
408079
90935
213404
757975
464383
813638
957086
553992
528040
56478
233709
843808
911072
575628
126856
591441
781025
623086
94251
379850
843005
384311
925834
327896
693294
84256
758138
902937
376204
931180
683695
187480
49559
833749
78944
63690
63156
368088
213255
155684
346357
139610
125060
121559
621713
782326
921761
174249
646707
132964
439792
69873
657325
82311
962769
554095
596621
508243
948368
928390
435016
33880
630315
801622
677779
276720
724017
414906
754641
83457
278341
335131
721575
320368
397250
971567
295659
597411
465593
285010
215418
63728
551125
832639
666600
735975
819168
930731
355539
176824
460446
600894
74512
435651
708759
747694
687431
754107
756722
795770
852187
674037
379901
164865
201729
800595
294922
221820
684466
702215
759859
446558
341563
36422
380221
312647
784370
747724
76954
459103
367107
364613
75528
733589
352616
745375
613080
353332
805751
724074
962953
718623
85077
236136
756243
695273
159560
657911
469631
160659
22187
680984
272947
616163
371706
716571
814220
886109
355981
53225
566500
881313
90594
97261
705779
882593
721171
208672
33169
519228
121958
664881
355481
494268
297667
52429
153449
36713
377472
390096
487751
960520
755288
503752
966750
821491
877563
585505
621926
844438
155519
537971
29985
381699
651828
499557
530305
158131
336788
666172
709159
997658
541017
251460
740742
636773
343081
26969
254054
759443
106733
466194
160709
249965
190015
784459
10519
226276
233282
248526
625390
550469
801035
373662
38262
378907
112828
824927
536919
218401
898418
256037
174781
586082
501652
168663
28788
850287
873676
100223
386732
836860
564754
822386
184668
575832
733604
908950
374723
14664
909650
865109
34634
211135
133685
983517
157766
862971
893824
398737
146137
24446
211310
661071
251640
297767
85979
753950
93639
732142
744303
262068
585888
488313
619189
750114
667954
177181
503881
872797
177542
737972
416368
861226
236381
877591
982466
247525
207414
855736
893250
341101
561131
130591
310414
649136
101627
611007
877041
956622
278691
443508
639382
839148
612133
565212
877400
728984
353450
2191
630836
439956
878659
963772
26656
116545
131467
225313
474613
918377
27177
448998
694727
589033
396146
801303
793813
707193
546603
793468
371484
930266
99691
612695
436678
183963
708191
254970
831936
299079
826856
102274
763049
560302
192991
67252
666277
335631
893560
143410
117138
342751
624068
416921
21075
345272
350992
663611
166535
256097
429867
559860
460254
458102
43717
853163
991106
540212
799347
426343
640304
714531
968976
720075
429610
657056
400765
997871
519493
508486
956424
874973
5789
295161
411562
340773
693545
146574
745771
669597
878057
286042
375712
550009
948092
109654
500308
252547
622542
538796
978373
259895
215470
218272
197637
820093
90557
558622
246722
417219
962946
685916
709919
613814
739739
84459
342784
20510
936206
456800
167077
143508
468286
794777
878190
976736
853625
648558
886717
672627
56366
255606
435000
454461
630524
98035
117165
829548
362917
398427
497297
844867
20257
66244
6305
652242
45455
420075
71722
718808
636486
428512
327267
524465
341834
228242
467832
577789
552027
753459
807202
536656
486247
834567
153521
849551
735967
298126
924779
141997
647846
93772
857998
462850
726310
44018
440690
952517
73597
936426
139019
208294
950869
607620
649674
840971
650770
305720
658530
450148
665572
375575
504552
780461
638716
352339
54931
976576
123866
426919
708195
92820
900677
309028
548767
124374
561301
570074
860022
236642
306986
509791
989575
232990
932159
290175
517820
815603
805656
749312
325201
475817
574745
23824
247539
389022
509041
568397
874499
673187
820979
254705
49209
17587
671237
63257
435750
439377
729073
538992
678930
81597
305113
749692
694595
125778
338375
436677
766943
603391
95075
946973
188649
695392
899261
72145
76007
613176
451722
433130
549284
11981
779692
58208
838609
847713
385194
724060
657543
547976
21567
808040
842344
16555
994318
217334
440035
585367
594035
624074
839509
323906
998836
3524
371469
724061
83286
92494
998248
157327
138508
677534
857435
808659
712394
488168
658704
723567
412025
711268
775143
585231
11203
374327
307549
11071
278157
916673
137738
864002
998469
555266
215748
161617
511568
725225
290081
762547
277606
693691
964250
727157
740218
448348
436620
993607
11089
865342
246360
242995
308596
5091
30825
153914
862081
216144
427733
612429
95323
930768
450141
212773
923009
769825
377359
710911
676348
475968
36043
36024
449906
320524
905698
384832
943384
606553
152346
562942
755717
934164
458254
694592
914785
527630
679794
586717
18172
612647
953076
408554
510331
363480
355903
286741
836973
650588
209753
503841
743164
548796
126188
795262
988222
689526
421026
296900
805163
5897
427177
392972
644201
528480
414742
893675
559300
681688
201830
798220
863161
356656
64159
623721
153649
459148
96405
193190
289803
344038
388424
102666
308498
761874
709355
843866
48846
472427
76287
936852
410358
532895
174558
954245
494851
145877
662292
970311
182943
213878
265576
730075
839036
314975
244920
621599
112834
478561
793986
663212
271072
943859
589375
22286
341380
216949
109225
78689
233893
296161
965534
967812
334013
192272
955165
216061
415765
81255
867372
890857
55736
980316
572828
98526
601737
849128
449572
377567
271217
720203
254827
637499
526640
424759
879906
799234
576085
184154
987277
39973
242248
539595
723489
128937
389765
626832
607049
221639
186851
919946
241475
833444
313362
324030
390055
571624
53796
165376
461896
21885
64898
395902
123443
688038
703615
584742
802644
596217
176841
182005
612920
507387
653947
185181
863149
514518
216464
42514
32902
886457
21427
910194
883131
715212
734642
322255
443565
248783
414032
557850
581190
384846
719993
102701
640063
821315
418768
57780
607227
698504
965413
765497
433617
589431
302402
696268
49319
46112
215972
986123
173689
499942
605831
989523
203897
867830
305626
390723
600017
798949
164242
933802
533316
834789
875483
149133
233266
921188
835624
400342
822394
964098
789867
829531
654074
375084
198305
465674
278833
500890
649349
299311
426822
966689
838756
10594
114722
988661
893904
528912
328824
606783
131054
813732
675684
412439
620907
895953
264561
834911
452427
248318
328565
231163
5282
234895
631767
562480
139483
28301
382257
831128
280437
703217
865168
685631
913998
588242
1944
985502
905752
471336
433541
224626
313960
195388
460044
159991
599533
147502
608223
484358
464189
998754
385296
548424
611979
465929
346957
100758
807029
655687
464969
745583
596090
461254
351548
266837
651977
276823
561792
96964
922676
545216
663260
316112
848515
310886
91102
713818
362853
426712
801313
554990
466434
176437
61103
460924
473004
127100
74559
456113
481971
67438
735135
392690
508375
607138
486765
788149
141976
786981
489919
226556
837162
401483
11235
421934
362885
149591
606464
575571
306904
202626
610715
791787
504093
743531
167222
635116
189128
340444
261330
760215
928089
459189
689302
625782
731537
349176
904072
889460
665857
49072
931319
748632
967805
452158
926203
184544
855088
70337
472533
228662
474377
714145
203056
905617
174675
995961
110089
924843
536739
80031
506794
66458
797162
294609
233937
402830
640938
974397
495280
53990
318022
799660
785294
913583
255410
599309
145547
362297
414537
564954
281600
416792
291389
131817
117189
21172
945768
115409
215052
907469
661378
439991
749482
103056
585900
348532
131894
833614
675944
445284
401546
530975
488620
563726
352551
306642
856715
382955
571957
949711
111443
143829
834087
169740
333558
864909
904957
669928
75872
726313
1507
795495
670631
741464
622327
552203
278817
997779
933864
230603
421007
45411
903097
92531
690166
610889
804645
324183
270030
675277
673821
374581
632404
823718
838317
122022
797818
108418
58172
520897
233214
494004
380210
367373
662552
671224
980660
309728
575501
730403
653002
454424
99873
652267
171746
301109
920361
307344
479214
154578
505663
891879
896424
997438
51150
803009
60853
447995
265164
535356
152935
492882
234248
858662
867421
626641
989913
193801
115717
401635
574902
727
506306
164938
198948
26291
856937
741947
629962
990873
932132
38166
173792
847468
276729
40704
476294
190171
28965
769695
5617
490606
247458
120881
963776
745011
590408
643785
58093
11647
526288
201256
240222
237411
366451
432308
216347
374253
116337
249751
128731
692504
462637
737463
133495
997777
807349
885581
219776
468710
216352
484900
541420
519373
915472
885744
931115
505935
538711
675465
424215
249744
88438
917763
353546
230011
764033
155562
827531
830734
283742
453215
629152
413951
329964
868234
608263
874954
651264
347706
842303
498968
781002
166049
432321
429901
180310
248933
975180
194670
410543
688484
684638
335405
136222
352583
54846
86803
632976
939265
242038
115849
726805
960933
211871
219011
828484
604322
379028
360138
269245
738780
301256
158308
786311
412071
671924
887009
51863
585122
154665
169029
737650
422766
892611
4429
424105
410826
452478
218272
89988
777677
525858
823636
211258
865150
363482
848025
766939
14419
731107
731270
5584
390597
975584
230718
876219
156620
306122
441790
735288
467068
303492
507847
154373
277308
247948
404322
582142
462366
497934
244693
957184
582560
49490
755872
422256
821502
115926
309812
158996
870706
289335
580785
429918
546826
113288
222234
178890
592739
211653
994008
867741
717511
91490
759463
912460
702433
669692
454689
420159
843481
637745
962085
286058
165648
483403
853860
606683
446585
529303
316808
801555
638482
959956
795969
490187
233535
384839
491181
919128
906753
613100
756066
67112
846039
528326
469723
638188
964081
287959
370110
724688
757197
442220
879430
722725
482993
853776
306450
790816
356931
972513
246729
711548
872264
695295
89064
388986
850295
793760
918697
808393
144953
243648
747793
123264
867456
292790
42007
622663
348993
753378
276652
388566
346895
945923
618027
227349
333974
80229
157919
86243
427696
132855
529195
286963
825575
946938
688154
434576
870856
78678
763268
274369
20320
211591
178329
83015
308886
505332
507597
67011
356389
432992
539936
33268
135924
866873
398473
765662
289491
704654
92094
185607
274516
307102
362659
908124
401796
941707
283468
902704
748037
570670
22833
820964
688521
477892
875181
330465
663789
391365
915506
729922
683375
554581
703182
545679
124110
250068
102354
871013
238333
134736
749028
397553
20483
35994
666979
812251
416818
646134
297970
552959
895489
574764
144420
325974
45704
686651
116738
691891
681880
904173
763451
79146
811317
73926
685865
976779
766642
342550
643580
465932
966503
365998
217925
740676
24656
471151
588321
212052
170053
488317
511488
541472
357330
206739
110545
887419
28274
475825
511948
954209
942445
140464
80987
910749
353227
39541
559654
903819
158899
343748
77945
266808
903781
865708
29908
354661
190033
536352
272400
949227
745490
382758
361961
988152
103690
41512
905836
156599
336346
173545
799806
440718
812606
748241
939334
308801
485764
294825
970488
736179
521895
67234
55039
964429
34060
33423
908806
708791
102232
755827
902628
261188
235564
898101
116578
71082
530494
994800
393129
219822
257301
974695
146957
484062
623585
258133
646064
203640
625908
63203
850516
353897
893665
797875
328513
791407
293040
561753
890959
193055
198586
654890
777681
500931
146023
793260
720030
644635
3394
467309
955325
999556
331254
503087
430508
505527
395432
694464
497293
721512
257648
870696
579950
820686
768437
158524
288563
545346
711459
53648
301154
670145
349708
49610
235723
584588
723608
729169
610770
868399
638634
42339
742939
589790
698386
919302
469904
893434
681640
756950
502162
198195
421579
351485
602298
815176
229174
688449
421962
384427
594747
572600
97589
181120
471456
974230
134407
908483
464723
669031
632626
523336
644426
60376
589303
208926
673723
250607
727661
618701
831413
249435
828337
885887
968986
972646
842347
652987
126009
849542
990520
176844
833740
318547
40249
193728
516683
595732
628471
961164
546923
232178
914418
626189
964662
361550
851589
603241
650952
462766
89975
2324
149795
562898
154400
356783
864368
576485
159285
641482
878867
293327
375475
557258
349929
818471
711973
651558
981025
668038
601233
306827
892340
540215
295877
378272
352322
225226
246521
486116
168266
623112
370913
318130
762886
405504
710546
632614
219745
842048
635278
345498
547990
555743
254766
537098
671782
209975
330219
787862
821173
522417
295560
394533
801090
500409
368736
896165
261570
510160
448391
493233
688791
805503
125408
96524
962674
70569
356987
494538
573634
47866
284712
381966
208535
45436
60701
854574
547480
72264
607743
485491
370845
48473
598736
706108
118506
261244
966006
727745
300361
606243
583652
75445
739267
733721
669479
583621
707898
49681
670799
518974
770982
786583
729720
994699
142122
845352
106996
845851
754130
350109
207766
270689
250988
309441
624926
729845
325184
425348
201020
633752
919981
456009
167683
620181
632481
421466
696683
581250
186292
536571
717635
777446
506018
46236
714609
92661
750691
971367
610663
121334
492457
210746
698980
852997
81461
468207
337060
723829
938839
983638
118182
252813
566976
453124
356376
248883
97029
296068
330720
860583
918386
341548
250121
778726
80521
79883
553864
297326
672854
764351
703403
632289
363504
189987
366685
978883
866830
543845
15384
821406
773571
72245
246311
966597
235543
894297
123543
973813
7172
671645
708858
440279
53514
311144
623831
525922
923119
289067
517169
257309
818775
902770
115826
222466
61627
656797
778484
955390
183625
962536
798124
57109
765656
417957
378164
615715
900550
308172
302196
661693
921905
673257
452460
954614
109262
929395
623584
979389
578729
764797
147999
553828
91193
483333
138610
373819
551391
567082
271518
912667
394555
677371
36118
989439
918379
959275
670785
481164
383714
370336
969891
546033
371296
223082
151978
467881
452179
71505
7320
889309
40778
522247
388423
324391
861458
656764
740126
84402
444399
986897
325071
474877
762297
442276
686857
956670
329744
966666
972033
83811
518653
629914
796057
742515
853926
215974
869866
764308
705581
971845
509363
230309
266151
745804
219229
542731
746164
946075
222634
907658
474496
35667
625786
202697
171989
491301
71546
864120
110298
76806
17001
765773
847212
371326
700680
927529
548887
436896
76190
84250
316848
762580
12197
940345
738579
695120
720724
984244
171509
538213
191562
91174
74789
82486
730836
58658
73444
724867
155227
22671
31005
858723
334253
57133
131010
287632
925926
758134
353349
602332
20411
950367
764400
710274
144930
679869
861922
334104
419937
782277
205543
774560
743218
393196
602098
166205
292880
480557
613817
112066
222626
133225
126638
457446
571008
373608
747093
256340
968166
553277
85638
110879
183028
341960
727937
88531
632031
607830
401897
359270
189304
833443
80031
680206
547351
965887
630524
413868
882980
608525
88106
821925
495297
773352
898400
24274
848279
983201
513272
410445
922940
330916
948462
499564
65278
475641
447415
748618
970639
399974
692283
630912
529868
113905
176433
593971
919212
498114
859734
617543
473410
571111
383882
250610
693550
95282
21127
486187
731174
754749
946622
442753
206684
491918
772112
27591
91405
417813
594342
228013
505318
996562
471341
487274
144338
975507
472561
869909
982692
843227
739541
129619
485726
441375
940077
228523
88732
313514
617016
905654
196448
691808
788157
74610
44219
859871
419712
63925
365332
917953
782753
720446
733272
76030
933650
330727
90878
771119
165939
228598
790261
4461
29324
694483
884269
186584
52838
476181
434879
181747
164742
212277
117114
346541
124167
725220
78283
400378
456083
955128
539912
910176
76158
969409
876185
610894
961215
744122
775811
943462
627019
630876
919507
441820
688207
918796
998435
353334
244490
17972
874380
644979
327942
139310
326056
920840
191985
992541
646722
812613
691228
860566
475165
301015
264975
990460
976861
764070
406470
813738
330838
639390
529101
801352
608240
351052
667379
194497
259572
295326
44974
164811
788405
833741
386379
368485
163997
247446
200656
203935
985491
734947
209456
486099
558150
39945
427369
815089
98969
383787
299838
498744
894571
9659
955276
274369
431617
362208
451404
358517
248403
522100
221924
389279
105008
495140
815401
559580
122830
491003
614006
909231
360946
371896
338530
203377
360888
247195
940448
30694
986176
773503
494712
690922
925749
164961
453150
155146
419707
981374
730604
674415
173428
590427
37697
998580
453872
118878
755509
424793
973295
180058
121592
247313
644307
251496
333382
263862
861799
787824
225801
309405
857094
125831
106187
837251
806313
882866
746453
788902
651665
33737
44457
132464
12685
280183
340569
503758
458600
983710
662915
720544
504371
89815
202857
484041
521067
371287
738225
234917
70598
903085
814582
282074
372191
133352
132488
220039
345339
840213
779975
210586
584695
529701
268631
71678
315408
149357
231936
786737
744847
964296
915621
898547
165263
808663
477279
776538
887852
23785
946870
79683
216714
738997
408571
852067
474879
361540
222981
348987
285406
210860
35846
51626
467169
270710
909513
571228
954482
857185
665802
192544
85974
193088
116849
576216
966262
155454
65965
76105
400588
847042
219434
491731
275750
932205
548206
886906
371866
314944
112533
527138
742535
756187
150439
612825
748163
8928
373203
196495
636902
62646
428043
125025
362674
31658
706811
666322
569630
960431
641127
937370
46590
267270
151968
324441
641232
60345
309282
349732
231077
552897
784205
397952
354217
150151
122750
8749
87505
412039
976586
579929
914081
862161
211478
665846
12952
962474
435350
293285
384632
984335
617824
753489
998773
650201
118828
824217
134394
731452
188395
259557
175442
341865
232896
797082
589946
993300
634079
347432
133312
320272
449217
160320
819351
933461
521665
893219
943227
626596
142934
499542
689083
266561
66285
610162
428392
582879
298787
893015
544792
21530
435292
189441
608727
95710
22723
585267
318891
28645
730270
145103
96259
168285
209996
985799
619771
735015
613086
929582
380750
847228
173584
156776
755033
709610
119331
369472
83528
707580
575768
187416
639775
34808
639370
44411
386279
385282
863593
236879
376563
850270
164303
678118
607694
503059
36544
60787
646083
248107
386883
303449
572679
897302
874135
118175
164487
27182
682132
921600
956938
489941
23328
828767
639363
746746
697674
762840
768758
834043
46918
860530
904964
108132
166853
471792
243669
535830
574769
207623
236960
519747
671810
687401
622682
654806
143680
608256
834937
830447
669781
313526
72483
22860
329166
786353
192696
35139
102446
493788
737144
517611
867823
557088
338899
493019
811798
955379
332812
600714
822897
635655
277769
68374
113904
655906
43385
969440
422174
468173
78306
176084
998138
914790
909958
411782
221622
969745
303537
26680
28427
116043
541666
314744
906487
209758
551315
184998
358740
123121
142695
385748
292182
345143
304560
90374
834913
80904
479066
15128
441797
991436
591735
866943
586135
362131
464871
32231
868909
575938
208291
631612
321461
651369
193766
598725
361395
127920
579386
860010
92373
845102
121115
201430
174772
820380
817033
143863
666729
481822
627823
337506
803018
582401
612587
436500
144064
770115
397562
499540
313030
433099
301185
263028
286848
150265
642938
43701
110901
475864
705849
414666
720619
151472
999514
21685
417182
590328
25930
600590
899868
849833
366702
305507
797056
717742
554355
598520
555081
655224
431731
896367
360086
762605
946561
358723
764544
922880
929297
287790
441172
718812
473927
216491
367723
362682
696602
464214
957544
529426
391141
444271
313614
171821
109002
323325
85756
567193
610563
896847
846469
413366
195142
843229
472560
421358
371028
87694
651273
660674
955615
547603
469730
853823
24790
235888
413546
964175
887886
157723
31975
542251
12494
573
301971
748718
717367
446485
176913
884549
552142
591484
368586
288835
924200
696003
601640
496977
860977
342840
611375
66755
267800
671304
202675
494469
499419
703550
993210
876148
408106
983145
742830
472009
425723
980828
993854
828016
296233
758287
724307
172407
427401
6435
628971
314913
545292
619139
152339
448667
170762
951014
299973
246150
520241
757553
352923
903923
246665
2424
473775
663981
803235
218085
16210
941935
734750
810225
109349
481590
23701
568592
8727
600817
357352
15722
236027
98774
136357
883971
725125
568270
170836
5755
676769
572048
335132
533105
210351
849099
448533
634179
460447
882109
264427
522545
403110
806049
501995
15008
620890
699589
797357
536506
407216
617913
331743
925746
46927
839652
281578
911909
55760
986992
157506
129948
479317
24549
944783
394414
789315
854164
715187
518339
812509
423977
744248
958707
851582
180004
589463
730636
503347
409505
952231
517298
494259
379859
133153
561249
294267
929679
289932
189903
829770
969604
984393
795757
172470
776457
195197
207883
191594
758735
515414
333211
705149
201654
807676
139405
642671
532219
855958
236250
707266
194958
792694
686045
98483
840065
98274
231259
178580
435165
823232
218211
466183
368783
790109
992721
24600
349696
267226
676012
952376
806274
576819
575023
151954
537189
345261
574181
879116
773354
125212
257261
482652
710735
680142
261597
24004
755849
752536
964035
243372
709584
838970
493959
4826
752468
129393
51244
856208
535117
373466
625717
314242
390000
219582
691556
122354
596221
922942
627678
235946
504181
10140
196138
246037
575529
32739
147544
661883
641774
569333
7550
634263
658093
40751
527005
864791
691351
118714
232483
170032
333877
74609
280778
539
361693
947370
613854
701487
467905
412260
610203
682076
196385
720587
582260
699969
346464
201066
755248
364331
353013
635309
148015
434987
428088
29074
826187
190099
333852
985324
88090
600717
178556
186004
391055
687831
96142
233452
715264
99742
188980
969809
996994
849334
597169
14621
162544
208372
873208
386645
489163
159977
582688
87414
326651
691259
555061
541463
950580
582881
526760
212539
455540
229626
208550
623797
927592
337483
504005
400440
586798
384596
675803
682618
295990
601421
517737
715077
916801
358914
930101
436378
538123
231880
825717
743426
41798
929755
50855
360242
498428
423765
190654
55770
772373
702861
308854
488458
634489
317514
349384
629825
854285
676579
306170
399252
593370
86772
361934
820600
393740
199487
613402
614444
590550
703900
452856
249541
81970
593886
528979
309655
710150
161540
953570
589373
91427
730777
137713
153286
113958
226985
483099
326780
360897
773216
990868
586578
649492
507712
38755
763689
553461
276158
983852
315519
790223
738874
636779
159797
429798
811162
690557
920635
459960
993794
326872
124250
833215
776241
532124
328669
251796
347131
478785
385821
809709
916959
607599
77928
770695
955268
549612
263245
701663
665365
572463
140999
34201
10549
937428
663364
176772
560993
912745
668560
410613
229409
655717
319779
272015
836971
836792
843907
306853
278676
21182
295383
255286
507443
662989
395978
617047
894869
122989
709656
577518
585558
66215
80056
707546
258402
223030
341798
27120
370312
197786
493132
556769
394872
258892
19340
693687
285785
578252
372077
595646
787657
344406
372191
571647
859634
800627
614188
400424
234053
409387
209790
500551
774166
824280
20999
498549
477844
766741
377937
714383
664355
610070
178658
833376
636888
663377
231115
967067
255888
644186
839757
553539
772014
357005
605609
801965
37103
347876
629443
953117
492011
158249
713586
671182
993066
737669
171238
363342
578848
97206
441910
105221
776071
204639
212678
727126
254359
708153
995986
590877
665829
226151
296153
907417
18453
333352
213544
33699
51325
414374
522305
186780
165592
569643
800553
562982
364772
690483
36491
989256
98201
671900
414348
830389
127045
927354
923244
436582
592073
611911
302613
670564
822186
881975
918020
930594
949268
259114
324689
991942
299634
94715
393884
520008
99042
127926
384342
919539
288089
495398
275881
858505
510995
722635
401157
341316
518004
424746
512776
969974
547392
360959
856906
50514
112884
681678
539394
234371
773887
259415
888664
739962
787424
288232
224903
983685
82909
44748
789806
359387
184477
463457
952756
425076
112099
309384
487382
657365
558119
923637
566799
857065
987731
322662
996770
212683
729175
636592
833479
314785
564969
779188
679792
745122
138076
557553
178678
523895
940316
733107
650021
552831
307524
415402
373985
793837
366044
324245
848051
87756
269298
922333
844788
282339
231955
852030
428564
846964
27302
212000
921223
217758
353702
649988
430670
306722
354426
153306
508062
335426
875123
825327
143086
588613
481249
712835
194146
578264
310546
409400
663503
964303
378344
566055
964138
799561
860822
803725
43410
737008
918839
959459
697463
90271
437067
556171
320997
930975
818894
561254
389937
974602
274743
320194
597950
396113
221642
378097
657261
227673
206426
54133
613727
61375
620575
703127
497063
434941
271216
135319
587921
736036
966109
879805
100106
170057
900523
354830
785514
264125
626924
731930
814629
986356
807547
692274
956361
226566
983250
233976
554356
500372
914120
958670
471510
797763
862121
239856
444255
600612
944947
605278
480197
254324
375467
840434
64179
275774
770907
311440
938833
162015
642728
250938
886508
212514
425875
679427
120195
386057
690892
1307
318573
988077
647406
93449
758250
354685
168284
659832
56068
586018
461366
372904
898465
575043
310135
821381
451624
637604
352045
91157
188558
448617
921046
740810
343036
294201
729044
32503
475039
347646
331021
547231
999627
720840
519138
672362
785996
928529
788682
711089
612235
474075
806282
496760
596762
328950
970067
601211
84188
875486
354104
345697
850836
425472
204042
850701
256072
659229
715602
812436
560785
762439
475370
25929
630530
306889
882424
43443
892979
867044
473992
486624
418281
315123
261189
465875
378787
862832
122196
271704
850180
703311
944014
343288
797592
939272
431383
183305
631492
899826
281119
394781
722255
333451
766133
202714
120839
283796
914755
304234
614417
169177
742186
411144
956689
882255
268667
80379
364210
21525
397710
741408
848914
297117
269507
357727
262797
716708
325459
5824
609317
988189
752402
374486
553995
875820
849795
88857
509452
357389
644759
671058
981403
57685
992708
850095
91255
527825
845374
717750
462200
601675
908885
133398
190780
356522
420587
100506
360296
741113
375312
479927
980381
915072
167228
80004
677945
534158
272488
923273
776647
851993
123785
991215
271428
144316
570154
559511
909839
392414
258661
275527
55660
120947
247421
524736
736884
960988
766491
199467
178909
445418
477476
381425
81506
231616
525107
700202
897039
88150
373048
785069
917547
179226
523756
172614
821569
602353
708592
78277
849229
264026
126849
656243
925376
644532
769626
645536
494320
21206
795495
14872
621792
495964
8225
149620
196519
367042
718154
922508
230719
251752
555847
683786
705644
420021
994325
756314
424134
866328
810921
255549
164069
371498
423400
157757
384873
508847
779456
17851
565475
943548
748449
854820
888484
745458
487324
713794
950240
111208
47446
602094
711933
289575
110376
731428
619646
441550
733719
210287
203207
437206
288747
40707
841420
762736
133678
340393
171546
200651
449347
341588
654850
602225
369632
946323
119453
358545
673193
714784
306433
95063
935850
622165
615103
528759
926961
694078
976725
643722
47814
78665
40951
182031
24712
375770
441141
100818
750182
701371
483081
551593
187958
113
162623
360987
385909
485610
134273
171932
282268
118162
878846
985012
644571
589060
994615
671677
177461
854237
810854
175179
73847
786797
550218
673638
558870
546567
571219
561266
805924
22264
384615
990064
713007
329236
286671
402525
619574
345963
430402
579960
74377
509915
9739
936801
186172
849279
621593
487773
22919
89222
826723
876982
812477
203678
113270
122943
381159
374734
132316
212598
991549
327523
714027
206594
120064
776962
809447
721883
280439
766685
857365
752840
242179
430913
128797
403588
823073
857675
100378
371642
671740
227578
196866
695792
20717
56416
885037
834944
849808
97395
99140
367232
48964
195904
521479
7363
107390
88255
278842
329465
22411
961217
257197
929393
970400
393862
716007
916095
664415
736747
677614
829305
981161
236032
368950
693915
380506
905848
411556
642826
313957
956857
358461
546486
961293
454036
876272
286936
713086
282446
972028
118043
983110
510173
558271
911639
750067
324591
741149
700600
397449
801571
969417
85437
958304
651739
814387
143325
462744
72297
212942
62020
247738
477990
345596
317818
788525
484513
273369
901669
175570
524853
253281
37477
751484
608116
286335
699293
705935
816639
190899
203601
666356
243127
962910
396779
837238
230606
656301
216536
483324
606135
465184
709775
784803
586428
704822
327922
766776
752622
858167
145997
371791
85366
583965
286267
802114
324170
398112
842471
319178
261116
941725
970672
487475
293612
903138
904742
892095
102558
853273
696050
920025
724838
711886
124562
617140
701888
617438
659009
282176
431228
799998
514932
895113
896918
540965
941633
210348
552868
630231
385243
777718
757160
334863
464696
410074
968389
134217
30675
989711
332175
164329
829709
339652
811195
27659
752879
745281
417589
153768
315530
330395
924177
32929
265663
31060
364441
3628
57371
546701
527876
719768
109146
303592
963080
548030
270989
33662
388038
564230
671957
845626
182500
284179
720975
151440
263545
374988
819530
207262
442209
521736
713971
981597
193519
432725
3730
634371
224642
800101
651181
921273
509616
976598
302154
9844
629984
669213
143698
48818
193396
182478
744529
405139
267875
145226
316058
988946
554340
830981
496136
142622
160646
77746
655903
363737
279581
139086
264528
224044
139926
489478
192475
691077
519404
407238
278543
348910
141491
632607
439085
438347
409874
396692
108011
123952
828174
906178
376916
599964
558977
974889
273228
867863
653545
332251
336818
553187
10396
634175
119390
946977
441241
701442
594121
866436
829243
641436
587724
377962
834055
725818
37249
685596
986532
546509
869958
210339
957482
754607
763680
364933
576594
759981
728699
607067
623054
299381
354575
114512
256818
999133
646175
988536
925199
997262
541147
762058
432737
730379
326822
844668
610782
122722
519922
822970
333486
14893
425542
315970
921466
683525
990369
225246
235613
931717
565241
397503
293688
677750
688220
416755
154978
443228
38904
622787
512700
902748
807030
634604
722594
41992
625856
991800
466685
373129
804003
742327
468661
515816
72592
737311
10948
729081
57341
854526
960422
962980
364265
715799
833900
506129
839932
147937
678192
76399
32844
291416
281955
364450
135868
793853
763714
864327
916543
149553
823783
885412
227386
541802
162876
332721
198536
967567
804298
84157
302295
174390
322800
51967
288687
50167
203694
584890
816531
638765
725281
274571
1344
838665
428425
894162
850514
20498
223814
40635
726534
595773
679522
464040
345242
69092
177927
249597
140817
857318
194961
287559
913555
662236
601662
153481
404080
905779
457538
921381
692357
835499
74680
484580
786359
225899
664562
300194
157405
39294
834225
992409
191866
203886
728560
389128
825767
533883
84763
596351
619215
576632
147933
190986
749332
905411
580375
72888
432336
109023
55084
424710
240630
663792
305913
523757
298838
467602
481058
296261
177343
364246
606344
126932
291070
842393
585302
871032
540037
702275
109243
372332
776232
702233
254066
485242
629952
594560
101436
11710
770866
610319
561775
526354
499018
878159
684968
802779
852801
530642
782493
926063
189341
35629
545549
181858
215735
562067
594264
628716
718616
709391
41643
418744
305725
106141
660499
200459
354298
116198
858739
241295
199035
134871
971729
213692
854629
949597
435274
624930
687514
389567
515302
381845
469596
408919
120774
470645
815561
51054
839290
908568
334980
166579
755503
734614
705973
387608
86341
438514
25702
198922
463551
293536
562702
233866
289684
956663
226731
987885
5282
794165
223368
110572
637442
991465
474334
155689
682486
97729
957847
295935
577087
45232
522989
527044
692108
456124
686385
237342
279884
857441
265576
93439
748068
116133
596944
765374
735228
883833
638080
473107
139892
946761
636653
124207
14965
664865
683209
963574
185378
427387
248901
706906
869612
561001
253879
942293
19717
299611
600536
345026
240940
838990
736484
289881
760935
908434
628772
677573
402319
531446
433032
218084
595653
511889
553581
912282
692994
58096
492223
899154
924877
202199
669880
219987
255237
643702
14599
507834
209374
217002
32843
75610
623081
244652
487550
383405
131147
307354
32495
803445
730383
260128
367911
590963
78040
592003
997806
916227
577263
164042
610598
437202
898491
817097
738068
477822
651470
261259
