7779
971063
374912
931798
802701
942038
788370
136495
480533
551503
758402
794970
961259
515889
296712
242568
478622
82679
585063
853936
271789
60902
490359
790717
556515
28809
951838
562132
369881
150023
698141
461317
114271
910110
577158
869197
48118
653950
483531
42822
936244
444356
354290
171180
767946
937873
765030
764748
163107
184135
113191
678667
2530
130016
954464
53648
227406
731690
976793
263119
528330
807139
263171
416435
957437
607597
553713
873959
10704
731821
51494
558786
380053
76486
766409
278093
308741
685165
342773
842225
170594
825449
475053
350722
216635
653354
984428
129890
983438
942211
54171
348499
973255
614532
853148
857693
12199
830648
148611
478552
155904
279672
760229
147607
380380
792298
853704
247281
56958
890714
263482
226541
96832
804850
269949
746185
682843
349337
487135
329767
365125
652390
520489
98197
513013
75392
917357
87223
383746
714772
635266
896851
287721
834481
221069
463993
853741
886851
701685
549709
527897
275946
768696
910707
430369
535798
862108
400021
744615
178625
192125
184915
165657
329641
533957
475592
114871
861353
905083
817526
550002
361748
783026
499917
803440
363693
185313
866845
14509
467365
702547
874645
78651
492146
747957
109815
923689
654472
841421
723162
419330
639094
694794
213915
170477
556384
184758
512801
410738
958229
755463
235468
547548
830220
16725
918970
360185
355072
524199
713205
954238
15525
196454
107388
71559
731461
383155
651117
94781
341820
448084
266764
263889
827852
357641
954546
11812
979742
102781
796500
921097
17686
229912
26543
191586
901073
607281
582797
473127
289790
650401
691639
174149
385494
546611
173432
790306
283961
153527
711625
568255
938471
350134
291806
362999
404567
589375
840972
912676
764087
402784
240149
66017
878721
25136
454034
555433
719159
471625
78587
329310
44347
992084
67670
845286
920973
193725
595898
203312
44193
943109
30591
95957
757852
450293
483973
181977
354539
629232
412957
800528
902720
963490
793239
665437
7658
343189
300328
902294
922384
3682
914488
598531
839242
555652
903238
21829
138781
824136
17529
898004
349328
25184
789636
417121
126767
627480
522932
542234
71324
61984
304601
55692
32396
142215
633167
259234
656997
594953
575720
523723
967283
965631
556535
525242
600129
926580
639163
516679
400666
870168
207015
25907
152348
51086
131274
379784
754997
311392
215136
428575
820861
452626
565108
531323
74288
823444
614256
498323
197510
756880
893123
899565
458289
893860
383661
370342
734899
293546
749738
762894
667993
640498
709753
738736
821143
465041
377799
287279
201537
573523
997373
886475
976100
679051
340835
626371
959551
288460
846575
773781
430817
214000
675694
797281
189856
728725
400718
781164
970419
688616
211270
370111
342765
462617
950242
766127
11031
472430
692334
22328
218920
731123
101950
398339
182179
318991
340313
309959
50509
164211
917440
498763
878986
256171
644830
307209
774036
730071
451341
413231
572502
923699
493698
634111
126123
644625
913495
726
744942
819625
636468
912585
775933
140551
412760
120811
677647
898466
562441
486187
293615
415245
340822
464922
218133
707782
944838
588299
882783
296428
574367
512915
494705
422926
464276
225008
414118
645343
343500
28678
148785
774405
621003
955524
762197
732496
81087
797286
226109
481928
938473
22931
937208
545695
133094
113254
623637
530821
711514
778698
108440
971867
958200
268222
106582
783999
265263
861304
776370
96454
4340
929126
780020
787143
122472
170319
600067
220244
414055
498776
556735
738372
302573
441187
79165
909740
969508
101458
612192
626796
81166
969641
922576
389221
489675
669521
785370
588296
554632
162553
4708
483914
458372
855575
644107
901620
439936
760013
891227
435350
842947
392806
415210
898203
498183
399231
262993
68600
146883
465602
606152
677438
937878
376910
220317
917328
868173
942195
989009
38062
818897
422489
146575
550575
358000
886272
804170
395661
733894
178657
454258
467162
876743
504180
836114
120657
74604
288267
773001
452232
643384
594651
667682
118849
839590
190043
610195
662879
895985
169094
741647
875061
532607
207930
657480
37946
319915
754562
292996
73305
958318
681713
76763
831653
390249
987429
149643
202922
86673
8427
206839
420382
304631
570369
184130
605367
264179
906550
191364
339798
268524
550318
731304
511841
259143
714626
119970
149166
861994
201092
422031
884890
238316
912224
913194
476794
610011
293021
536808
797929
804777
634243
67250
46593
192307
130775
690493
254053
616111
991042
945543
813370
573490
74832
172847
542581
245340
497939
885425
671247
242785
434920
941758
100566
977396
617425
728052
849949
336722
943362
253567
457492
724200
998839
696587
628594
738977
835458
963237
764430
905936
52067
812525
609997
306231
607375
734074
433846
473778
574931
445898
14754
10819
471186
762596
393487
573883
74090
882893
769107
349057
169845
239906
53293
903042
233003
746904
143671
320117
756325
512846
286135
353865
180348
929484
101718
512302
740048
456027
78568
529021
221413
212416
298281
456517
643111
363670
476425
252467
971342
939783
323422
625757
545244
45031
768505
115819
837444
443757
881363
214114
50085
635150
808997
502670
968243
226808
107286
544332
542839
23848
595343
601393
754861
474280
383083
675803
186763
762089
99018
21266
838689
204792
192068
167386
738779
170208
271035
302935
546404
901917
831818
77597
88869
992184
686554
869140
141547
31108
233427
380676
242343
580915
311086
755651
463246
764821
985193
150776
705825
784559
49364
842123
349767
757108
861577
152683
70294
113251
908345
868539
855280
751164
989856
710618
694602
235488
649306
555789
741704
893956
50896
607436
86852
475281
766986
239078
617838
924508
155945
360337
356301
252349
163436
279250
981988
999950
777839
243653
154415
314306
378229
274250
790540
363039
414682
271756
709495
28121
82219
950191
665646
846029
592465
413205
786803
967638
227944
767053
468400
119568
970797
940570
976628
632103
789782
459227
643100
697114
43772
708891
507341
515858
610484
997623
761885
773209
401531
462952
88529
305337
210191
286445
592513
556850
653018
763542
592536
838870
666249
135470
904120
459845
873980
842374
806906
436481
131222
443930
464339
916845
855411
48483
596434
246055
739001
237432
820229
237502
729096
549794
229947
319506
580491
908731
235301
723719
895216
137217
431062
671717
412276
843324
678698
637584
493079
104266
702594
188767
721711
529284
978733
657562
65433
280527
434210
912469
899210
434625
383465
614371
51587
318829
991258
891001
355043
847949
626558
529761
757270
827723
229202
704983
148587
205676
170345
649092
945924
106073
2737
202708
649382
277068
335182
217398
550513
853139
615138
953776
370665
769028
368046
668444
948338
33854
296082
90498
997787
35031
630896
716691
682641
2791
197615
590784
152820
764208
287707
20981
68358
306984
761834
181046
496511
185125
577562
794644
640703
865253
347765
536459
257563
726454
370102
331323
503576
583944
524614
931009
870006
441805
426143
308466
184547
34826
464722
757044
818577
868030
296227
217400
846881
209771
734354
923607
509310
410757
894197
864712
287239
76406
478720
956604
448996
706956
670631
948886
190906
793984
462234
171210
926393
825828
891183
433297
683346
883688
507998
927750
6854
937608
503013
871969
543258
96790
722892
141517
968295
197919
932355
206247
906829
963709
413927
455893
600776
801593
806563
289601
608091
508698
999027
997681
97064
821007
864324
182085
662369
652276
549624
510092
577369
415300
182277
364226
703860
57564
97213
995434
239421
906664
985000
801860
964374
182252
227917
840812
364298
446833
514960
186511
131007
126602
936501
916554
155847
697601
242946
761441
629333
998243
651395
524888
783116
915365
875623
122673
664755
853554
291400
223555
123909
197330
438792
904372
617701
105400
474135
868883
735087
443688
144976
391188
417898
489219
545219
458665
241817
49776
535438
35961
912561
561897
806692
338495
426596
93279
998319
788674
654108
460043
922834
379180
856131
267923
930823
297802
715199
252181
765096
634335
33915
690962
57417
610405
283745
285626
713282
61409
997924
989008
770762
430498
262777
537657
862526
617878
264805
649127
304066
205064
841265
59677
758462
854266
334779
827998
315658
403738
273703
696438
53540
139045
589362
799588
975710
689365
490342
779554
780309
443976
682986
330451
311259
221679
257009
229000
758774
407279
241299
115695
139394
618455
754232
647705
564529
365374
649264
158438
922867
517049
374689
10256
199793
183031
569304
584592
677298
461305
324736
535472
576736
897648
31600
383279
572133
574964
475358
394122
113840
493471
967025
747949
556564
288004
970869
23478
607375
291023
94120
744226
977703
886971
24369
156438
691056
767274
899376
143820
799979
874468
158768
885464
632265
298414
54713
537750
29709
167174
577987
993330
225615
474362
446468
131796
732444
791522
531306
589862
37691
922368
256613
156611
377675
992946
399387
268093
646920
619857
944831
657675
988652
105578
247932
107662
458801
354775
620811
168830
750837
940089
605924
145397
935223
952659
667024
25048
664126
254406
525981
859038
122073
565285
977899
442878
697665
502324
89124
606201
74906
750786
730313
30337
542552
630560
60391
632901
715135
257725
330600
205722
276483
923167
116677
714567
709837
596416
917337
884973
334047
243203
601105
766225
63694
170257
223872
798216
969198
586325
690895
208062
797773
97424
406674
768354
951957
118233
845301
544689
733525
918773
401237
985246
281177
736399
190827
877595
849909
677460
838051
497223
537377
581997
508939
402356
931902
682842
607526
130707
720951
885160
950817
779135
212610
780366
837469
864227
517126
379370
149547
689160
26135
159187
647830
385598
331932
96858
142617
386854
719250
640226
881393
454875
146217
931545
91853
260347
984716
954642
206563
39253
760702
700609
224860
439281
558176
998994
818031
270198
693199
655078
155532
398460
735146
3627
572590
727599
259505
136214
650579
460636
132233
501312
437768
189787
166876
644058
343901
580185
263773
374863
450745
200961
734889
66677
969222
901703
792009
341230
995980
377041
713556
378785
967388
471298
448241
892304
583970
374563
727226
591127
75806
75184
411005
795776
240364
755965
70428
897093
906175
723971
404
644131
853548
557003
11354
884183
67234
669814
295905
863800
907960
148455
291961
342960
652831
766925
925073
95640
159927
616016
961245
320943
716605
178263
370898
968631
632993
845108
47182
299309
123317
518957
228758
621731
944386
424296
692535
868027
283701
830322
609421
619394
652407
325868
86818
757670
364250
925458
770862
851222
821038
315433
416701
280053
348916
173637
655726
247674
83242
906996
534423
513702
984773
277706
373574
413219
848893
954698
533602
820022
326850
537198
220657
921633
809356
543572
407731
361048
502864
799749
86379
383133
982350
809122
415997
752122
408775
745325
452210
412443
846285
534769
53593
483525
208946
622736
881481
531447
102498
134503
23745
485467
750285
255391
188848
442473
381820
775891
4304
774425
125637
79001
901548
94530
98714
118191
592195
555348
787579
632644
456197
11823
717388
504096
902522
708381
728449
668144
925058
265267
340981
837106
790647
284351
913498
826233
438702
210926
49611
80221
260765
523837
944318
493123
199894
126234
205205
215429
722737
960535
171283
614205
414217
223049
157099
560883
157084
24899
220148
423969
666774
670698
380922
128543
200807
658997
651566
580015
370192
895172
379325
90343
276606
175385
371005
692471
661197
55863
201988
383254
564525
194645
312531
991758
753314
381375
570544
797472
527909
535690
36305
459413
497576
606258
889716
691618
381175
329042
199628
270262
41978
404222
412181
67236
549271
718720
803017
871848
27700
544750
599659
463064
334042
75429
592000
282984
269877
216548
122909
842778
10168
461127
860380
985024
835357
685085
478184
757615
756746
548393
212088
767746
801103
936498
691673
889480
444748
678855
921571
488139
737584
59987
74445
130238
901404
198808
414557
865090
70245
890764
414711
189973
388408
172109
534999
481175
127000
525953
670170
320122
558532
400334
552950
445382
453620
635379
120011
731975
204801
214465
713425
624084
83876
27898
287664
773116
80406
355460
861934
892750
472215
612618
987586
141893
985419
662000
229064
458062
83262
921072
523662
372792
527368
545558
180875
159351
267020
887892
868847
298709
454682
108035
506326
60150
706037
160759
129494
783174
18030
918397
696567
683201
92911
117939
493634
639262
913300
199556
809714
147545
313459
15360
30791
396508
875516
393876
289018
731785
193468
132266
438923
580327
18556
775200
243766
476198
574278
116829
259716
351056
294407
8790
171005
244878
512016
661212
244347
575829
921398
355615
906265
744747
192986
238979
103947
805082
476803
474141
88648
382511
826727
759562
970209
714799
300809
100524
289909
393944
822908
882690
72765
804623
89541
83747
639427
920363
572318
906583
488496
930908
811863
825234
375234
261369
999832
669582
987932
673062
412673
998915
847543
596958
547186
204038
119223
856547
105894
259772
441112
118399
592762
521593
861639
452853
576844
884089
458381
623817
222910
911225
4198
585065
452058
525491
875568
797943
963792
376757
676479
520180
681370
692765
23117
524874
465984
931379
539663
763126
893239
434019
918562
485520
689957
480597
471524
906360
834368
222315
271392
160031
97812
361110
419937
306031
772835
488725
197799
525912
970214
549004
656695
796152
746674
946109
101261
749798
40886
713765
257261
226844
888929
26613
214680
772350
253728
943595
635929
936459
564613
614221
33726
621599
539139
997250
366116
385058
43542
129549
481388
990545
627391
602918
370442
356711
831533
487415
693436
785575
491256
286448
320919
805705
377734
157511
789820
635391
306000
259472
867946
843554
233919
914228
322925
482174
839344
294353
388277
25270
936663
241902
440705
640022
635647
107609
872826
221747
920431
609887
757724
649281
368424
291176
511567
915633
721100
758572
622740
891332
211929
736278
968603
749617
569490
81779
585713
186095
58814
264535
592726
478560
483658
337165
610029
773466
971017
207672
174924
422802
88412
367434
463667
324711
925165
633824
392730
189321
424661
978937
258531
776964
54878
641362
24943
14445
25058
533215
56204
368679
997138
62503
184652
705554
820435
679613
629873
584338
723458
377750
881732
871031
120600
612556
860933
884046
124201
30766
189884
196355
644294
576897
997742
535089
987779
18456
188715
608712
22419
206475
61444
187354
608911
232151
640539
914946
758613
924562
839763
204529
494925
512137
932581
543446
778503
297848
93652
303850
92992
583909
756793
946325
676292
203609
746488
577728
466221
292476
363027
930936
710665
145868
645405
250747
802138
721913
289414
625891
662775
577761
723029
360172
772111
91235
734901
656932
422221
554018
358
553710
988632
479064
207124
753202
820658
673300
458693
746405
327104
76817
55147
744752
919528
250613
416793
691327
34006
992483
110163
642473
735258
770045
396414
380983
859051
552249
785974
513363
926607
802590
579710
862863
374418
229340
698450
849998
777587
994502
690265
444051
945247
833773
849846
527396
793941
59802
362494
188826
289256
573159
290500
904072
541539
951354
49807
82950
496966
187679
753453
496025
240751
390402
38049
292160
686420
41862
914231
913757
449773
649412
843513
700479
686510
221091
983482
389448
491890
831952
753999
817088
954035
965274
583773
411317
845046
605677
496206
226572
749636
829801
11166
188073
823186
258783
153681
418614
982786
729512
83719
308116
663426
888993
876327
495004
791699
808006
342393
438480
14436
497450
633936
259940
457884
157776
9188
446178
395127
597930
573694
11966
706824
612011
150028
93238
269468
971019
608532
874341
913855
262359
347014
752550
975000
857970
414186
306975
302255
477420
856376
713969
327951
454652
330182
817786
876615
457181
219036
416709
409994
574467
173987
665871
551350
319929
558716
543991
750066
872601
316398
965377
393264
315047
10871
709190
265810
833674
130691
694524
704169
615783
636602
566110
840536
304283
484660
881336
819671
446037
758408
897809
980115
348367
123010
385652
797043
48295
234162
146525
222390
126110
38689
144893
587960
2924
764127
647274
324243
98557
563640
166630
130018
636300
24965
89546
399585
329371
371358
65232
696624
706700
926509
911098
166583
371039
269790
636833
472099
865865
276274
994973
289613
297133
643955
598990
27452
581433
783874
90565
26561
573728
879500
599763
475457
191727
2331
550059
963663
978894
369288
939638
817207
157270
726671
884468
634392
803081
361979
127753
407913
106226
776000
389740
513500
429274
105831
203239
515615
883300
670436
58763
759999
602502
811779
398772
426663
720484
795649
800757
409991
96971
437239
389023
484944
250950
221745
203571
882587
24289
547933
105058
22377
993656
158687
226940
308613
637498
79361
10045
292550
202624
920264
677425
960817
364164
194978
300480
304123
715071
556539
658522
48939
90339
292526
954431
662686
205810
461848
188267
460260
390073
312585
973469
241352
665965
469844
55491
741486
576096
764806
139460
868180
818656
129523
796329
927355
19501
672428
307049
529951
807444
689676
498895
561569
906796
944370
417418
311622
130668
530057
432081
975640
747176
458114
720049
816490
81446
730659
223540
9273
523105
415225
782576
105902
580953
317353
776361
846145
35605
516069
360164
297079
576695
89146
967817
938507
500986
996677
916531
916651
665034
480581
730136
345753
359295
67468
466512
395698
839160
621456
692547
659852
404752
66142
993908
592440
650560
430766
670372
478566
660689
489297
14180
829288
206395
737159
689787
612943
947615
272749
625583
841842
547870
427603
271988
486349
526612
414572
87662
859141
883317
718558
391653
203977
305538
876282
178116
643285
204455
969222
670670
27856
94516
436213
529950
908501
798838
628984
478425
693071
140146
791149
644338
650238
118653
526582
488345
340502
66171
988197
310721
505990
153714
706259
854156
854422
951050
723088
783958
176105
361443
274484
434139
797474
743443
495700
353158
25635
571642
994832
994391
421361
202308
514442
869231
221044
361723
655281
580923
504090
649671
913467
815355
539418
473091
44081
845230
75414
290876
925668
208924
121625
71304
972861
706687
415360
432705
263922
464271
733302
743965
978773
585577
569752
386987
416390
978395
765751
301164
438217
287950
549691
740492
839858
559889
271524
642171
478333
689982
938924
341677
738874
107339
284233
643626
148133
694511
914958
859922
875988
727470
73009
788721
137
313027
290599
236987
354727
691049
576236
422628
36226
300103
783839
133406
488463
846582
691913
510000
754234
207216
709502
810224
942103
65750
772764
370717
470640
898205
414832
202075
937916
111191
269625
309003
604657
420762
256388
618694
262385
814159
351670
92855
148639
912089
186344
479058
51285
260255
854316
866421
139630
827192
621487
976601
682878
427058
266551
724789
736929
595583
524235
447343
214257
809533
598449
862271
63505
344160
222482
246563
627942
694271
159290
842617
362342
808311
397436
927484
635336
345984
430642
891613
887643
733322
80994
677501
898803
481939
433405
583813
849213
820040
863617
331363
911284
751637
872382
892385
363948
613195
558517
400611
359948
554733
359515
614653
295193
116887
690750
756399
689581
480268
181183
715198
256198
253274
994877
229552
641466
96428
84754
162467
590920
471276
572727
63754
134091
593683
68995
60357
529672
490446
522960
102044
325990
41870
942910
103961
471869
630445
223057
118527
476678
808312
272118
310378
499187
790365
909987
936388
782488
968434
227996
906337
940166
437919
90257
77304
841145
615210
257572
264703
750951
340445
539017
678114
890104
885462
86215
866847
961365
615403
589979
257345
11226
80439
600379
203318
218277
971654
442936
921295
719632
673241
528956
25813
695675
852502
535539
600130
70850
901839
567943
511459
844494
217453
311811
105224
510471
22905
185625
555044
394087
16966
272895
390920
944682
136383
841907
713783
333537
303625
356640
125349
948710
370644
867801
124049
58858
292931
525314
315900
665578
112181
361165
892036
235713
831728
332450
323042
466262
517546
174552
983997
126133
187187
810080
64168
47612
452226
860098
978303
349292
593626
639935
663833
700959
784728
370452
882858
528344
763484
847264
781624
718646
596562
89181
123320
943619
603420
837834
261445
30313
391646
736873
777148
750468
910629
924452
5686
187667
557236
288587
988259
206087
427949
554104
766399
348094
845273
239124
842676
365129
491476
215794
868108
551465
838296
389017
515729
800729
193060
542879
485636
836357
704456
353712
328054
951512
502160
342830
714630
94195
709578
88691
894135
107769
768502
198833
140908
356487
216266
385403
240451
272065
52511
335516
121484
929992
443003
637029
470821
642887
988860
828485
874227
175725
643037
245712
338495
26741
267752
539106
937706
11040
409208
150365
259278
738437
736938
175885
888307
623486
257120
247981
490667
160324
729649
563331
16587
262293
934128
999334
152134
635985
168728
349088
464551
455909
211025
632494
321579
719006
4705
267044
229048
907039
104242
514989
292414
970862
1019
543280
292137
330152
34510
765775
240640
646549
913726
394569
196829
35414
547435
746047
907593
768827
784492
448788
978099
170353
610007
338541
419213
846680
283120
918872
629124
574707
799915
543561
317082
611961
217631
161535
773537
110728
283274
248261
389078
87929
508667
31380
540503
298766
348064
676181
28674
770312
224620
95173
284268
899286
571684
847090
348091
244519
381255
189858
844769
933792
861016
674002
285237
443498
306953
617820
171823
189474
352518
335794
424192
929716
443355
709766
828044
386818
862914
839052
712069
807229
346317
458199
224101
18007
964396
53280
758152
404239
453084
634086
966499
26795
167853
771055
560485
528772
619757
509484
157864
95867
617142
242682
528852
557961
835665
239685
104913
557493
2886
621063
325414
606366
986114
235694
274227
207288
834082
563420
908871
491220
317026
9864
301407
866519
982045
901761
294524
69260
903168
567123
973023
569174
776463
253762
652452
431998
1427
205683
161785
683
533151
972395
973625
324527
558078
460398
603497
834749
137852
209865
52365
28217
542285
836460
161576
942888
198557
285295
360655
690759
257652
326325
333609
655863
847173
405614
284421
238485
828116
413302
906584
246120
284227
802843
271186
810164
128631
602684
453467
72939
559147
432140
101615
955203
123665
67510
866195
65443
274848
733787
109426
279478
474239
318838
693593
963682
879884
453985
579980
357907
411721
479664
559491
359601
525539
484859
964100
227376
964513
187514
976990
888389
466470
135304
743871
905270
937634
746826
52019
283338
611675
71273
132281
84128
617684
296059
58372
173980
853655
542207
998219
287228
58340
669831
903309
185736
432630
140208
208741
522472
106414
125325
335237
865488
339231
767394
166226
823958
786869
748172
811996
820899
931138
239870
683832
113224
637030
906534
287612
677992
875867
90414
899991
473107
581659
975454
389514
215540
782254
484766
798471
605728
546579
622553
154724
188750
435274
808702
579196
771942
291452
693664
691299
508914
851656
285949
406467
602161
320236
987548
851032
856906
527371
483855
468804
3166
416096
242968
685199
598646
322880
907880
432703
571931
719493
322435
537104
656133
990941
159999
738001
652907
335853
825322
282587
100665
296675
98955
386542
840928
563607
245313
655017
231175
480285
818505
977062
256863
58537
223963
206512
747668
660511
207987
515490
119775
178295
992749
650973
785336
81034
811785
588901
510313
231739
989839
907608
796286
583940
448460
258189
136985
116124
98298
740421
541026
810114
674685
277200
898075
293033
544266
413120
603537
81536
13730
480194
911918
133341
829372
392798
434796
880517
896129
520779
363812
149146
772721
381679
37380
93794
741155
56947
975263
89520
360105
51200
212575
613233
333522
383448
827285
293141
242377
801747
525681
694679
312282
61940
133901
627435
84757
891495
66723
396804
666699
519769
549152
681727
614837
700980
477264
709231
305013
88310
476856
8645
52788
237741
435010
704220
890602
984145
24531
539935
95803
529917
745081
608088
728575
743308
575488
638613
599642
304140
394019
858489
697866
347362
597728
65884
980224
427194
352292
129312
131749
578792
538470
78545
772285
785760
394448
683960
525033
822670
770199
970493
390
189715
991212
876470
944435
49693
394506
688784
594289
938978
381808
607384
626467
39801
685033
246567
284276
994965
414342
19752
244567
825566
107054
959111
922666
859758
733324
120312
83956
263653
821990
523809
850125
858921
263630
967013
737821
985213
370417
994382
108220
480253
436620
261462
498169
110835
971583
917074
160630
716698
231674
193468
105969
644973
364116
338203
51549
406634
231866
517777
757038
374952
904324
48001
659252
269458
646627
158875
260063
481791
324023
90181
601377
795055
531965
250279
754609
879525
741670
954579
4779
226524
214466
988048
3668
868647
365339
914242
250556
941160
551583
530551
229948
260332
735668
343312
930143
606050
333936
167114
514973
759862
59617
446056
7554
743887
103302
719423
374190
599521
689313
927773
921781
523503
394276
444247
58342
524065
171656
759022
460713
657021
847997
801053
698882
678981
819260
795330
165362
618413
729208
961830
847036
349432
22322
204075
694533
867566
683180
709329
424725
778812
165557
320357
401658
3048
895459
263174
242187
611759
468319
606357
359242
219708
830938
139961
560291
79239
255390
45899
625489
232841
658431
746341
278624
88151
379760
712322
876493
397986
469298
801234
31369
653770
540262
990173
947932
669338
225924
113553
437543
148708
60964
390122
184002
852282
759482
364412
412611
402822
349791
672480
263840
993671
239882
999737
889004
550825
302557
309858
253245
628863
567323
521142
625583
402719
459832
278779
884801
303258
808905
586859
539036
677590
474139
355297
786484
553930
982559
830557
635079
852310
276291
134132
390595
618621
382363
842007
9669
168512
865406
875709
716219
224792
715694
629168
576682
677327
284847
807601
182859
196859
686904
149705
144849
623960
361415
869358
328134
193153
603535
304142
925715
716555
953805
529722
448414
253182
359225
914482
363342
713649
918039
596297
732202
759489
136108
715957
751583
579181
423630
538997
848992
941457
48405
96927
709736
86589
50670
224901
401435
733746
533837
427331
285578
420984
461250
73704
648277
806175
494309
33791
633771
893008
674860
45945
441006
257742
833307
266232
744561
666767
845722
909434
432931
782257
57570
665440
319877
24795
868241
273434
794327
786353
572446
556274
576657
505011
346662
194801
651405
664243
119909
426545
495554
404785
339904
2177
751018
548308
85950
382254
715077
891271
425879
292980
65271
59310
696037
17985
511245
813508
630967
468642
97629
841875
129157
64077
427915
275278
794365
508874
496936
356686
934076
155774
427572
136232
737880
992341
115972
940647
935834
72523
862911
948331
533385
53272
161218
567837
202017
354934
29924
195341
433443
289872
570259
765035
398854
243464
780381
33183
686347
545509
870027
82885
662638
258904
149992
178248
758520
607721
87583
810714
221041
167683
896898
689421
419187
311320
74023
201105
390682
641266
766765
182155
988696
976984
651228
486158
819813
609433
264042
847416
685203
479608
255962
288171
251391
913971
779455
111335
159844
614386
255071
92353
672841
834377
788146
367426
430107
465322
897802
381855
539157
167274
732108
288208
943963
776238
892956
51215
630183
539954
213783
998894
498714
838709
212666
971477
715828
448197
91488
559447
119327
733410
575016
546929
654630
683602
501
458206
857347
844545
383566
227226
799957
822546
361446
680113
619056
948486
123127
771970
773903
741831
935367
323541
813156
476946
431117
754006
70096
858431
984748
982510
242094
283247
153502
454909
833802
895249
292908
865397
808304
49808
324761
763862
15518
883549
253599
272834
203483
222996
766225
218044
257633
243918
773983
390977
440949
910274
299704
385347
462552
559512
601546
834942
349717
7820
804133
118393
44731
166075
809725
86747
549157
42510
121422
549480
610229
220160
10906
611670
539679
111693
524430
341776
955233
764536
851075
581062
457169
885625
518112
723183
841486
324354
682908
832028
660632
119597
607393
851002
19260
993988
612108
378148
903464
371180
846545
508131
916253
212014
28284
282051
652417
570915
832658
994067
797844
318844
505622
316472
681211
860396
953511
666798
343800
772082
449094
229469
169403
240966
762230
615187
988177
236703
333820
911908
285051
113887
942022
753691
93210
502044
515112
621660
995141
654412
476737
573016
25981
840652
599932
807595
114616
232205
193458
400661
632089
178716
361837
596307
613825
978828
438984
859481
986687
686593
572466
703791
8931
23580
482193
947173
965296
41598
269763
862260
442479
383035
149247
900019
663712
822173
366362
84274
305804
962642
857446
238967
150902
803187
313909
84691
542767
750321
859131
290591
481801
789086
692561
795928
432739
389270
452502
707668
354148
358280
366832
155617
934275
154724
37680
392185
218370
484579
667604
761891
540154
918574
441637
649448
167890
470508
184065
807472
873737
19755
925427
427194
481715
442666
978494
594037
925249
969344
693881
622525
943608
213485
982548
29109
931204
920252
899320
494909
471526
704849
830605
290512
440648
607445
602133
558013
152369
768378
982837
163584
714707
525037
693332
703037
640066
393368
68508
944152
403775
320592
862238
311155
222003
933602
198290
209093
489207
317493
717500
763604
44560
702364
410409
454735
106424
728251
906008
669130
265815
919186
651126
205846
610257
46123
614850
671868
5688
743580
902096
396374
411234
133946
504617
440907
145622
130906
909583
292197
596448
120517
811870
238289
153604
416375
945869
193074
465679
502036
20884
583393
862729
330856
547752
538310
502918
712025
885282
376140
316315
55340
883006
659076
343854
318768
150462
894680
690407
647179
164142
980585
743555
614495
497347
114504
910151
159576
161629
798862
166481
818068
306860
610713
234249
790384
655214
256035
700599
686315
980630
268480
774255
18874
908488
403636
407847
904552
552257
21422
59433
756198
736212
485285
658275
834486
164367
543566
556316
929840
711036
957047
812737
774000
945091
602691
394846
819869
827245
832642
493800
71062
683459
264236
594934
330106
424853
998011
472016
913172
490326
293090
615072
301538
580901
493485
855174
246401
104039
212790
598599
998070
398031
64385
123621
933595
17791
644149
13641
224292
401736
599352
844317
25741
495630
993957
259446
969890
538567
270701
616623
113962
47138
175303
663185
413361
361284
983765
284334
128305
976621
283989
843597
703260
325497
385536
503551
494793
895939
312899
552336
703672
273700
204503
141977
751747
408665
56127
219826
823012
349890
687197
996422
880157
641991
888114
831167
193224
84437
409073
729695
590139
253830
817598
561136
425559
555295
656072
19284
658990
774643
184191
802486
820494
300900
180916
581921
77422
577353
888077
406447
182580
760299
556833
14425
248289
469802
445878
396142
559642
293885
825748
502623
744724
690007
718597
738679
413722
825572
841516
689447
492414
516210
452480
891007
351642
751277
362915
158969
457730
867331
898787
828400
45128
18790
70348
646318
693418
151216
972775
625250
479900
109344
873940
237936
419054
250754
233471
692067
627035
67181
408706
861054
923309
26406
765143
488816
126415
50338
509304
668069
607153
338601
23637
884793
291090
258326
916913
755463
74605
819515
330138
615136
395330
666273
704067
566936
631359
201261
223679
702138
595147
657246
753180
349403
682160
3826
722586
585804
249058
603048
841415
419945
965488
53985
541048
56462
688710
738464
797286
944105
812572
451568
52130
143531
516479
173797
205622
729368
26682
939514
251802
425919
161569
341017
622544
501443
959481
255162
557597
501655
127495
784867
107236
864712
894964
339853
892832
177780
332378
110823
418301
911512
204909
602868
109588
438279
344456
954191
796481
742263
176339
218127
862435
980854
245071
472645
761264
669690
72062
834530
513778
234069
115506
687158
240482
94215
579440
339091
766431
514029
257215
874384
965259
381016
489811
870249
465859
89273
996753
133444
383737
507704
737791
980238
512239
189155
648266
505988
518737
675011
617842
232334
370544
951627
895702
449989
414935
56106
302103
81749
50060
477376
102572
337278
441188
17644
14658
275060
813635
812420
373710
182567
466800
830302
994736
100381
956369
11531
655173
510010
31623
516452
319113
937250
667176
947964
828775
767541
242773
261109
843488
331577
245944
279214
984467
317462
614813
463706
251246
923066
881769
840172
31346
789853
961083
504430
806684
190366
636893
722801
839477
228556
114726
135327
452472
531394
557104
838700
788827
660778
982642
234731
774332
950242
109305
450045
318825
317179
286344
201444
817740
519390
759560
680437
313073
904009
451373
729388
906038
440951
462184
178777
178126
615646
628034
459065
607345
158610
943004
383200
252388
226503
630080
331345
803360
906611
745443
517744
337314
370898
96569
697166
379982
611139
758325
469348
482113
788112
911068
627036
637362
463115
300869
857736
663043
235283
421487
982965
391018
493238
176703
385562
455286
333552
730260
423531
150721
549010
128777
586059
168433
563262
268230
405150
108586
881295
323139
790524
334804
113621
236635
185473
946052
616061
670536
25857
447113
333008
501185
82649
331414
147410
7213
187745
901319
680906
556738
372029
943633
326306
752959
718675
611211
958884
825282
856790
335507
457700
547271
539137
880030
65213
247933
592608
940000
883891
206406
611848
455572
222904
28044
446183
628264
546122
191675
921782
742537
802937
365342
436363
957830
837382
480921
609034
310627
914727
162688
256700
28029
371432
220435
638008
48597
67435
503768
126589
151610
206288
357459
754594
884503
764592
217763
687844
749207
175426
223612
223327
609456
534688
210300
851608
159187
394852
427884
604791
207406
738924
839382
164050
331420
546622
348926
445667
985067
489476
583294
50588
274695
455992
346177
576337
295559
770139
524188
81556
841556
396510
371268
638879
378290
260772
253744
993001
427628
720927
462540
501659
69408
634071
976470
99100
314532
325193
922137
983753
304148
422700
764420
737408
248890
739471
806695
628891
81432
370142
658569
959611
956308
665603
767848
206906
355393
304168
506638
641282
532166
451867
421068
593788
519405
117771
394966
849440
13002
268335
471098
889067
929541
985350
520894
158191
818951
893433
751958
401860
494845
473244
441279
747420
506060
123539
713723
569140
235217
529
775657
770471
484435
963900
292160
755165
242568
727661
620392
54240
511872
714899
389749
54159
446386
732726
547201
888363
245346
337241
670244
765518
564651
570362
489426
794364
764078
787379
226770
739410
704407
396034
910679
18139
463497
236646
663933
483202
821158
556512
267169
619041
358524
198297
728093
25272
519823
496418
20383
994041
718655
121173
983396
377599
91798
83291
835030
62687
852016
78984
157504
82519
237639
179808
323626
194468
668187
972605
592790
653231
69050
784392
2453
859495
113137
783844
68230
317738
859855
394411
356972
50140
859858
748816
183467
344858
499697
254244
633823
292361
415941
308468
552346
721736
441493
723535
807928
441092
773436
656037
381343
653417
575225
361034
955160
926582
65939
68378
839557
678057
154215
302967
919422
359066
728208
293422
167564
626532
764465
383544
484481
89405
307362
723548
679794
287143
786292
839282
982163
846975
797795
31426
98413
746931
230743
201610
475518
91601
673751
649374
396717
426938
580235
401258
472360
497333
307435
739347
381916
561760
199562
706364
420240
843009
756345
833893
755679
92602
173401
193581
230544
328539
58561
357816
106195
461714
997383
212587
437915
665469
228719
805396
922258
683616
899182
275879
137406
415602
139801
133795
196846
557138
418415
584916
282016
598807
811263
850417
298611
620868
537656
374309
718531
966810
54475
762603
362214
880456
110719
634770
57794
359550
599185
129696
124745
285599
998789
549075
744979
415701
569293
414594
509206
61758
20629
856035
894724
310020
139817
464998
700866
470026
252548
613822
356224
543426
952374
724031
564921
252507
73904
765474
22921
731736
882607
342438
663462
942524
567299
1425
488444
746465
714427
597333
26665
153321
423471
10573
625106
528395
31274
130662
945824
26319
21490
779355
320539
533653
485044
685848
786657
924238
504145
514240
204098
688526
967103
605130
532091
667194
215709
381766
138766
913052
886680
252990
942970
797269
613171
430071
710044
440306
374454
780311
57186
212759
637237
372512
41512
880023
903995
800666
819441
525926
417044
886735
778371
941542
70452
915568
587231
440733
182471
129813
979739
768584
418390
534242
647902
298760
427027
135109
64504
891707
320577
45915
662043
349670
161986
410482
394554
641230
376126
387241
8125
509798
683757
753140
317214
36386
187714
135804
970467
605866
584501
687907
271032
286570
740075
753893
926312
558470
657219
427418
114680
725547
889151
785432
285728
254529
557389
185525
95207
421628
566130
451050
378138
42706
540498
995667
803560
884999
65374
584274
355165
592419
668890
856276
13561
533893
63433
28331
93741
775954
332600
592731
437809
75334
226021
241008
760516
224810
153482
520652
947009
741414
917513
820671
668827
86446
819893
5967
679221
386712
985978
64727
374241
207438
676331
704715
726322
389983
666598
276889
719231
120368
305830
562795
681911
585615
902565
537609
398812
940008
632940
452636
422686
671056
315576
543693
210453
930815
5771
78028
788441
520091
144716
237293
970753
970095
123483
527788
427447
917498
334133
384337
219317
816036
436737
990959
324894
457803
285301
682118
763835
213948
272488
698632
287760
308286
350900
251257
641370
397960
271431
118255
286440
974418
320135
811897
511251
814984
729759
840092
790236
93659
948331
301048
555552
613618
630076
966794
942522
4671
913928
935563
172085
600876
797745
230005
237356
166515
997488
880229
566977
466765
792286
734683
58550
833730
136799
469343
723819
454687
795755
349631
372596
578630
620794
208179
384982
355999
18572
46177
406943
481132
146002
267579
309663
433595
429820
629766
189894
824052
440480
782262
993436
699346
845763
159734
6231
251439
654792
800963
300764
78007
258803
134776
54165
360895
138840
104164
601579
282606
902244
887703
470176
456409
32071
602236
129420
133613
94397
459104
881395
452037
122296
157777
186815
375004
865452
35745
392734
726556
420342
296074
71290
707477
553002
217579
612241
472393
305015
554353
559538
879396
865721
786321
114643
11529
653659
727857
829265
18759
757159
891174
149380
184938
749036
556696
405118
73454
766155
99458
604705
756047
588574
27862
740698
376187
277188
242557
407294
580649
107789
280188
105791
179843
717247
715186
739595
798335
208067
351038
45889
350092
954415
550205
680912
337063
802737
573297
408558
449164
223188
696573
326258
285002
729394
223564
519695
996591
634679
682642
723630
617955
883469
395179
712615
415377
540265
879199
761755
636416
843442
978183
227760
908992
482761
905289
286698
945279
981177
58750
489891
422267
673533
97141
743463
853074
385384
114833
516462
81333
680949
150605
350454
287547
243883
611232
66621
182226
566700
776763
921048
906128
920539
875824
674483
264487
702184
451244
672038
641399
307066
593189
635824
560574
205816
771855
194002
538730
345523
737799
600586
508879
343091
623187
621866
188596
478940
928257
659733
23112
162812
60651
516886
832370
90164
793052
304477
603462
645377
960525
799255
948883
517607
540872
404713
910873
884729
952814
749128
828696
409287
784404
251768
272003
698148
868807
762654
236436
241298
359536
287492
427257
702157
201427
996714
793388
601073
926257
474563
734752
544264
973134
165203
262039
221556
299469
706402
21328
317109
573431
240797
474526
193624
181402
43914
852820
88637
787982
405606
185245
705923
271187
229214
728872
969362
270102
729830
938560
939908
417042
175032
205177
293553
939347
219308
380358
853013
67031
912816
315048
136096
74573
286501
954241
299483
73471
179415
802695
13298
440971
22166
478676
77154
463052
171957
38425
451007
523353
813343
151347
479586
805027
145809
7702
364207
18690
663991
627237
712831
901193
34215
818276
759662
557141
824692
953797
874050
984933
44336
661278
789622
373667
302594
751996
439843
608961
849055
588753
255434
722431
96104
615560
583616
432073
949856
434233
974070
80764
477385
105592
519332
747017
317402
657992
99922
768178
451678
322797
728771
516402
330155
145823
475262
343289
416766
113115
539770
438421
4208
885011
337893
672876
5847
563269
915089
252326
380
69609
937340
813287
687604
988803
981242
822458
302045
332377
30465
47881
850871
82751
853073
187336
143708
901646
175678
760562
159069
9715
457179
597804
972027
465699
289221
465221
339583
593324
783369
175455
898102
381159
124019
31975
141
948554
781812
907071
651780
848794
320814
430270
637970
40381
353056
715405
363542
300845
28905
335474
39349
38793
13370
900137
616852
500229
593373
936494
726387
785986
433820
717592
336804
933113
49167
744799
529640
167056
715974
955646
378021
700047
681743
351924
200389
806316
302244
23524
755565
122306
511156
282908
127128
211488
881100
221682
404368
350398
415778
28938
86153
839115
185918
832629
867994
745634
301061
221876
31960
355354
205988
713178
936657
60988
539349
30735
403554
451536
697169
200048
982262
861712
583058
19284
521755
643966
650052
270762
315138
66513
664328
624254
793427
385995
252771
436762
70315
278694
386569
885129
240627
68588
388354
73015
684766
339750
723767
772852
389566
569196
96092
186647
789444
20955
542265
353663
477714
801701
177878
519733
439999
298371
777410
824109
739110
47301
23488
597036
225259
462473
899087
752643
958284
347466
677333
18105
177503
596496
402983
596807
144622
39621
493367
804860
602923
184168
233051
398785
123153
653466
961718
460151
319258
689942
333637
804284
744407
82942
608712
994893
299503
483408
848970
153733
128630
689399
867023
723652
890409
604222
29402
883947
322308
651615
327896
124803
433536
498298
994988
845757
931692
313313
762584
119188
29159
623504
192388
49679
225464
98170
136431
53730
15306
584062
571247
31412
369031
960313
710054
242876
232847
6005
466115
19012
123093
877886
759922
205264
963158
195029
386850
344216
722039
592254
250224
833840
495803
29236
37813
228360
759326
676605
23529
210640
711184
36888
344882
966516
581713
439890
518477
452293
503205
950775
93207
351351
593205
55846
598265
77831
69890
894
296750
991413
861830
652404
286387
253679
105385
478855
35402
282958
998685
805898
899498
15673
159830
680864
171078
370983
607401
971015
241272
481987
167936
760138
159178
629928
914296
787930
881441
586059
534231
268600
696711
795960
130093
956361
941139
666805
960134
861067
761207
808259
840776
779367
473190
826242
888880
213788
746784
755636
761315
759003
80411
438106
918836
400754
628752
13690
79793
132832
272735
83138
733482
251271
332511
152391
234879
319039
16774
70694
463269
890118
890802
195211
75893
537430
568082
747280
844464
465679
531827
396029
124179
78804
616235
126702
832147
111666
628636
850066
692854
532601
461989
951887
386318
843183
25259
970243
375058
352858
272063
435430
615066
516284
513708
348555
93815
321500
747744
748293
492204
362430
462197
811174
617485
795508
438682
4387
142387
717
69538
832595
471130
661484
995817
852438
801943
332597
940959
264915
137144
884576
252210
842649
958074
980143
756636
334375
331489
800380
880902
993479
424504
485036
18583
352916
801061
341888
189726
228445
987176
894026
833432
57506
971248
298044
565470
988475
342938
72027
537198
337624
272775
928979
819156
365923
978712
56229
613940
633986
131465
574524
427511
930488
790823
319069
163088
542763
454895
313019
307882
901056
93829
991018
489904
328610
569165
798892
206776
453986
261866
258728
830669
966201
491089
954360
640407
565224
510857
358689
923369
164224
276161
603742
180775
945086
201549
485269
180242
355854
497727
648747
569458
347568
142622
805235
708575
426552
594822
530305
474091
663983
169819
116253
407215
119576
419179
286611
541745
533517
14048
65256
261615
34887
63710
496423
599370
872571
102015
307545
517010
579426
624488
465938
782826
170642
686280
976104
782360
208136
624557
868735
493611
414791
42242
218944
367177
330265
257321
419560
236692
910260
82609
572412
821625
523512
26932
754907
791829
558741
972944
263979
978051
856778
666048
896821
410246
756680
844246
882829
552464
22837
189463
708266
88813
864780
373043
53972
784335
976097
20511
202299
468918
799874
665873
601571
693372
820025
677527
882365
443962
793967
582805
258898
789147
354795
314969
93464
728251
656247
291549
449383
287611
57507
379864
536965
203492
759139
637057
922525
780021
154515
442081
678031
498698
16859
519315
171041
257195
956014
377051
478546
882095
747756
33889
392399
179403
666024
89929
721983
464636
900419
349487
496889
801484
449207
480196
471125
396931
156848
162432
496800
594478
695060
627139
185449
485957
974244
948556
117112
464251
987514
716756
66206
210151
292786
893000
420136
766218
367014
568034
204653
523068
60305
592931
123591
393592
809877
565423
891102
636672
270871
147844
167072
175278
502792
590104
627981
250073
316927
686159
480942
549664
911490
89622
520869
33494
927524
566815
292320
426314
713096
823097
902695
602545
406019
173899
148565
289971
166304
964332
67748
712463
745149
605986
659041
344747
236114
770998
489214
893564
525394
224816
797382
312654
835817
287605
747627
158512
908454
278201
382971
584000
22131
262626
497905
355406
259775
759867
681128
743792
599356
331537
357739
431458
757380
99054
826791
968087
701079
435823
597954
351584
2687
54404
896772
378424
333908
611204
928563
460714
46300
319915
216638
789279
743754
638065
347663
120072
383015
475783
139523
733924
880270
488241
324086
852846
976849
687931
781431
700519
129146
408537
992283
805307
131755
35295
125037
281747
52839
298585
951811
728566
875369
425608
499820
425756
184882
904698
620549
94225
623073
624324
460715
643522
937018
420767
523658
918184
217225
804189
195348
669710
171423
719814
664078
890304
12283
642835
945924
244882
87877
172678
960285
741258
774323
803748
35401
93931
404366
222096
790870
984607
77519
344454
210402
732800
637859
113264
252587
88451
42510
303080
425794
933441
743659
750923
886174
481379
4370
733622
510605
228138
28754
771360
663814
675033
9117
870612
72601
607935
247555
869641
430151
293477
34391
80928
916846
559120
437678
858297
311517
344115
166085
439345
781382
578228
653122
130876
289169
141593
951699
346460
740237
125711
321395
728316
640129
292503
309131
195243
441825
249421
131765
367992
939292
950870
397403
959398
370322
544102
439614
532428
794147
159212
221139
540364
156963
338458
978119
579629
266153
82324
244260
410648
146951
266868
203276
473452
464659
558648
783713
45374
92324
53129
422599
901168
995929
518120
436097
972460
499219
167927
221368
866046
510082
936546
160666
85772
844125
274728
811167
733490
381803
983754
175015
554366
364031
578766
634112
314821
829185
941680
404611
210720
578278
865958
528477
395527
7873
966095
439211
620359
826227
761591
593151
129123
751102
416905
806848
968069
95608
423634
722094
753055
207515
130158
423554
820387
800057
21905
120307
356443
972941
624244
828821
910885
235116
52185
102364
128271
150938
377533
725695
297227
435768
795546
251128
778511
273499
385878
899175
643340
963449
604875
650198
847944
709949
601844
964504
351066
67642
203568
665546
732226
102587
497590
787323
915234
467768
259606
510760
731229
576358
125992
657056
164683
70566
897107
584518
619286
689245
550907
710197
593780
341987
552648
352830
747585
516564
552976
135628
144183
987077
780256
33385
126733
673681
517036
814233
361834
696465
511696
860836
854981
686249
691458
909234
287323
288511
495063
639822
796811
393351
134190
839885
33169
833658
916925
930184
56093
185509
193206
967172
778063
880926
489045
586931
193810
562897
225929
541843
722962
349048
327996
843893
842715
898793
305409
196760
222864
552457
833305
173300
950020
128990
86754
479506
924152
270595
876445
422872
455090
966964
404250
383459
593078
476233
33346
185805
843811
683520
902529
270670
502381
59891
39694
555198
770099
677672
297944
321848
390525
576519
356943
246107
580947
441638
632844
756010
401980
26304
752413
838547
372370
19781
413105
502221
326078
64971
532188
365850
232470
458978
97416
236204
981072
882629
846009
162852
240161
469483
790715
290229
410422
539901
49194
5799
101838
738275
788318
258488
764786
179384
233905
898461
498514
505116
681966
871590
397438
755751
372951
706943
200125
255994
473683
601618
341902
323954
869554
618442
995128
938102
444767
39347
672144
40880
395489
75901
712967
882777
889229
997983
615597
656620
440460
114969
154886
815228
305733
804817
3847
500129
627622
999903
27054
708494
488596
532708
777339
711358
83309
184021
185166
557965
266742
815062
874334
951011
912806
484673
794515
265547
930894
65733
407361
424354
858019
138027
222146
97514
240682
136308
249263
759230
290750
634207
475643
353952
796289
195015
361644
512750
687517
902760
68534
569716
339190
258818
891573
944090
920686
750998
678214
507454
466196
757453
139715
240989
432170
465336
789338
913706
975313
591730
408650
363201
211731
621282
697721
356725
204493
153309
651380
957317
809143
984040
303235
163950
641937
12507
95912
56154
681260
91232
998452
990838
412499
912411
687687
745185
18388
323364
265378
194304
901550
579439
451882
560046
783384
485773
461436
896657
574316
275019
370535
59208
814767
197624
702794
223552
281213
99205
293131
724006
846357
168708
455857
704694
770623
169491
856991
719666
636758
977426
956398
779119
807990
46927
733158
740937
259458
857795
275992
259127
986642
617782
823962
524217
233464
986045
616224
196014
809838
239844
826227
51010
920797
545958
447761
851524
834188
405337
496418
141653
436515
212647
876562
383868
106203
856694
620431
871255
442885
671529
737825
492268
237107
141056
911776
510238
874887
298651
92247
360827
20566
625628
875380
453298
771128
646889
791016
670242
278318
769361
140577
539725
595889
760326
639201
54763
950163
129032
545083
598107
937556
293731
290986
314677
179460
532686
2894
303418
171791
463989
412996
586605
216042
946513
147168
500539
863129
388978
828042
667925
320474
639198
95282
490142
735537
829780
130481
49152
252241
136937
671486
514521
803556
709524
307081
73939
397495
826821
278711
266322
103301
881967
346555
221638
50015
424487
407437
235232
479349
907172
559818
969505
629827
885606
896680
386893
12570
618292
550804
204159
625033
782398
437738
649174
743209
572704
997648
955661
78210
620423
903216
799913
277213
787054
572752
925131
812455
168322
501519
104805
83647
366052
580350
109001
374173
959692
304216
612829
80990
475595
533088
313131
154352
330473
683606
629141
174230
378732
129749
825061
344344
81146
761356
512131
789259
700438
56726
377152
769592
435014
538233
953998
829292
896405
201592
938706
80796
322293
961685
141138
183666
464700
399847
375625
516280
535439
165971
35482
415456
985884
639402
90145
820845
619201
925727
982052
528834
633098
79395
249384
464197
794455
143007
466528
17840
201820
347149
528961
987700
146627
559412
250481
823305
642668
46206
404253
56215
959316
145143
915497
726970
742739
531876
8131
595318
252479
371390
665233
908855
297967
52170
21896
554435
651738
423830
412318
446846
93469
472914
538711
339609
944859
919240
186812
303321
188670
59833
686827
244671
969884
5846
487815
364697
480182
581719
784527
412389
184730
222780
780172
74781
622056
119390
773284
129316
738097
391857
115085
963083
342075
485401
740187
625280
951585
907685
291705
527571
284695
852332
925494
415206
709068
138371
102263
103857
560680
966808
213579
196656
593332
797806
113948
276137
398489
94069
136960
595421
828673
709317
823599
453643
490778
39863
497999
243227
751353
624736
724524
604590
843547
125675
445635
526271
60934
148754
229053
776886
406542
669433
529593
489417
564723
765799
612738
44239
107688
985121
165408
974819
559726
826661
401418
787825
919775
352448
173433
657824
506503
322700
3927
743388
956781
702922
863510
623423
139119
230999
349918
247515
503691
680590
930462
599526
821178
488187
891524
885251
362102
505079
589511
774249
407261
897957
207713
869874
257390
457543
359259
402050
618352
829630
306752
921042
771697
341148
143795
907224
322924
319271
845853
333909
819012
134829
697598
537210
78893
120191
594085
681336
618218
718347
404091
847267
797808
249050
943737
740610
755498
946466
294457
152373
635862
441161
520810
809155
924748
392311
181278
501504
780127
467542
139646
233367
824028
699241
504413
21754
164719
731718
155817
319715
930342
539121
135934
762245
864269
976791
141332
502484
429623
85924
11353
101230
81310
29505
440602
602916
567522
864557
870554
147433
473069
911095
31237
26902
932152
827605
452030
879704
215142
771045
933205
349943
4366
886205
248724
130627
333910
650096
166136
450141
97978
515936
506045
467039
974380
71803
364115
912809
465494
331476
85420
343241
749563
35358
287863
907398
895099
301383
515559
745865
764725
580399
154348
418153
293319
269251
616003
571858
545073
625722
830121
736977
766935
294828
863275
687358
404069
732106
799833
787845
944077
405310
662616
278931
384363
346720
681751
651163
710986
733969
528282
154818
335040
672568
817906
376685
941940
999191
205
958692
596032
498569
453417
312611
817329
458266
920932
331325
53739
673411
607536
605230
201770
861888
811618
183931
107363
932432
576937
878472
557001
198281
929243
738998
396715
124821
896747
876342
642234
248333
279607
462703
687977
617648
699006
134728
249773
88895
601583
211602
584676
112633
118492
640597
856146
845870
77838
116918
843974
438850
316466
910337
586587
464769
434288
78937
381018
217497
522716
412025
468861
898168
99589
814758
534734
834691
627755
880755
952814
154735
972943
666544
194802
252800
722146
119153
275176
956636
699167
972342
115191
473355
642356
996028
365668
264654
215771
45599
97265
189913
861640
687466
43744
73326
788155
267581
450261
703958
722549
901210
160921
119807
753351
558220
199419
23597
144773
816564
723153
87454
868762
125361
346076
590015
497717
587755
689737
163588
874913
696764
519892
691880
583923
982396
229575
561345
179420
485864
84640
398334
132767
25710
98833
127297
382684
440664
787105
486547
965706
657106
324656
890568
169155
679002
882967
666224
763513
51523
843758
525943
857414
763621
210279
417946
509026
420580
636183
885894
217710
491292
288789
272847
691629
806886
423291
20361
87314
411274
634122
842887
792819
926977
294058
381102
265437
251621
173838
830388
508290
425143
955510
89531
759822
822220
493774
920900
747415
44054
172148
716753
436915
986059
529559
431900
866467
486132
