7615
754251
930894
731147
549665
695415
118632
847213
200981
303964
293685
788297
425193
115455
944694
256342
277050
244002
610334
837320
594451
933255
676337
863265
643860
3538
103160
667105
414782
573580
155486
601305
918110
438660
814123
468126
62484
380368
844058
732440
356096
946033
962072
117754
56584
210260
127388
729420
29959
781941
704798
549731
278293
649567
658357
899571
581935
393422
718288
934267
167491
813045
209808
438110
851227
7642
134593
117458
455651
523615
545076
180081
374872
289501
879034
930349
989520
580329
821247
435361
958176
661944
599744
565058
689517
178143
909034
973236
544914
243378
690001
660153
476331
574350
433609
229060
275580
813171
876133
705836
188482
372681
331338
705276
912147
724995
83310
322471
180148
983137
703219
148376
361783
725327
450586
969704
614607
992875
28197
397097
792882
932260
433102
542495
586985
323134
63325
853071
777143
586674
922346
270191
13732
216689
867119
689980
57701
994249
888777
262251
749865
624737
676427
270135
863170
647966
583679
509209
487086
782312
467002
933142
494914
744583
999195
168754
234930
925223
730720
408322
901631
152506
70180
642591
508989
313916
321721
637366
364352
373138
688734
254205
193955
238668
531485
600960
755444
187146
122756
466969
848703
565050
346365
927742
682229
611903
844108
123125
385401
167277
146277
663778
480456
94577
708136
890945
30466
408462
847674
237806
674521
341442
445505
775009
895573
483783
214779
678200
679425
736117
412540
331309
842294
141252
255874
358311
674497
630063
889910
153836
280436
787381
874946
981491
901446
117946
417289
131543
889511
257738
328584
668136
36133
350333
985799
738588
883124
75765
739899
914147
469149
411844
974459
509080
929094
66155
193245
689811
499098
512381
525229
469595
887636
241059
847945
811257
386285
428984
171548
30119
337056
749076
654773
55336
220759
429414
366915
863153
762164
74043
706031
301125
587581
97627
226838
147742
637732
861586
386146
962823
848946
851404
416516
514567
688720
911834
646800
721463
500146
196049
75188
994869
287136
445393
366678
140785
880162
538659
343050
936740
857992
484156
197869
687201
83667
920798
900704
553028
184836
912990
705508
953095
549630
865664
224911
774387
320730
606270
843561
904179
929672
94120
797734
221507
462812
883493
48063
272456
854140
210839
542703
566458
179941
597277
586823
462460
106901
136242
23854
911309
29209
506354
608377
464534
983347
438653
584995
838691
7975
977204
695017
798191
878690
446305
735429
430295
666696
170611
864964
466865
116761
324390
942406
924342
465535
932609
615634
103322
106742
543097
731347
378621
781272
517939
123187
530169
603908
224551
701715
716699
428394
747808
56612
88175
150518
867551
98981
840629
859415
399008
305401
798960
808491
944756
116964
231644
595401
113165
802530
94719
360618
307288
62500
990744
144180
792965
233768
8180
343141
333602
431219
56480
370648
347493
290606
501689
11511
119688
309659
903007
722430
260687
319538
927176
455784
1829
138844
435953
120760
311716
743243
324782
899365
702772
715124
38051
112099
242506
920234
438731
108362
247762
110680
100917
309285
283240
204635
786063
675802
854207
510970
883035
218097
94628
53059
462782
760194
683037
254083
561335
96255
466603
634465
824685
146779
905775
171799
261409
716502
498537
180366
779522
818407
414107
453781
965599
737925
118988
886399
515831
473169
148136
166678
941164
183139
166853
719359
859926
574959
662528
821804
734964
58068
263942
760567
13694
956609
609647
168930
447446
578692
901636
544360
49308
269105
741473
64383
751520
387819
994230
19693
792627
219858
378599
708996
744342
501129
670419
581308
215380
967458
980594
997547
468524
823721
889688
267171
158566
945418
692694
897576
877574
977631
432383
668172
137566
282586
69192
48553
496062
818891
717961
161979
448583
886991
923168
625943
122462
242966
154485
137228
170748
952783
373655
582101
485281
404466
900933
185399
985320
92073
804746
703677
110966
207644
557183
838478
169292
555224
990004
244776
860669
412507
696170
954235
338425
759358
231607
827812
642247
831
156940
383748
44497
345898
574611
744957
932761
772068
867058
422857
923594
796628
392237
134518
235753
516847
566824
621634
519594
273054
30601
134287
624095
507789
623996
841411
716811
989906
108944
805630
709589
26616
200703
348281
746328
703144
259979
298808
526615
672755
842691
5291
536078
525950
158373
33639
937827
720971
182301
6011
834364
523936
219052
755122
141290
168598
625892
725157
926402
226367
951695
68730
138381
629237
960880
116605
855957
964092
869281
946777
145504
910035
930651
670514
580537
533212
59924
916578
390697
463333
784195
975759
282501
411794
107967
328998
862561
545001
225861
512694
400098
437370
679064
439723
862257
892777
377347
130085
837068
666393
38522
531636
389878
543863
709407
811123
224207
713184
157344
525886
642814
797360
294845
257809
650698
516648
119143
408254
916488
316347
85828
277834
6703
6901
715407
112229
400263
718921
3613
10693
677312
795573
422266
257758
493663
689492
717810
736768
956179
884224
419756
856268
276902
604577
298544
918548
898703
958615
311240
317390
334884
728832
319365
187317
449132
479206
438745
500605
530835
575752
72161
721073
565366
371331
227910
398698
814302
650909
935161
285230
554059
271470
95835
751458
952293
498668
298175
650093
877271
356753
534343
434795
596216
263723
410027
72011
234974
892160
876760
950534
366871
538139
508660
88892
830514
956216
73152
10221
544888
555847
671383
687632
846713
965792
876051
225940
415488
728516
562703
906224
55656
973644
876742
834473
138120
867377
188698
312480
183241
55415
352497
692565
442905
230710
564538
280700
631864
998918
973901
194362
102768
619718
485233
945980
465890
67593
653495
842036
197498
789343
340035
793330
960836
173051
760235
447835
443096
811910
997303
754952
856305
737151
697672
623805
817820
898892
914774
189124
844684
714402
237138
656357
256586
100430
127082
366725
459337
191902
108779
8089
393880
98222
497216
163845
560880
63314
66008
774805
609645
150365
911526
105174
240602
279244
226370
397970
640613
898899
472173
638759
114609
86081
549617
525187
831690
45650
895271
992190
278324
305489
860818
652116
196956
573928
525993
562814
909104
937478
974450
376619
725514
220779
51786
221856
123591
735507
14721
794537
280758
348476
405218
570810
788844
51990
357072
917928
186677
247303
951627
900605
241125
925272
441682
365627
281804
52223
622883
442352
183303
415497
450014
303474
432051
391908
84039
371640
915709
791174
940970
912597
372565
745662
650393
13714
335361
198549
406545
702310
399118
374048
246779
273172
403617
968869
870030
955618
173355
638184
454737
65713
567547
481297
825534
271166
421485
661627
259779
547188
554112
852635
260450
160171
391430
101131
562680
163329
122740
318194
775450
519443
26201
376402
306523
362457
160556
679022
564970
434011
369150
90198
580568
293716
881870
123792
31608
387042
641659
176869
998687
66918
818708
369349
261067
551870
758539
234775
380640
20188
949641
827426
383885
553795
123611
69841
13518
293214
64649
585702
211338
898941
443207
846654
107932
544428
250757
291004
23535
461426
982753
24469
821186
819619
475260
260600
937355
318370
444778
422360
91319
332535
673283
48727
575440
596041
970134
55952
478968
51960
212798
542081
194322
435225
872844
345940
456512
86159
839651
95304
238854
64578
24291
878145
529293
307071
438334
123496
326788
758828
488614
239104
946209
63718
587559
934663
83142
656953
436049
207108
746110
570619
301069
412659
305638
324933
944720
825611
774504
601807
728366
331753
768803
38311
329542
79898
900903
266126
121052
578506
831964
470511
78596
851460
860674
518205
161785
525028
678354
135784
540877
5537
550980
384443
926715
606321
84458
277141
351128
414872
593017
472065
885224
116753
723880
720437
865613
446743
566961
219620
92122
879888
270453
403136
713350
374999
627964
188176
202044
558756
270234
343465
720336
994970
627565
834956
362699
6830
946242
65884
767399
902447
133271
879034
663638
970613
568059
787391
389180
544554
918418
377813
952382
565552
263349
512434
148210
294958
787766
127922
85750
655355
393793
194768
249948
119397
357661
396225
710083
133789
397266
23790
217665
536131
688293
177740
432124
438666
228863
162521
23320
236296
712428
697588
165770
51677
416894
598170
517452
338429
538258
663289
386089
69339
475562
189874
345144
43571
481466
95216
973861
151988
102462
42016
938090
628553
853640
539020
824862
188995
339608
26199
734564
566565
191971
743127
397252
619595
489974
447050
955734
23671
622836
498103
438874
792185
807995
564899
581541
524155
349093
957356
516662
242022
457194
40325
930343
194613
250851
794894
60287
165076
577641
571471
33764
84020
937436
573521
903277
347438
158464
323609
68118
79313
325761
639298
11853
31050
301463
797237
697385
631791
520260
127944
501306
172136
626811
714545
110651
911482
550875
169765
265764
665969
102040
181650
60828
951082
551739
497269
978252
113914
798143
249624
62799
57022
56925
497004
752901
2305
559458
214463
977799
540163
970299
469721
31349
329452
410259
852281
149098
44877
539283
214119
615569
63182
767176
902518
409617
360698
953507
984536
388132
834276
413529
500701
765125
846772
816619
443594
806088
232657
84224
990738
439427
264109
644333
319924
993066
17832
284055
991408
224633
214241
63216
9575
762378
314272
788573
852814
402118
420249
660408
831822
827320
801118
134321
571260
228925
836517
380239
743920
173912
76976
452757
214084
47842
866591
199551
821611
13662
18894
172203
65067
764651
222316
307541
190904
696530
211226
250043
511087
939263
277115
745951
902636
493517
904542
759659
258568
229114
556229
912046
944498
763770
841810
8773
890217
317095
163789
448469
316371
55509
485076
782004
905789
387716
76448
665319
141296
317038
7343
63110
744620
899137
129619
400892
218692
522343
309975
869995
764245
867968
384585
717100
19428
246001
994793
41395
951827
811222
317292
604753
376704
741075
775725
378388
801531
314504
623345
872073
586337
463075
33621
218658
845529
242639
643159
135410
208875
187081
597117
568532
333048
644436
674597
971308
171482
948995
77867
61573
335256
707763
604272
680986
736262
666715
461709
993328
812727
694460
957332
119904
393952
788018
922559
72627
890699
855853
120888
4134
694260
860089
291140
757580
941828
408184
719885
975187
644647
180338
706378
983454
833676
132419
329485
205330
154105
643379
691305
590125
108552
204451
860285
147984
125890
832354
723362
276765
879958
877855
46893
988283
965493
739321
855009
11766
623886
521970
812852
32900
904417
101379
206588
919843
730242
588425
111478
606493
980588
762653
371763
728173
260416
46785
47776
633020
376921
135349
75504
423300
877964
150762
612840
564182
276097
950990
721222
953462
229032
843334
307023
371364
698715
929722
371764
849910
175054
706121
310624
303136
591861
455134
777569
502742
940211
382746
348784
72456
414650
512881
986271
301964
417987
638865
806430
683610
813675
770172
555753
872240
786345
300150
803986
422998
551976
760538
405734
548156
694917
956424
118783
657791
689511
341433
778150
730506
477685
583731
371490
98457
90680
341335
339617
674713
843983
584472
712258
71340
603401
250246
724925
199368
466147
899976
213680
508287
623517
199465
403270
222105
126779
331657
503366
20765
436117
140916
524982
311983
920667
368847
4521
219219
954281
524014
754284
408079
914563
887555
825417
450863
373037
133810
961782
775394
13866
333248
619166
169410
449999
130665
50633
927601
134914
441232
813034
89503
906900
307665
438021
708903
503481
276466
822523
892953
186464
914553
722291
57811
894323
516439
479399
570952
448365
910786
719048
521826
815826
428512
269455
838276
182992
780127
412001
758248
988272
541985
590622
939688
279161
756885
4359
762008
69153
120353
523401
94608
867376
971899
253290
680327
939764
44183
384847
611354
479323
321531
139816
807789
920560
266926
154808
384552
547125
914126
837956
361507
699545
499713
596760
855452
632150
285828
778096
74725
350761
165279
73674
346075
867887
486777
159046
259984
874457
536135
315318
422026
745612
523488
394696
802533
724760
665133
997517
834579
875090
300220
541605
581764
744527
169011
204233
864032
223104
634209
3125
769969
755621
803568
950896
10206
172591
761719
778361
265042
775159
759404
256720
690556
809364
572023
54942
490223
614748
735649
890561
486633
895931
917867
747704
946416
110505
286075
741416
971416
373707
239153
142793
714722
492264
81945
741360
211839
859718
607865
113209
884850
528928
776201
318224
845011
779975
211970
184861
154223
723539
430095
482570
229773
83843
300768
607537
507852
88440
714398
369959
167847
577995
15161
97888
150427
782022
984028
89597
506271
381638
180866
634233
363026
652139
179234
655915
917683
376953
917958
731832
105417
225166
545466
516313
775395
145792
145183
6917
717754
779730
138015
976955
683378
926355
24826
978670
954687
217172
275711
650316
11237
116740
149911
981101
462807
47786
841788
961685
275073
506813
696391
955750
232866
646499
713254
658789
510608
749509
213484
754406
788127
830411
205762
307031
915165
914489
978363
918055
563508
432613
557126
875793
64307
803668
320316
201417
610150
541041
244441
677441
563489
383273
201608
705112
445660
814437
564183
684832
395128
259493
725706
244426
215456
461686
639435
468656
637514
52112
787391
438847
139293
342350
328435
772992
147565
985290
778549
498945
168993
451220
898239
127396
233462
965263
613711
699843
388060
722473
548754
337855
349182
778805
275262
820708
562655
629799
760255
506
400032
372971
300361
443883
915742
493282
745868
561548
821368
531258
915974
4041
812526
745768
279090
990130
181669
487301
797854
791580
947719
130755
678682
511413
717639
715210
650892
712744
502274
613043
364769
213929
724865
162847
706718
243869
821211
827189
489684
654313
23479
203000
131634
987990
575663
910529
825908
74270
938961
307677
774266
550806
684351
20101
342387
755063
839606
489590
182776
705290
731947
629997
698933
808048
942993
72513
639042
110027
148152
396508
773328
251341
442703
68375
544574
132251
552586
336626
64459
499357
688478
881709
855270
896869
51497
746821
492322
551993
14384
30350
994885
250047
438528
303145
748927
146500
927733
677603
231352
511592
566425
324778
915458
92906
996260
736749
483310
856076
177377
358223
631418
213026
437426
52807
772904
152957
375210
247703
37162
855534
703704
730214
748793
990265
314339
415356
433924
806808
303761
645466
169733
263656
280802
531572
602224
407732
610585
345612
239558
19165
698778
486764
620358
331619
895022
370496
310018
496786
723940
102413
442319
979211
581267
705362
908182
629422
474938
766458
958983
307745
135112
447034
502894
941632
917879
956813
712414
922145
105874
171402
311689
199042
303448
67166
213489
849810
406009
824364
503737
967064
600765
489470
666133
647556
302212
66022
847648
114704
27112
937141
742861
625683
670462
290135
510453
591586
557180
196746
349198
678883
704180
769849
363388
56047
302526
777657
53569
206371
877749
637663
352401
702148
494103
352443
755329
465868
668944
489398
580317
393493
120144
120259
153112
307169
18328
401605
814814
354372
975317
90237
402054
400495
837475
675118
606627
44121
483058
518864
130490
669899
540870
829676
29453
414345
152664
328922
776150
132504
538
738645
297039
255728
869336
794040
397870
534016
297786
694360
67119
320217
681510
618621
282569
47928
964802
981309
448898
725555
235287
179255
146398
646078
121745
33961
215283
514650
751587
667695
372056
422940
382151
33241
524412
396438
24419
175271
28690
137444
202759
685155
393130
166292
551699
952091
772187
119923
173046
646266
146525
111408
34129
208067
624435
223152
717689
372777
805189
375021
913627
712461
238860
949067
52602
463508
94374
596857
928469
769124
279945
564736
303460
313660
798740
286380
704960
646125
11137
951379
433954
579641
976951
926022
409091
613639
848828
155284
731171
718207
349768
19062
523430
373768
128308
272026
835480
994907
216273
413135
705361
313412
855766
409417
434356
593973
531633
572690
11217
82567
50238
334286
997611
518670
678741
446249
686611
801943
64958
214943
990387
74881
322368
106855
364135
814645
899926
175805
126661
745411
942275
663498
254077
884890
717053
312179
982812
3940
722692
558971
521131
995324
158358
203030
925812
171853
828795
813835
737188
258760
641595
237892
347084
120449
537200
544437
514369
444583
421430
392487
310884
852638
153470
906656
373436
687419
250626
941681
846015
903131
598035
379292
749296
240736
45582
544159
925410
52233
389165
857121
11290
653805
780537
733432
42514
129300
74397
969173
280154
258034
164566
4621
930969
417857
390279
202308
922610
780154
307626
797048
994242
41455
421728
637159
10437
267016
907433
370527
674392
807512
838254
934944
481945
755803
351931
154543
517930
341454
741259
598138
174613
448555
649532
619363
671626
785024
301666
346539
915843
742315
918391
188348
29448
129140
492784
926802
674318
632135
999275
501639
996987
978124
824452
257147
137733
736805
727942
216925
509560
329155
491390
148632
981654
236645
904940
415964
95896
667759
487699
323911
136595
957859
65904
38768
219382
530046
905543
813840
342832
867953
351896
375694
531502
382971
567665
743654
539074
836511
225757
296181
490015
324999
994490
121699
900161
718517
70696
965037
745257
291234
313757
848909
882118
189557
299222
668553
494319
532705
880680
82582
43917
458203
49973
635110
730838
482167
103417
392853
572084
899486
581636
488363
590404
482350
98626
608719
804858
830446
754806
175881
443297
832940
183494
640434
547584
387446
954543
662267
853912
679281
794200
762838
765899
868377
782533
194692
421143
236629
471074
90428
461951
756022
968895
232309
738058
580940
992219
846544
489572
621477
114841
826277
995747
263907
299792
654825
373349
786681
20030
587001
481941
672258
842460
554181
590412
500157
825484
279516
78676
559145
97454
992911
656839
541305
145043
497221
176854
246517
709449
8283
576229
968749
275093
605877
126804
168665
851775
600998
580825
76242
288135
761208
525897
437159
888821
997016
682101
83293
845198
716513
246577
745927
575523
417091
585776
694717
77443
728272
464779
99324
269968
709923
955296
470362
402991
578541
680983
867556
271577
512221
671488
569622
668047
488939
166232
181238
429994
8386
197035
410253
585104
326600
186195
885187
900099
173323
483294
642710
181779
579465
174222
802167
358260
523676
826553
617345
55786
387200
192081
968726
269984
952834
565438
348248
556697
697544
964903
575489
227645
746359
244112
155488
20501
603204
119262
344305
320658
986459
793717
932887
137160
633445
520450
233528
506488
436090
787669
953845
284618
361315
234021
836932
589017
928778
419448
374189
115177
687936
758298
998045
59700
675627
732490
455722
683809
295114
671925
815780
265622
327975
773018
182484
150500
392216
372684
880404
751585
378289
523094
287499
557908
686985
491640
459331
984328
269543
768208
641000
21955
706570
574740
482655
267729
190610
657532
542144
556153
988302
491388
245554
916433
368419
768431
961698
444717
607637
578895
454303
442995
857589
57121
920725
729546
545064
227822
162661
826417
328399
959531
293853
66092
629976
449210
466905
260504
759905
436297
166325
325600
75716
580761
483629
820424
824707
15769
393300
679847
497297
607792
243310
426546
471931
574554
30314
506290
24497
437866
276479
578839
186741
781933
173345
315367
503711
778991
539872
780943
144586
1687
692510
270234
46175
159341
718955
604415
895036
179900
399679
499860
267456
217107
523795
477089
525685
354597
486172
476304
742043
949264
131428
829824
529549
320763
8455
542648
128466
674648
793288
841784
235971
109641
271054
867628
841108
404638
152958
759802
637696
511037
437238
77818
554069
759195
937122
943749
266649
239654
818367
989734
786264
143301
585322
684526
672139
268343
386020
292580
598695
753816
721189
293848
418175
823234
325401
61848
464982
138064
588155
110140
921157
97022
459981
852124
138181
512940
344241
291106
936986
700993
590631
731258
949661
622061
720740
808806
643556
750086
951115
206509
888399
413972
337547
964915
517426
177128
603860
380772
114522
359655
993782
252106
785342
796836
952217
130303
63044
751083
30803
336636
961708
955675
118377
562895
801437
13611
717605
88363
552074
153677
351248
889625
676865
646127
129805
143757
792528
633374
446802
70676
725140
857285
731779
711656
472287
368212
59629
432934
58309
284796
4636
253271
852996
713046
364249
607850
433933
271651
380931
266435
327475
990574
378760
101740
32239
229390
910273
987625
28429
103112
298536
532074
807223
50449
694390
975450
737181
531184
920285
286869
915005
776386
127391
980790
252052
939799
145482
120973
82401
80634
712720
484272
425298
178831
987847
653801
655182
531860
888953
274893
703646
341386
754729
543916
863160
392173
422243
982756
345130
421982
963198
111440
971360
398434
371250
722462
752210
738243
362192
18494
32908
173588
269858
283831
875163
70802
313567
784659
947665
176038
775051
728315
162678
777031
436265
501597
61515
103613
461086
747337
528188
531904
988580
717468
811041
489983
295335
883219
310512
792188
661375
259777
240067
369876
49803
225819
578498
189597
728998
472497
256301
826920
936393
970871
411337
428261
431357
992386
975588
885030
437371
21582
431877
323964
248354
252091
941429
846589
294355
707545
473252
344296
285356
888344
814650
460255
678624
191970
277371
743122
355312
226500
424470
230141
685640
183047
982474
638855
498680
155741
579126
508491
954253
705079
5627
465332
628492
789108
618895
72834
419786
260787
157281
839145
905003
892233
802789
426328
479669
466190
576507
494039
28240
264146
937216
536329
657116
425389
875568
703825
871471
511860
757365
419665
239146
550152
78929
770254
609590
528648
752229
215855
587744
12070
794332
97765
957519
272663
638839
311076
557150
565348
87349
694734
364634
201438
374942
359153
179609
15342
17644
257191
273589
124171
689687
57820
513572
357124
685179
177005
100341
348029
985769
167019
326697
538614
449351
994366
230636
866631
53348
5542
596847
620008
854236
509021
187299
965228
623396
439705
903315
216526
281715
189485
151006
648292
231246
832079
310800
819376
702062
468020
147357
223574
729871
606232
879161
86375
916312
893466
689751
377819
72930
333763
230779
701022
673702
47911
49918
996481
679880
724452
291934
433233
222778
360071
533503
264005
453646
364943
770498
407184
157852
56777
485185
421847
952844
99930
392292
768445
657217
392987
231331
292249
24291
824926
249816
696073
244934
728591
152959
28448
862908
16822
917966
684667
142388
68121
530027
911921
511629
744895
561039
417704
854267
936079
446325
398341
469268
290774
364350
332347
783992
474919
581156
355077
662875
463644
634969
419502
827825
411003
359675
541325
552692
526005
655862
551695
968917
540424
166839
994924
956221
78979
713417
547388
269694
725802
842254
276258
375323
659247
892634
819814
498032
412896
184239
448481
593088
996641
51089
50065
634073
694094
603078
537101
884134
956674
96620
566866
466385
406774
695798
417019
890258
636225
17412
565135
99097
980157
8223
287476
45908
893322
432014
860866
827357
956524
174167
96115
623811
217552
257365
154806
274932
669548
360307
827362
356164
463236
441986
429768
291676
512328
729085
472481
635778
741978
9238
89638
270528
496302
433532
859007
729716
509899
936684
991187
468596
566958
366833
884990
219291
520717
914810
491809
843892
220729
517974
641298
8066
308508
103758
149300
282218
815650
458527
654178
211071
230389
841554
49221
369383
333408
588282
243398
385966
306325
126986
956636
475623
151242
915344
866758
885306
171453
663378
46229
121423
713689
370307
812065
544854
256113
233634
658460
624752
172776
668656
246787
868669
647795
810380
500592
768195
931191
753836
663821
308407
743564
8634
557411
471276
913315
276745
523600
265173
943428
308658
263447
29112
11375
459215
250641
866098
183652
990867
708866
901729
494399
285317
937287
279473
628731
313431
326314
549702
422551
17063
35800
252611
126741
66065
93802
189366
801887
585198
197151
523872
537925
696430
901035
9636
520161
30798
63464
740042
913244
740469
303211
306225
534345
201649
628594
523087
441071
883593
742137
70054
45668
399102
301739
768774
619220
159139
639030
572472
42273
206166
16631
572814
723044
664090
372181
237893
788498
399186
794025
652244
295547
989212
374747
316244
985771
254088
303176
528075
89331
170164
199391
27862
168450
147909
342091
939699
282988
643012
175306
232745
683341
115282
839069
33684
451015
712650
897240
307024
105190
796018
955417
28418
543845
801244
586453
53886
77834
344927
89806
383832
299692
577005
548193
911754
543253
936401
237691
553215
723650
289480
393452
952122
744775
687161
139667
461158
499215
239249
342969
680186
584385
807103
686843
533704
272575
337033
279134
136611
578184
296649
314887
586027
932349
750344
112066
150007
75841
453302
403072
901789
278073
686211
806686
963808
59315
979680
468215
703779
39301
804476
100854
348295
196623
570259
164379
753196
453687
604602
180664
394059
885531
920439
284472
791947
756185
88776
56911
857322
932294
554588
729154
2870
117320
175141
338576
904629
324241
375365
12220
749604
852792
325797
899704
65821
704054
734501
128559
972625
944953
258733
731183
350261
959848
670434
235634
414394
623732
215413
481224
710324
812247
320597
738722
42012
405485
211845
283133
591793
484267
809863
67240
356729
16704
10360
96500
236069
6598
537781
741368
843602
744485
366907
393534
278316
835461
338253
888398
186349
545709
955918
284052
547203
597373
399022
183600
762576
202692
17665
281690
745291
14207
15339
424432
317443
972271
73848
914910
696964
425430
988616
305321
152210
866893
165543
973080
700754
357765
715195
239871
506504
993752
272982
969769
111675
233995
807916
600161
884085
758883
830430
247709
990567
768544
61557
591240
668137
649434
450474
804907
427806
379191
326881
37879
337206
861127
123447
718065
728461
561148
952944
144570
697777
941641
20499
695418
146944
654549
618002
623209
859632
622876
535712
231418
496617
36899
583911
40676
326349
222486
759890
583757
675031
32255
343301
271638
875681
289061
375597
54589
233023
641983
374257
557171
26697
36307
985799
949499
496311
452656
843620
911995
701540
788484
491787
294115
697205
919899
866951
173879
960659
357365
892916
248122
208403
239298
277303
930617
500535
363580
727565
39153
650382
463713
68545
130526
990070
360332
807159
511137
852290
594607
815654
92428
993398
838319
599907
167181
514287
435100
616408
796278
515104
215692
794387
453797
965815
782739
67770
632021
540638
677280
874269
623423
510429
310071
406628
361710
127068
625862
253671
627678
863366
392743
163805
490000
598193
172395
12461
760059
447611
972254
463636
326167
499502
93748
986690
861221
128518
600405
613149
641847
992549
222047
316445
663311
399316
922143
897112
647646
509079
445787
570792
13160
384427
313547
199034
89987
560286
46057
418294
557565
428875
341086
668742
763485
769073
318299
999557
464834
736367
275273
800134
545321
56863
408728
142718
715338
868620
530356
65423
619105
350673
692950
280178
537098
54671
141495
557119
656389
980426
526111
144092
776410
974753
371419
185408
266902
768744
372428
854435
813747
823012
218140
669124
795733
126626
910668
834198
612529
650292
211753
53320
452616
94985
886366
902128
627857
980712
498274
374099
917173
325897
608145
937043
199604
602704
264665
351221
234277
542182
279371
83662
160218
98102
164817
798347
474082
450817
413183
932633
80936
367199
451266
145527
333432
980691
90613
997462
514786
205769
53330
598953
311799
684782
350725
162767
91056
20844
778076
540315
593071
522945
992731
891196
784989
502139
989293
565454
827698
430482
202548
674876
18386
538274
142273
803791
114581
535555
108639
546200
577375
681926
941834
355702
210478
656655
787645
508101
945139
447178
530665
895011
255383
963531
699457
1440
231902
949830
133810
313729
572009
803431
386801
239473
357461
319568
278956
228485
637889
322733
245602
170666
169198
909492
184462
155566
74175
204798
343678
14183
833119
917053
484739
992772
805825
888794
996353
368494
705667
75436
322982
434650
893292
955734
7288
227182
912596
104445
662470
791821
322275
442084
13376
704385
410481
31015
491043
190724
448141
957073
175500
181675
735449
837018
279470
124848
556498
675264
525343
749274
341870
401792
408780
370251
188574
291121
593485
502758
51251
44862
264660
339226
473693
881150
648382
397648
887374
154482
320716
353389
334589
435610
310443
340868
536326
330676
641967
477532
318446
383762
292959
300568
574725
93078
81321
826185
702756
629069
706678
917837
29078
78950
220056
460449
149779
490318
988320
468875
770791
327401
776909
42141
366194
800558
965150
708390
455048
863647
297545
572283
991160
136164
605188
745629
991530
614915
416192
126599
26786
889726
665269
231575
501985
297930
959064
210582
778858
422119
96810
325350
129378
543840
726122
504263
391441
555361
727467
610693
303173
307696
310336
444930
32085
729098
817363
342684
186755
912795
32853
845114
303739
62232
873423
428728
833016
753917
354968
88237
399046
645662
926815
678805
923682
820588
915048
318176
860797
118919
16340
361430
80351
571386
53912
665509
31593
324504
248464
357576
651891
112304
540524
192086
230547
8943
494856
399013
961663
803283
724698
659865
135370
441544
568453
232268
161738
84257
213386
411867
206491
522804
208734
501835
232444
735314
514134
195287
815126
762657
328702
593047
664925
188632
497034
30798
120463
232919
17380
268624
67994
694689
647204
343118
780634
906487
633694
327168
539648
447634
789588
770477
826894
811836
208076
982426
477246
433739
189309
855501
134467
664635
525987
363644
215591
576103
302322
264407
473747
801444
195302
256559
930029
758074
668281
320002
516188
503872
643694
645348
923431
780627
477707
130826
744379
733234
712420
805814
325195
511865
518801
280443
820754
510073
309441
134828
446580
910512
474088
270053
929218
683754
464340
634037
945116
871027
986525
674471
449009
689399
585723
805931
315874
252217
593522
430502
286021
63724
695208
578131
389702
445873
712727
64020
108391
922606
571677
287577
32423
998919
407152
187371
822145
957372
701680
306838
909963
42463
829525
143473
157887
902768
603527
180619
566551
617943
941773
629428
986833
676157
814685
586981
105042
718471
659153
645389
289895
224943
539067
96249
656102
151169
96719
934046
122995
330544
458559
788166
431967
142866
876580
576085
506858
798015
562967
440312
599529
994753
723616
933161
966787
276792
3206
206240
299285
826381
265093
100633
705142
390929
624414
119358
521428
124401
149128
330482
949821
402456
956228
925242
99194
431713
920718
457031
49493
741751
561775
385572
482364
865036
700592
741496
497662
914802
272617
827385
429490
694297
391351
124462
512503
881702
218572
516190
766933
814828
985439
82330
494210
435785
201605
147236
281665
100640
479128
236411
733157
131822
634707
508420
816564
633419
160704
129623
207206
162431
542920
215778
319117
335231
639402
819838
179918
493315
522567
259980
464589
340485
168985
388491
906407
768919
768196
656250
305752
646497
257349
174756
95998
918455
402823
354317
165557
830995
271828
21879
727840
969268
392680
779025
139465
368274
797537
873853
405024
892220
318675
113405
199904
125968
474809
825209
757519
740503
245766
433967
514596
325562
12825
994295
829314
880421
81678
582770
222371
839607
655473
767247
727952
834339
479885
391097
762508
266406
688099
312609
689809
809381
102134
598755
942514
959906
148483
470103
460895
802714
257166
995127
930567
274111
206808
45544
799960
848973
139309
311783
433058
427083
249753
570961
256921
37857
884539
932302
808697
10768
994097
256795
311620
824145
897075
377587
759783
119822
743292
204186
558011
81463
791074
538438
189286
971779
670087
796458
954466
941508
123816
742688
588758
671716
203410
811506
890976
223489
507253
548549
746036
442275
650449
805346
46814
872150
334989
298018
722787
855273
826662
253814
643398
674369
3780
909712
624742
76954
958953
287858
715908
808412
526274
970705
579171
181334
248352
82917
905352
105689
520384
593744
69665
954291
763654
854376
708994
375687
802953
629475
557194
971078
199559
459678
703140
846604
820537
831626
625961
284825
790402
944115
197091
405994
133377
690350
827245
316083
652293
802335
632822
429436
358816
807845
49060
529813
834452
560546
923541
450935
534251
416042
133696
383289
403363
269383
928890
578988
136773
978406
13973
106515
651222
931875
390115
364354
709735
406700
336216
574993
813447
895700
750413
22333
214233
79926
555745
21597
770560
674308
814842
868476
186998
370091
121577
611735
903228
489765
978156
334068
138988
866202
435596
958301
937258
710515
303079
750520
6393
705022
836104
568004
820842
565047
948722
811698
487278
995961
458620
260445
620621
132033
864406
574312
299760
48026
63593
827059
879064
730091
873629
305273
356337
621081
614004
851786
364673
712410
7763
426527
131707
575320
222433
184479
173040
297469
431304
737773
939429
586081
616153
471852
516479
936270
99916
964176
882331
533612
32228
867042
274746
990542
152561
916752
766489
915543
583407
361454
845983
829386
503628
966285
215728
533614
865479
249078
880735
243098
731252
148292
737344
176674
403484
488091
434779
392990
651393
620232
301756
788947
641855
676599
102119
170497
204237
126411
181224
397129
329571
95070
572681
283704
139958
487509
920605
27060
858911
890462
374906
867457
939609
670921
66116
572785
385449
268672
166883
473446
540184
899172
270806
643845
354844
880582
192545
623993
439253
175871
686306
350945
545267
88621
758850
952407
403380
624202
408007
54046
138955
11818
766149
201767
800028
501649
249460
763584
975460
667182
526365
114778
671542
48120
648047
936501
496416
165796
915822
20522
97836
529152
779339
141717
78978
187759
878798
207005
616363
897858
472687
133537
993904
310703
778757
524224
149857
236464
471510
990853
273009
186362
830221
776046
387071
975704
405769
259863
14384
861220
895698
867464
340919
323682
594598
53271
113014
92153
663794
395835
550142
229199
682140
907631
476851
498816
715837
900863
129355
537210
456492
340531
370677
685239
650357
736789
991830
714456
344105
310239
627502
811099
12879
919622
45657
428281
923960
907549
518514
295135
141872
37992
14034
364998
166032
544318
594294
587441
935665
542937
900862
406147
200955
279038
839762
852474
675291
200067
292255
505676
38419
939714
489791
380828
986411
54169
367351
595225
775749
982938
939866
908276
338638
208982
744714
445435
993489
486017
626910
307415
522597
540226
103391
229278
212935
516442
685421
533654
103746
687086
403071
961159
402058
745394
988744
853820
242537
614452
940404
670230
598865
842947
23313
897612
53840
23482
853643
453826
683809
253036
95376
176517
854750
443565
268114
10145
320019
428859
996778
177631
886831
752648
721626
559967
96852
911525
379627
863053
460045
800972
41909
896515
659295
300682
956733
917371
815288
277127
607160
806895
625156
239987
211182
21519
300831
125199
936570
372382
17061
454870
33838
398442
665636
894086
367443
542182
591667
72078
70030
377126
239580
465813
132637
374902
696372
457188
571841
744662
457612
348914
182966
860118
404672
599819
750494
409290
75372
200924
354236
72875
251967
240477
74779
9098
41063
911835
789199
203121
421548
811745
354963
41112
965785
921538
458769
938113
986132
261126
757569
540593
231183
164527
275625
135371
883031
473639
249474
369034
477834
919367
801403
545306
365606
19718
634647
138260
408252
332668
255153
551829
742083
899986
220448
588281
473288
153545
227253
828281
847939
207715
501281
614239
183046
773105
678452
685665
631374
824506
171712
474530
290108
907397
401308
307137
469789
580292
411716
884187
835813
349981
60062
951780
469883
549013
81303
770141
192942
112283
514860
206898
9157
526319
692101
111156
2611
344685
779835
992878
759849
329594
331706
930086
754118
735498
310850
913330
848554
79307
219719
84275
346152
375793
550137
93171
300057
339423
38366
193815
683661
408943
463450
17025
445789
990942
617489
524868
655708
486743
421475
420804
559468
680090
872214
271210
60652
790217
192338
740802
26447
927695
582341
523761
756936
946285
28007
783894
309793
300579
782487
226811
226284
509239
176228
227000
532112
317476
542057
780068
450693
948706
318224
455929
953818
906766
497655
716163
934643
613751
551471
901381
114833
361220
280864
809065
505418
467973
312203
882785
340823
560532
854440
325470
639500
396072
318446
230188
633570
536694
241265
720552
409264
456259
709029
412319
829497
244107
614208
615877
248030
485191
519870
985487
505076
341791
145854
680301
484848
670252
693002
338983
98815
216104
486196
430803
288627
213941
33563
855152
237591
52102
904781
325475
683811
155630
53126
146251
241803
471043
503959
5699
663665
403503
340322
287155
774332
498195
769282
86547
831040
349527
640903
308158
417180
223442
412574
788015
283747
349523
982096
917402
167922
124490
60129
690089
534177
704022
153560
751313
302933
339308
627743
320913
470321
893920
361984
539655
356460
331732
362575
954991
302782
950522
329703
603768
819572
57799
846028
284357
837987
592118
728624
348861
565817
139445
996817
636687
30830
133552
64319
361349
723418
798521
92859
148676
350625
699729
803707
34334
621769
108438
149579
951764
514284
406472
944909
643435
763145
328377
676513
243369
815156
599441
251487
483372
536494
687099
949121
893800
866511
779568
170078
384827
774431
21470
282193
209135
241989
748404
961912
831819
525655
499853
970841
387606
826896
267446
741342
50473
16991
711454
63425
770160
502940
25049
316995
789117
300821
392145
942869
749000
665351
851657
336986
879751
517801
160719
1028
758502
777633
617598
604827
225636
280538
230509
259292
500746
125549
120248
49598
430407
433916
871272
638160
69421
542750
434754
878205
404226
692148
301353
466290
975620
178458
265264
366870
261885
522298
840000
497848
901182
787898
628322
909383
847227
47637
670187
743610
531779
640007
263745
835472
868058
759266
568397
582385
700020
987006
433727
985396
988496
125645
177976
706746
782127
231693
83289
555191
251632
200470
925990
839313
193034
316243
19734
682592
637861
168397
465593
653782
77653
232611
741190
790008
952436
284054
435712
931402
384090
709313
968133
622986
345596
880102
582579
29778
747998
690723
603831
356192
186934
278915
2163
191923
120991
277296
816523
896652
847478
964807
371533
72596
819413
730820
111611
586972
456810
116892
262006
138750
269043
745834
353800
574499
590296
466689
409805
671198
36964
760032
90623
831670
927649
241923
770205
490562
4624
113238
65336
155692
384066
915844
801370
723927
881878
242606
963731
409309
291856
267512
106721
898609
711377
636733
675643
763044
406329
597602
433594
155139
211222
4872
280421
723293
740423
555739
408215
497378
675953
26824
541775
992614
222685
631755
93332
103173
796013
902182
848835
421025
434105
898157
824182
262151
513419
117054
168851
70768
300211
888847
569966
859747
741255
34208
885916
694072
258682
251727
503637
731191
162967
729098
630213
483102
263131
40926
947055
782849
897005
245742
825342
311820
643835
255744
353578
462628
649138
774962
552579
84780
76505
195594
82846
308836
763787
775787
908313
677035
906767
839202
524747
336293
53270
410912
674189
787831
567376
923651
59616
256559
841387
984845
4090
885249
256361
902709
647344
99820
57372
739292
894465
420156
243649
99928
442044
192936
920887
314093
527183
589275
915546
609882
154286
272720
828736
516559
630428
979158
627408
142140
382745
925427
723386
246276
123560
719653
82902
79568
136380
418755
826013
589184
394943
518467
706622
63869
156990
501845
447198
967594
185523
375211
220399
173881
776112
962268
141931
322970
578982
828702
627310
766477
775760
524785
597742
954840
191231
774491
97432
366165
931778
594958
927239
456547
735089
761765
324771
120317
295319
517389
854676
863463
801145
160513
81506
969092
889415
255981
252843
935493
667806
748596
539520
864124
50744
340493
281628
68174
638513
200264
102273
23687
47030
564911
860081
350600
697100
872775
207430
7259
493562
786870
414510
267943
689621
637118
586503
551167
577830
308327
54547
376660
168185
955259
797080
603595
27909
734699
432215
921770
992755
61135
179686
471851
873101
150475
458476
28083
60868
950669
972793
61916
5534
571186
236544
414190
646266
977160
679218
177005
422465
969070
775543
287756
677163
492504
832779
734271
499563
526639
452403
942382
193656
130325
671259
675781
190329
186374
475854
798120
675085
309402
777297
172612
406324
175527
949660
569409
608861
625155
750646
332372
986188
754791
172908
76208
463527
124335
710637
151452
655198
133821
672197
504352
746870
794430
910580
537241
851440
132
367915
225580
771738
533395
693794
490583
366705
303799
823065
83107
126577
4626
272361
3958
709116
599732
49285
741188
280931
152482
526163
968358
447891
699065
907297
187011
201886
899693
69
679210
66789
58602
302870
703682
938784
237659
827520
199513
821514
361032
194184
707352
827883
266522
861341
379224
989827
669946
97175
243149
389968
940120
480719
124320
840061
847112
227929
560539
787239
256262
406498
783870
393420
581402
984355
735790
467026
110678
526143
45005
986418
66941
435583
930853
178303
174078
34407
290685
546967
760541
230581
322638
629157
7475
175605
48975
637711
878028
72196
954669
500803
117102
888095
323927
228249
641081
243061
773413
112682
549619
340024
186909
344505
326610
552332
851617
742051
681500
120683
933867
985154
564083
510219
629460
186455
129307
797239
589567
753706
151411
272188
873767
635017
952912
331001
554113
779244
480885
646682
584077
989369
432240
442846
921215
192674
284179
685971
227396
45100
973838
966948
46131
917707
42790
134729
77713
27049
998100
240284
623745
4806
216316
236236
58886
588666
165128
524650
804406
207509
272161
237601
455422
490087
935306
416643
415308
513947
645465
136958
116445
133374
892818
72429
69667
542750
105249
457226
607249
131917
987124
374466
800263
234565
517171
682401
723221
374117
270045
92908
718958
426330
945408
542862
342379
803353
463060
423210
764664
409736
711605
627343
161631
633596
95676
392010
3439
690781
95353
188820
770120
742758
964814
973676
950150
739273
641066
800960
134344
298095
814177
186309
547420
944989
34725
463078
988361
664114
732772
651160
117176
430605
457789
941068
237695
588171
16351
580094
655371
282158
641793
330411
669226
320281
382264
908703
514035
209271
173944
5676
214546
169468
165801
612471
178484
386755
773029
151788
558603
390935
859020
10961
24574
712526
840837
919288
304433
881678
335825
696846
631212
753805
814545
57578
343241
732420
522591
100033
932148
543598
40169
174056
643375
285322
374982
67562
276977
615635
502436
964390
431403
659425
397145
187840
133422
903967
244056
578984
839978
73189
47871
345605
944082
498930
469196
711933
133787
846919
378672
659364
174562
367266
423420
628606
510765
92310
216632
155698
249034
994756
828178
914318
255699
472696
168308
952881
486547
511778
817582
161497
96579
46190
382802
575178
805997
749891
750943
757207
287410
896277
228117
446672
33575
882088
583784
779656
577049
647778
555983
554241
220657
170634
796475
656438
954611
100003
710629
265605
314400
137119
217280
143416
17148
632386
521678
452079
482090
193365
283727
716203
292723
31490
317459
630777
499301
847443
168625
628025
453464
89730
559120
704394
184332
993468
909346
29203
120302
709623
768241
730097
151929
637932
295442
489272
358585
187187
274806
483176
174955
244347
330526
961070
690433
278050
399279
526611
405314
595575
336795
315589
650125
292745
441215
335232
419005
827371
852876
654233
849768
93832
824412
675239
234050
824349
436454
982862
2592
344279
659597
656873
992278
738761
907090
569939
774977
620425
180970
739219
204832
619496
481451
755106
450973
19213
1376
929305
381290
90798
876027
888828
612807
143786
635114
487965
63391
15749
925954
881518
54610
489280
25368
346663
458318
178836
279535
970832
613334
855307
764107
150955
503845
145660
484772
649730
475947
376353
870966
339528
789046
384150
424245
567471
209964
258416
493278
660613
638581
100664
846697
798283
402805
632131
475099
14869
899383
625903
849271
892631
410277
537212
234452
49681
34483
342020
501130
153497
253980
764888
962502
626242
129733
390457
482237
274150
660413
618480
129086
784789
346534
357706
282591
128666
577005
936372
744217
131366
248884
629615
192880
299548
256210
790959
628106
452984
868976
27222
723106
19613
901460
133512
632020
398393
812090
977706
557080
83543
532638
583932
210124
873792
97047
877457
951337
156239
714845
32679
147416
859792
628267
386343
554717
50900
156031
634746
146417
606100
943039
917061
61486
775232
647990
241347
558372
342179
95419
172350
305097
349364
335858
250794
477580
853563
88684
810782
596170
964445
697066
669168
244122
507783
511039
417643
559875
478963
506003
719151
99853
257626
565123
535590
971636
449462
245606
160798
434105
417330
374763
105544
478932
314417
386974
33228
743940
62072
980489
21895
486086
281977
69879
113250
473892
162941
48212
928848
732708
241197
917040
93092
166050
494460
940770
983628
677496
393268
996361
886510
660697
142748
47470
575837
936637
382276
574725
757944
199670
335469
917011
796767
897186
748823
391209
759443
994105
223655
9550
687721
980998
188661
838843
869355
474931
903600
460799
502731
411133
489070
794179
21189
502534
517076
899176
421072
905545
145247
697484
78144
195880
749836
606316
858171
447777
17770
560227
586837
454879
50234
369873
681355
107693
828928
563159
368025
909893
809513
808382
347512
148038
583064
752375
829176
277957
512271
940349
604853
857210
623030
730966
138169
499483
786187
382137
821614
865543
440103
505354
338878
525336
994537
576577
227721
968155
419649
609640
192194
687004
322011
411715
904359
390682
758181
263689
654299
361881
365631
344017
563169
669847
806718
120520
139447
279062
118365
573727
637773
994008
939585
822849
487392
971561
517224
880450
283704
589590
107565
523539
363322
281083
459706
231921
216618
866042
927882
776799
705473
872648
314009
866760
167463
918177
217259
519686
255246
628636
85814
925248
443114
812825
503342
355629
533392
191574
232555
347704
854954
419617
796280
794364
741717
531688
116666
282094
723479
755052
525307
456282
821056
588692
610130
174662
209500
803614
965489
36979
315922
18352
11275
970049
815260
697357
442784
75506
961315
596323
655270
549767
504118
184192
412309
480710
121127
128677
973839
710493
372610
32243
291243
42720
51883
33090
981085
397807
273747
891729
310275
412595
875670
472407
817806
872711
920180
208440
173323
134579
497323
284179
129741
254419
993581
129400
965305
406998
26691
277687
417198
353250
913790
526611
477583
563541
223061
402390
983406
7975
164256
391934
103766
768747
82480
386453
7093
95156
227657
637790
764132
958420
249981
626859
108373
507264
92006
36108
104664
353807
768767
261538
917002
14753
664415
837969
764058
793053
798100
16147
218553
794066
817176
760810
800158
224511
413234
555886
388019
177710
955052
952772
72095
220986
507820
83439
128625
518322
286450
69440
274085
532694
651053
148841
184855
152126
972346
909104
492353
79578
238138
192511
412274
873300
185998
913048
318862
182418
244722
745509
231932
893271
144755
562221
194864
279561
772110
507555
106581
971661
985319
982873
493334
87310
401891
431250
504457
320093
438050
388020
646200
438131
598108
644508
903438
636625
96087
527116
118363
316040
708034
535487
112772
803861
469937
161501
762826
909668
224502
199050
812789
369077
914328
542681
254300
617372
890675
258847
840148
536290
95724
260450
730611
813962
781518
302383
480383
213550
202758
318282
928248
327430
895223
192320
141183
870154
190331
136985
360866
663536
815416
736234
115589
437071
970586
339718
11566
474212
354866
120532
890220
825201
739243
625276
233573
905987
384996
623932
143099
165517
271471
177431
757339
438256
545574
365164
563362
496092
254564
115172
592811
430416
656487
363269
570233
829501
949568
337892
172798
46473
624692
253367
245062
297007
141683
387400
634051
30275
717810
330886
696565
757203
45223
695478
76341
167145
208033
741766
74015
364846
134273
267458
792026
555049
262680
445600
611974
795428
566687
326325
396224
686575
243981
718923
810196
790590
34137
995402
959744
445293
992908
698706
269921
234340
630273
782507
309309
160854
693949
46100
494060
36899
870181
432504
989155
870558
352
545918
709406
175336
449866
591871
257130
790843
621393
19283
719692
84163
396336
678404
793041
782630
78470
174308
699507
261221
305554
541691
532325
475162
489613
479256
325948
143265
104676
255880
362490
576916
254161
568165
507319
846190
910357
978949
672366
356881
45076
634772
743393
284514
637389
113276
441194
70290
35444
678016
772320
521336
366765
754280
219362
458650
713831
83799
444803
308107
71635
598264
76306
582894
479808
5719
995204
429464
70101
169740
890112
792724
760426
166738
635463
136704
859395
689141
103743
763348
666537
69930
366042
255683
361447
619384
71463
406329
329630
969620
412469
895429
540037
830092
569119
275345
975617
257625
214329
644236
479901
868055
8726
301352
427622
598288
845939
512383
691046
234932
975235
687312
269435
398629
998551
480552
554962
621167
147817
914268
672069
946901
763846
223539
34959
525574
197207
719264
409128
114415
892362
145260
414274
268970
708002
255346
544158
349395
238999
465732
720459
115323
508714
832236
532284
863350
692234
979468
525829
134480
80156
36775
877362
602332
399787
218040
724932
494124
328044
736128
644297
213852
714668
751390
689815
268617
993176
859478
443364
129824
272361
853556
367173
600400
679914
830601
117057
460385
313191
490964
639121
125214
301620
79165
660791
266094
599447
48954
972216
760193
305363
929364
774648
182630
392337
60868
291056
90553
20525
803447
61710
70072
568923
941233
935145
472887
830453
285965
803422
342954
676194
801314
681933
203552
97316
225794
250666
840335
492029
722716
549440
815114
445887
137153
587848
362447
497711
358852
356322
135932
197333
6330
282094
133794
916835
834464
555850
745586
348224
916188
353192
447060
124527
516764
246090
641111
767457
836379
899997
583811
697043
592898
584559
333705
744165
766955
556367
542172
31225
657088
487424
701209
101828
63746
758489
259169
341684
635238
443196
878023
737470
932953
967985
281765
457347
544485
338334
806409
193950
446763
37861
274381
489357
309456
623130
613828
674489
73717
357663
437904
788451
280542
33823
985041
259245
237684
120355
428920
443587
38053
358676
488825
329828
817641
434766
436383
717457
932896
835868
80569
454160
601495
933078
811314
518301
784810
935252
676927
315374
901571
985870
597361
425761
167936
151570
897322
868677
567283
174752
789420
806402
166723
970085
50957
417766
235375
413650
382919
908364
518835
973145
609579
772715
325443
964868
613686
666040
565748
907122
895292
440313
303802
713134
986753
293480
301004
738605
157415
189824
38628
69988
763841
286310
269666
969540
49989
61687
894480
831827
897312
539050
90689
321192
602212
651298
394514
954883
138461
878227
124050
226310
247617
414734
979134
256916
165509
582122
749541
824709
325324
494993
522666
940611
345210
307108
302952
19652
739687
737676
93168
452452
259568
581662
685421
281822
13543
238378
761769
171622
998442
68513
200104
118951
813841
124640
880626
862356
78081
138013
426927
92525
442206
164653
59562
415824
89181
969455
691960
975353
811575
306073
727986
647768
72697
805981
238045
459918
676024
876919
815339
814467
847074
773334
483482
864294
734768
776868
510075
943426
819128
624692
297933
631226
152863
799175
41992
740065
646444
330363
595253
384824
563703
657169
760570
667333
24064
10457
430388
779532
816156
990140
242685
104685
248649
37158
313805
459289
927331
567502
221500
220914
630256
837347
9573
174079
52053
88596
744871
691593
216876
849468
798021
945940
146925
808553
440493
241277
36617
564616
375958
700077
600469
530798
308418
503223
413475
760581
333027
946068
813677
352721
439066
419192
902827
912094
359770
19600
414660
567752
655915
113243
125088
456487
173131
980194
146844
130517
888302
613269
460631
429788
922342
372548
518057
350273
640351
535478
402100
762535
510849
889450
289554
89698
851384
459816
863278
106521
221776
18370
600623
162135
283449
757548
899470
596142
706346
25653
406792
441352
271138
6625
269807
491211
985930
863141
308764
549416
461815
30271
580031
625473
768715
648175
222871
378037
873083
664853
682748
507785
208299
727080
909146
200884
699637
645904
858168
50887
121864
996450
637430
845175
600173
938358
552598
303048
242533
186085
178864
814616
848559
711076
221385
98054
878822
632632
577087
771261
246278
973397
850971
926432
954895
693655
205769
187796
528258
36444
263971
806500
6600
265084
587497
955989
957106
351910
655053
210184
595611
149144
627819
801029
980970
587002
232214
921065
478068
938072
228302
959919
327550
298618
588941
5204
44960
746082
802496
392298
700612
513506
469779
924411
116558
507479
230117
282520
407894
859461
717019
817533
353232
295761
529808
272098
806413
179669
539114
374369
906074
546083
374472
633534
965766
669082
780567
677080
521282
510430
725252
394667
172320
914743
116620
195263
731006
405448
510255
966577
214716
155753
663618
901532
731688
692580
859044
515172
245947
131593
662921
345183
92733
221678
958450
854432
712579
674119
106621
805600
202713
514333
267096
902155
924602
896174
871313
897317
992508
981090
878793
