9796
22712
185574
624860
942210
432543
960355
656440
952466
926879
585208
639757
633294
550318
300918
186935
274513
905307
337023
520710
890542
517158
149462
157026
462924
303229
459855
577881
888299
888975
300389
873671
645893
926799
294762
792225
551887
875015
660825
645726
201182
530070
592967
335106
199143
393672
94392
172040
79263
550800
945614
901035
834433
704932
308124
763729
843502
359605
85017
995093
803502
336970
961329
592879
37332
363000
569653
805762
351744
944832
405873
524546
434687
492613
126110
673408
707597
334760
577966
653652
249850
293890
710213
713190
34217
132605
297288
510617
1397
657039
615629
942932
245743
128213
179058
7341
171587
355464
219721
416564
143417
39838
82289
573530
413335
769343
127040
969597
96163
353250
773596
355217
979525
441668
165097
235948
333899
494789
94300
981357
972551
938335
16943
517962
611091
688067
826989
715190
253877
933394
703405
184811
742813
60532
290715
918681
245579
66073
930161
562667
131661
647050
133382
710386
613222
170667
255229
727152
911947
817679
847518
632195
811399
31032
725441
243565
174846
996842
963814
315388
641166
118058
181090
752794
264337
19160
733940
483763
345279
793318
946166
355006
133681
477684
341807
564715
567552
700746
553477
746152
780044
412081
913936
174543
322520
593006
635209
38191
538131
547612
953761
17269
12402
558949
350254
165110
204216
448540
692160
947676
503959
846458
131218
870508
96112
868788
673116
190448
735799
505397
861701
230789
919154
627901
625782
127811
908960
6358
648906
795332
729014
250094
947489
401363
541828
11862
247956
108659
679223
195862
196227
939209
852535
437802
408009
115431
654257
88862
31185
552437
185135
849345
584706
979582
507298
701001
887638
989972
984706
357635
338952
931489
183628
734964
14508
687820
6506
498833
17240
167108
948145
565272
287872
105964
225412
206026
2528
408995
31765
758213
28178
305391
371532
133633
808191
470213
268288
434215
502514
160119
438434
435529
395336
545850
930873
55170
472708
803283
511367
662827
575487
962462
637707
198263
592380
387963
61216
377516
503770
82134
898563
1791
712994
591312
97841
633418
927552
17807
944879
487084
844815
576863
210467
749501
732685
482563
206176
238636
418478
471708
697535
484152
213964
441909
767592
884615
782011
328937
222256
819558
486331
178673
143197
546334
207687
502862
473220
657711
849866
818575
311123
499756
745905
494272
888299
147634
547483
651887
687077
885126
650157
456476
855606
158923
132035
470012
898157
725596
482689
879722
703449
498252
306887
475627
621575
896119
255299
445020
230184
487365
99552
267834
374546
662075
177500
457294
480733
4477
387383
155827
674222
934628
530439
408197
300176
175736
680
500776
626301
966090
620497
402866
456189
860977
463555
891446
656614
485727
28506
129966
879489
735007
824262
228804
182925
411181
762131
545533
112477
877297
137955
574531
992284
512602
274814
961933
420401
266963
231744
653165
171325
891557
531569
652981
905473
205353
678194
991367
677789
427752
235218
372152
804403
548625
926464
59425
75626
861718
983323
202050
479119
281379
668710
286098
221845
593915
375191
727527
89917
943793
21774
317438
374353
393921
708003
827496
745482
907337
992536
102738
611601
688487
295661
647407
807267
720752
644307
557252
350221
880905
739192
297807
706199
31846
265729
299989
683901
96477
286038
758279
850904
905894
938070
714000
787740
373361
660012
207614
813946
119460
521849
723658
281126
858544
489393
837765
850163
543183
905346
146017
210137
510684
144814
977370
968665
90062
272634
123839
755319
826258
212990
781921
679526
583877
828381
401303
47234
619723
446799
902378
310391
360911
869594
927140
203647
933207
337312
452912
895048
730818
515089
143790
578547
420257
612608
544022
899961
976560
99923
660230
420584
368368
294805
811817
819851
40034
338214
318022
948584
366305
421778
568482
576803
610460
166910
542227
299264
40560
535358
226659
3398
960222
536644
76573
291391
738414
246900
642487
474075
237599
762771
202267
768948
345865
371421
782100
35628
903761
588277
774290
839602
741513
548407
814937
222180
193122
125929
494156
30286
793806
894289
869906
404497
26358
701408
557155
640287
432597
483788
62833
95459
543664
434363
393717
80701
108274
981851
399508
963243
377831
688462
330030
134915
56405
414019
583492
293149
235059
881440
241603
935245
107719
478299
813105
339597
163103
880040
438323
294586
551403
947085
391032
449333
129013
945937
738886
342506
689727
628050
470111
947949
83128
183030
302223
146176
990106
879674
632149
755761
461283
297318
922028
110048
90221
298785
810869
456479
818412
68129
851458
56946
562884
778490
600833
468661
59397
367768
658819
548061
425732
752264
57192
334102
555991
979504
191977
584012
414892
944351
576194
670534
979846
61311
659514
116460
816342
625191
765008
398121
822194
79309
3140
416299
490868
536665
106751
185415
324466
20500
162655
747962
676053
333183
81315
402187
584024
692416
446192
859084
282655
147063
515966
515135
925169
695536
515298
288660
857172
236529
344312
523536
878020
556850
955244
130570
598031
472428
307429
894736
111184
534730
869071
401254
108102
875452
686148
145390
129104
372651
466071
505827
216455
699655
705788
265727
538808
904379
84439
467133
44028
584322
339103
240953
865782
274451
679407
443251
95913
601784
910249
687026
614515
824573
773703
606981
380778
436227
209984
758372
252370
749748
303059
536118
483576
804688
391410
593260
789229
419878
865998
646986
53026
150943
230779
473158
631709
886325
898753
846089
623702
24257
975230
711186
316528
658545
915707
924858
610839
12376
177737
932882
913842
892511
52567
235752
222725
573209
492372
916521
749159
955573
115835
20896
224858
752076
110592
800604
40268
286618
432917
122800
335721
457290
576665
903892
900891
209834
626782
304873
403231
964734
611221
865562
937541
735408
615000
21662
667204
94885
616404
439322
28279
370410
505617
550946
688632
681741
231648
736672
997080
901768
781280
709965
986616
728537
216748
384605
282951
974957
326500
991544
598552
450170
810839
72610
785822
154092
860234
741947
491399
657079
435112
626210
94323
941131
846213
804277
720912
605222
459216
615284
668308
304771
529621
986116
781845
353392
405997
865679
980872
933437
318339
406280
551764
727184
841091
465676
950162
390358
551840
905828
185956
214420
777218
695015
453295
99419
133643
350333
376118
425370
870597
94334
769172
49805
772970
361656
873046
37716
930255
81040
733170
461406
197421
331455
258856
469316
618317
169214
765620
928114
315024
36285
654381
843776
664856
384396
947006
571871
463191
421917
450238
380462
57074
434976
16237
377836
616593
813326
265869
298504
898949
556994
620826
937173
160855
294593
367592
82905
669545
82714
292697
816900
11467
821801
158455
31486
67421
934453
713524
402969
978652
719609
650491
50022
451531
167808
648818
273379
889406
637737
529295
591506
800070
525514
690516
166117
544244
286961
585256
869141
9932
831558
41108
446417
772360
423500
615894
462356
984005
727878
813989
217359
140686
865526
65603
173958
547460
214785
630520
745079
255654
747566
826224
491380
434499
375885
664179
432146
711737
329460
35900
870330
593192
750181
408121
252252
176697
130443
246814
91844
923269
176867
620454
44997
415843
516792
325672
830609
659985
365318
887186
973802
186173
572352
451204
797043
922481
797869
247819
564704
590490
242093
916472
945997
946035
868314
860701
290858
800339
137610
23395
752723
130127
786928
771979
352893
931853
775522
775231
395404
290854
44597
675924
200898
295223
600068
689439
853075
73093
816080
879473
887060
205834
777089
684208
467793
957344
511307
766803
876541
910345
90284
435641
12228
628121
884689
440807
123389
971840
480536
525212
505595
806520
697713
121363
65731
373383
555997
928213
149143
596913
581273
141816
180145
311806
21012
961143
891404
269603
739995
715759
989595
366544
881941
191156
661789
623061
653418
35982
40904
434802
573568
747027
576674
851001
302493
366626
68911
80354
575216
860665
233605
8747
52843
195700
338363
891562
644169
551651
914560
210609
470061
258886
328199
733788
185835
100200
777376
689657
734431
962325
405090
716757
216379
747448
553797
71839
465439
728022
582924
621243
110497
523745
454175
242726
52716
714810
713911
949377
771844
628038
962994
72700
496359
590124
582406
764960
174671
894760
608658
803064
652565
136975
603408
394653
466031
285599
567719
450013
809882
595266
857629
631816
866515
879456
234794
793942
465150
906653
251175
107128
448106
29174
229797
801466
65900
973939
770139
898449
39400
396426
875255
153415
323886
528592
113877
10816
250112
252508
858445
139175
267378
368122
671271
14522
404074
328393
506602
834096
455111
198194
858706
877891
41566
276229
657183
417501
519328
818929
507850
642723
147031
971104
538963
837976
936527
133997
845237
594736
834705
912899
636091
228978
308491
622227
525420
114312
221579
701169
609698
788262
414314
680780
22201
907541
760069
570632
889890
109275
317543
15034
146967
589833
95683
750783
335913
787233
782940
813945
876469
187297
723143
287528
176757
148528
978696
664160
838258
648996
670042
665772
87383
689454
762315
481344
720482
795363
787203
770771
654643
862823
718565
79969
394055
734264
212429
887419
399166
117652
47034
180809
533720
265864
433029
287070
371966
928535
873679
446518
296253
175619
698170
161871
310925
739579
540686
860192
719
948064
717051
991162
209366
762549
388606
438458
927581
355300
693660
926696
608534
652967
640843
181872
317538
524633
671344
248187
29468
554522
534211
453992
655119
213272
496399
185644
284232
582785
411286
136963
372999
398338
356050
507409
636687
926970
532565
576090
269469
950016
508370
148506
481781
453901
283508
930755
298327
203016
551340
57617
562193
858605
100552
785931
248238
803800
971007
150616
762700
621684
349513
375866
380491
271291
790379
120108
723553
115560
56848
260564
784075
919105
493011
190821
374814
483706
244250
652693
296700
122120
43996
194805
493986
822468
99010
726258
362589
441527
19051
180774
231836
274888
807050
931804
538017
764479
722347
275487
619730
872437
284307
186621
997356
983194
823748
509469
125143
216739
393055
845242
917588
400078
20324
9723
353490
935251
259093
607985
871200
793705
378682
783468
520189
212017
635005
272122
897164
546883
621365
324861
762276
890196
570688
721064
428995
417409
385928
735766
167842
30010
333609
36487
630883
744654
109993
206647
319399
544398
142693
648733
765820
855393
953229
552701
304755
431908
280326
593834
881680
835003
143918
410012
931739
943289
538620
973353
261076
238440
880708
706532
833155
857909
327578
856783
444205
490107
52687
210301
835619
326826
254807
466377
397044
862355
455947
833964
865154
350996
389769
781887
945650
469659
466233
487374
57981
8856
311211
31701
68772
504195
599964
39130
410944
728007
268440
158950
236663
825802
349433
672545
912395
458714
351821
696521
98316
89333
12181
321359
566766
865716
785258
64782
436533
506390
689723
494505
288524
440741
683313
41087
322166
984199
454707
895245
716892
174500
610181
419297
233796
56494
21131
894135
979106
232657
492972
708338
550089
988089
820562
165304
723450
261563
36109
174762
117469
322913
806295
237119
643021
847317
906866
897724
80910
811752
802606
93458
360154
754752
280135
219796
12696
636124
85290
387027
292206
726277
962328
487639
625965
276244
196772
365373
123819
194266
180630
558184
123375
370991
187378
771237
610116
87898
446610
818143
231088
637658
881840
123131
807103
672399
350464
945681
811832
847752
107258
835400
509297
336426
679221
69261
233726
169657
316591
418992
453445
452230
462825
90459
478189
732789
116463
636719
650549
842154
219062
492028
111137
765712
109469
441693
819470
921797
471766
276783
207527
60774
51422
131820
269296
659186
897448
620327
834560
631005
988696
157158
896972
856500
185770
4695
13213
583271
943475
4145
257124
428920
867264
142376
229028
724351
986139
91468
819405
571735
901804
83583
676905
314153
206907
975633
520495
293970
360211
654586
957173
474484
192130
188851
570755
392918
580094
612337
395651
293561
86434
705791
437268
67192
616917
202103
590525
336410
348939
214364
276094
21432
878117
345943
592899
378821
347828
448396
658482
385855
841947
283161
775651
676017
414610
728683
749871
514530
305479
401020
525537
342238
400223
729005
137994
990
488410
799867
831281
290454
296020
271649
724966
395804
553063
411146
458551
629744
418990
569778
124540
444844
982373
759896
780301
670409
49836
484194
278484
643467
581738
826317
591933
645579
229134
397454
707914
517343
737393
895050
992706
628455
812183
357807
521033
978423
658261
725549
122443
462556
201420
510357
232146
772557
670931
350540
930488
435760
399411
795563
454454
843077
174923
513399
432090
983155
277460
825464
687191
860845
553151
352760
970871
218689
713403
957849
708459
751037
993106
970963
364227
454462
725363
105034
872184
492886
174410
143688
998567
466713
733771
63900
417433
754948
274639
701646
131645
391435
843733
798589
314423
975934
50921
955416
158225
792151
259618
962229
493455
421730
413764
158289
297761
684169
244870
670501
609778
797627
265903
218273
846750
534969
604890
268423
592960
124413
644632
968359
829672
685447
291252
25395
197932
113029
5649
485182
242006
317022
21040
157910
513275
108699
711630
674938
177067
665266
607018
574266
561732
90417
96932
72938
346017
338628
538113
255874
705456
140002
82827
842581
313825
399386
849558
364524
703995
7670
847005
710271
293577
969353
478154
780815
545009
61722
574036
576930
52580
438637
986499
42332
600177
247530
685391
124535
777013
69613
106598
765983
265453
328681
350861
148973
402092
920697
619486
775805
607591
629189
912175
991150
399982
925453
293459
838773
624949
424789
303610
645470
895633
409133
112948
267489
951294
195228
983122
821341
938396
157353
352173
32948
560315
265029
118720
176386
918411
461336
523632
926522
943734
600486
992621
241567
37385
364958
996784
234204
91405
585471
136228
491970
442420
792231
830945
821660
701999
316538
690131
825391
90013
28651
974329
351891
766365
450666
640522
609192
134788
804266
427698
907255
55914
801806
171321
411367
248351
713839
629765
173657
423611
598156
997494
878496
22547
125071
669103
270752
374664
912952
615733
973058
701625
109225
578223
992401
15448
262348
929037
381428
774554
338084
109125
119240
845128
965743
274105
585753
750323
999989
385653
671422
683973
226737
145236
348302
237874
165464
774530
93570
220492
142730
720923
75817
69174
808724
559986
240578
517488
331936
883375
195577
867666
350522
978384
787649
346836
103423
774992
344714
495113
612260
790052
463904
625580
381280
766882
261088
978771
724472
823677
417687
580928
563173
289451
695480
89431
165667
51047
755450
735593
347864
791506
898764
781614
675487
196597
162742
344978
307441
831969
320653
741350
557616
262519
181586
403063
403087
659076
334569
356092
854240
233156
928561
640681
51387
198344
596100
98400
959496
983410
406732
486343
288490
557020
203456
137076
533576
964056
281530
379333
441
711378
663351
349005
285260
251794
546218
563177
96561
149598
525373
3248
969414
961404
144677
157576
329026
931605
301152
704598
227832
279349
172238
288845
175049
817071
618409
252008
307881
688734
31779
822642
978700
760966
957851
364866
779948
784600
596667
540613
609466
650580
932592
228595
905566
512201
414983
355108
898221
627960
811041
267835
989223
645719
902163
926400
609321
366321
273180
84940
349749
391082
645699
802013
352284
935073
213197
84810
320390
71726
136216
466256
190814
35786
524312
505226
911196
659854
184235
726399
97840
322708
262362
340182
887432
976314
12206
355044
27134
890309
18285
190374
916065
439777
528688
739146
443743
319430
787746
21479
637644
978615
45015
415246
182673
583781
919494
458232
896883
761776
46053
778846
54591
772685
9119
785128
721104
358850
272501
439165
507644
102926
739054
591609
554721
105511
648572
185789
968903
626331
803565
414175
542386
651352
428426
65602
373255
745159
927440
91265
879640
727314
96584
944901
754446
24391
482181
342583
764146
140948
878202
288718
461976
546162
206773
829193
588904
863967
612732
728953
176202
754819
562819
480630
501230
425396
179590
763954
583925
541077
724361
477866
37247
286553
461418
949880
976210
983461
921631
806662
971491
215188
164946
70685
328581
957460
365526
279643
49579
451437
305732
903939
300827
837602
2295
341806
296370
889712
148960
969120
813710
655027
271174
208438
376027
300904
770269
509435
378109
760013
567234
329177
8279
330469
605969
487532
664310
684888
836196
198834
223134
898550
796584
948191
461038
803932
568157
106829
536178
815407
956970
168209
323397
221318
204890
916457
721185
759204
125047
836881
479237
531682
74625
106996
131713
975276
421387
599104
725857
702626
372531
519314
810740
87710
290172
112017
352952
494613
30730
245398
151011
658006
897337
588809
989712
921264
814617
429511
157061
44529
179210
996543
244957
666184
905969
358620
961751
450764
534548
795164
897849
674261
338136
437696
859490
870408
250196
424604
936555
194865
13841
956814
550649
956937
254561
416395
984611
645270
196824
999573
371706
755697
226860
616009
534457
328867
77157
168276
555402
581161
526080
791238
193075
165463
397158
174207
534171
290009
246148
369733
436541
817428
235270
440952
890856
275947
490037
324188
757360
397213
978859
772566
418677
701387
174191
477106
250381
415191
166897
972065
337169
868713
582179
611584
115713
839051
546033
555027
758933
717236
324639
180304
687201
470818
429054
231256
746851
73440
227915
540929
956204
928231
999716
722702
285033
194209
716904
334976
285198
935496
845866
591493
914846
900397
826128
79119
949529
734037
875278
283136
405250
640190
621115
329985
439307
612415
691469
168050
895903
179149
76854
132987
391180
612826
362842
858817
138188
353879
432683
197621
685998
208347
602339
941766
686054
846364
742173
972343
572589
272345
770449
31947
62358
14234
44970
323548
43759
717519
312646
179146
794256
520854
767881
406161
681795
858136
831710
928180
666383
161298
948812
898966
616035
506162
536944
476775
362844
981207
335453
492987
664243
571515
712332
162038
837638
37485
172353
651620
384641
369718
64573
217125
973865
104606
677210
521797
364101
919047
891782
392298
32617
717942
541214
968871
952928
574834
288486
152237
770677
944133
515107
498784
340510
132255
130774
809736
124998
551578
277781
946014
417974
579801
138247
258630
806431
794057
632443
134493
649926
762825
442661
802087
700172
92646
874039
960171
879833
572927
545240
27419
598181
440200
697092
563307
730786
799273
341376
213250
83082
547910
991672
397582
829056
813402
824631
721970
965221
630716
71041
374939
161850
757828
705680
575856
642669
824647
687018
974567
982466
237693
720027
188789
355871
229508
564756
702813
48372
646013
888672
665386
368901
70229
63999
374648
844565
345310
910177
266860
156081
116827
63936
305283
353046
928091
310746
143944
458431
308348
8906
678239
757327
248657
694402
155647
318360
73822
147239
60989
118662
67264
201097
383683
744812
804457
851966
754911
712296
322505
914266
143288
350004
522825
76940
170587
870156
515633
984152
398067
967480
958250
416813
999959
272949
621789
759330
829694
740932
905721
408466
646221
172238
213908
5264
941713
908210
64873
979209
908872
106733
153856
877685
824410
193701
641067
728121
671845
84690
723116
579165
638134
614729
884
854309
351635
758695
301254
526862
959285
477846
987898
801126
608531
389951
380830
84744
683225
96460
49271
457395
109303
529304
641253
189255
188566
561974
531428
184859
551462
632859
600687
576765
758355
388521
530559
266503
14998
150360
396209
554650
892904
358659
294981
331258
503633
582093
606146
249094
148382
594414
326967
691922
814256
987294
306589
283619
148849
386204
713177
589574
167586
91227
694941
445517
898128
94410
28590
637287
985318
243198
33408
170395
487579
31679
434557
391585
678411
972396
543717
294557
868388
820939
210254
982713
572343
471217
107341
409885
86510
271818
963181
125134
831837
595398
423836
53344
430321
529825
342566
581913
595717
834445
338520
165732
51795
81789
659910
850735
545415
959504
324969
11489
433839
965208
391392
680187
252495
586951
282583
402250
895442
711989
429573
108934
299418
176273
501135
389387
381624
112097
547338
439857
82167
760695
98654
886282
443347
484594
134534
264055
495111
205294
144947
765223
767940
652937
332240
97966
314237
241043
103969
357949
765087
123025
835396
243012
310047
555694
832090
723297
92203
407359
233343
955715
281922
88305
553588
707488
456415
465746
510366
889359
344336
217016
641448
123650
542630
64274
984835
917220
565957
964425
240781
448011
123483
57746
612175
827418
444782
77907
778785
270838
856461
531055
193000
264163
952488
747696
737408
775802
239676
762000
986740
824265
226278
452516
710954
509191
126617
794214
813660
347762
283819
969181
513601
53575
835081
207851
123466
227741
968267
649459
896712
780575
450275
547428
567146
822692
191342
608103
112356
815533
192941
960417
617644
432122
565709
657637
52254
479241
414690
1145
632512
395244
982195
647491
327455
485958
911534
453457
622104
789538
470524
814914
237235
365231
443119
158867
873193
805020
378072
159753
720390
972108
992950
115384
66985
373174
626569
955631
597801
932892
287044
330625
95890
303334
864864
901744
428173
195803
608077
930551
75421
359739
592259
324660
441414
581179
978423
943280
42376
122141
733610
218253
45193
982636
195803
280267
95824
473361
981277
554294
705453
560597
917187
127280
266615
585652
91255
465878
403629
500570
65578
47506
44286
967549
837157
322173
850661
621782
822463
364974
691563
838653
565415
974756
908240
153952
772321
251468
563012
231071
585102
656047
270672
56584
226211
938298
158098
232682
239804
410731
377381
637592
240073
872342
397407
465148
212966
121489
121332
693460
397833
333570
51319
700366
449877
199171
689793
798780
965323
357935
674154
965300
386720
632908
50036
286791
734697
854101
287432
155612
357426
320482
610712
48040
410671
697974
792035
393292
861450
22373
208983
538314
118171
569120
95824
220709
584310
919967
453119
963029
850909
397673
96806
347044
896662
273603
937919
56040
979224
9779
948412
59869
402335
489583
264362
986462
491295
880103
728303
806720
451733
584876
307506
237580
92984
449851
747289
133142
821454
126186
942701
29438
770716
103342
487515
473987
906422
360967
454484
863423
842868
21832
782803
719107
789317
856199
905150
681359
404445
304029
49830
291758
627914
235930
870505
128940
264548
182472
413047
533173
95587
847962
518385
259532
180747
754866
336045
230308
67330
837836
154134
805983
450306
585674
169649
678880
746601
21532
852154
403087
258797
640459
985260
943720
252782
688163
325920
808448
849508
553211
531725
935446
596535
971810
381742
597458
76846
935592
672385
836957
718207
721478
245291
372508
107716
492075
847417
811722
226127
423908
751425
697264
588820
393766
87015
20164
91333
43579
69115
24284
696187
837895
353984
889613
498832
754550
836488
863076
967561
271941
123642
687040
958320
155561
679670
65483
94721
771679
903247
269203
756218
566033
441207
427401
430933
26658
743672
750164
937554
454742
83806
524307
495661
907233
928563
609390
242543
235531
259362
886807
456353
898364
866429
691811
583579
243370
452890
265983
50170
291164
93144
834448
782256
978777
496640
917611
396277
910002
524166
943342
599259
889065
776046
279097
424895
523837
224779
160396
434651
249363
137762
451967
854841
389442
831022
591640
718978
469499
792829
861324
922549
961107
718584
286101
949747
303535
614015
519020
678134
447179
742771
49252
228066
803431
566861
658787
996468
638222
878571
112125
400215
238852
850539
48046
339989
449995
480880
261236
281578
968210
624706
828231
219893
911867
677458
868406
359048
849479
805338
210847
441502
990881
790499
49227
252716
150852
116192
599844
536592
105481
238520
232339
190566
413713
933793
595002
691386
39627
164072
881739
205143
733090
956621
415235
471486
862918
940618
518023
762482
563734
687156
174233
696368
418087
523771
504247
977661
199348
789132
529424
255255
851874
355541
194660
306701
29613
704296
494839
637866
738933
72761
172465
913549
320543
894658
862357
570836
231273
620998
746012
347575
312910
226865
400749
585841
432082
197470
696892
268632
101099
269811
475900
461006
265868
952423
877634
945104
562063
720740
974328
104363
99197
389063
522234
686671
494589
323717
687312
617852
113240
82791
949513
750105
610277
132341
659184
125283
169814
742705
831214
517954
404637
966650
806139
916920
268028
271634
546178
377010
935208
766137
951249
747969
201049
359096
565882
627874
267377
956281
410889
289465
70662
545107
221985
849501
170638
19172
144181
389004
889126
687064
392096
115071
702847
532550
665314
243097
638053
804857
722616
399161
776301
537227
60951
361518
229307
265965
791172
40330
913709
694084
626835
193103
561576
889198
429626
695943
878141
868387
417744
49840
26743
452278
980776
680467
838467
176441
174276
42101
693628
998912
907384
368935
692371
371390
239133
435576
642328
200141
41838
568459
930343
390409
216578
264963
822513
731227
302694
219802
98150
261780
65302
497105
401532
98159
793496
935618
212703
24377
67830
554577
69813
359756
505686
827329
441741
844087
595767
267811
521059
630649
985610
133736
452946
794476
490219
85720
944279
411199
309370
105500
434749
875036
30170
725685
657707
738280
190790
205519
553222
402792
384907
554160
268484
500161
22054
255371
258574
109464
67258
616305
479889
518936
576494
472103
552418
961873
119521
724690
784907
632958
28171
447695
348663
101279
342449
836191
918709
172997
295428
589951
367020
556844
919767
707158
112092
552770
140731
902024
555916
889478
105018
351208
593686
553676
932972
276426
54283
912477
800952
148598
625156
954938
401003
55544
573638
226753
911854
273556
230097
775977
811815
218262
401733
356328
725103
236936
229106
43188
426795
131070
749051
559013
560521
395595
82853
960953
726809
809750
786498
656306
357893
995270
79412
644570
223151
990234
7712
57062
682278
709398
631345
81721
710531
336408
177350
953023
441574
987657
829305
677498
331337
486639
363161
574077
370334
981875
533508
471433
476430
670457
466869
925724
493704
461712
252608
357291
397755
984696
30131
948395
695531
16650
142936
716077
830345
140833
294807
711953
890845
478054
106168
144424
310431
891895
894023
241834
175334
402356
71824
804560
92984
436646
653258
190544
265408
694603
936656
439155
927773
857026
943242
34004
314071
690063
170666
176119
548972
825740
271059
807235
282249
160429
406164
892381
815956
974318
954385
672035
307494
975771
142402
219458
502358
634428
416213
743477
174000
222170
217199
888986
931397
540594
617744
34290
794908
193270
682645
766645
743302
20282
616726
370064
556111
991490
317423
313660
492433
288677
909852
917628
984226
890717
247870
790451
371565
586606
751994
390495
219614
596721
933761
447350
957623
370941
79722
403483
515328
762288
745083
996861
658011
751071
382278
500941
767861
20184
550384
458906
416665
280912
780685
749066
650846
848238
797927
281655
398145
448819
21982
545123
252621
324356
953705
369562
316086
372373
776442
868067
450630
671284
42816
33634
788271
530031
842182
249165
25151
228451
233401
75273
182001
611363
854790
336160
711775
938689
557538
799009
667285
468412
504675
191125
993794
129478
342795
438809
905800
903856
341478
825629
105010
558132
591945
391095
674501
835231
838458
577381
310959
787481
725550
262110
545948
402130
654893
770131
612904
789515
216082
792839
901423
413566
548014
444423
193919
380075
124877
794504
920879
717825
232080
781853
795337
251557
764473
5202
656738
181921
562758
279912
676811
247532
856756
427244
465952
121106
197924
363894
278590
601856
564571
218171
827793
816366
351268
521488
583498
350185
503312
808252
462512
330364
627806
822200
931534
96378
955445
526277
356234
682219
322573
243882
286294
697489
984238
998281
951935
328149
837521
570525
219939
7123
924642
882067
601984
189887
765479
921409
641767
741234
253306
676935
158735
837013
37874
376449
231621
165864
627488
512870
698433
678640
680565
696832
828693
792571
221569
401800
307006
541585
235222
385629
612189
747001
374923
948705
153215
157349
658077
596208
508632
589627
59631
579774
821263
72640
202482
246860
318899
521251
867039
523463
375755
29796
192481
378877
331978
170015
222417
797564
537761
97657
529241
531401
141487
369638
941753
376762
651028
137044
394152
622257
715939
818743
410770
199669
430261
667890
350016
929198
835547
423775
965142
331517
8363
339131
969141
603254
796859
314673
267713
146043
479788
934081
82876
157302
42782
3981
103633
769266
475457
292160
947309
539799
545291
660827
601992
932416
770630
966045
453890
968442
938369
77519
346408
783644
940966
868521
706197
339518
844652
361636
940213
449175
798435
915613
848741
642551
652396
732067
612854
123037
694155
618141
898257
611830
885077
854107
196724
401715
265411
869175
106907
352645
696489
161255
235129
166648
803008
460323
701477
87017
506335
734317
520722
873509
188425
247234
25207
78752
537247
170267
278029
768591
108406
294944
742839
718370
66883
128042
113211
884066
624243
511987
362542
876066
518360
152733
956975
701349
574077
13467
823753
771020
574490
235904
520764
530234
743075
298530
583381
821638
720507
419562
965690
947996
257030
144124
87810
849969
70299
463805
685825
104864
74456
315909
30241
442342
964369
245731
592299
610678
380000
98823
403685
76282
776288
623440
322454
170280
260725
966643
282533
206588
869442
937348
595488
648599
119998
867172
574296
974964
1441
675592
802601
526147
439928
1697
101143
402340
974296
124973
781395
732801
957679
30490
625246
123400
313141
406354
700101
954564
720770
999464
908874
300567
612410
680157
838115
623766
551011
905038
238043
251265
292695
701758
148247
809309
867989
884156
529715
930160
29425
333809
266891
355673
236140
658120
741206
713417
221406
840186
220076
204706
376784
439157
617256
817834
530598
69800
421288
702187
573305
529838
531953
866603
78083
765844
327152
31108
273267
576328
727579
786655
827617
532449
751606
884049
69980
549765
468978
268050
197854
981243
587824
294293
921121
444174
430819
202889
853770
975706
942226
153388
953476
139510
432573
968583
453352
829182
288087
878410
978648
139323
929586
604740
311275
767217
330041
407806
703490
895750
46998
985333
246201
969162
422196
324403
684858
715239
327198
680969
223211
324454
902662
439915
507719
686555
78051
92392
878986
200815
432689
112580
654918
510792
559516
758452
179415
333431
553653
223652
901181
53222
690889
239348
566619
911517
103183
523678
816181
613503
606590
995148
725505
283048
993021
169736
407826
940998
96546
853486
602524
221858
143430
392130
411747
696957
73922
82398
306949
264789
107336
423684
768672
367815
773791
204562
116257
995086
942396
706387
164138
142569
812346
29617
854943
241179
375031
438217
106638
245388
374282
860375
972920
851469
741988
36944
564736
576505
640450
41359
629359
114806
180876
975591
235106
381595
399822
786007
918289
262892
529104
973019
332860
563264
510483
797791
273652
448132
46955
487886
252291
754840
762292
69129
399609
876951
411890
210740
775892
926516
77961
162538
385483
636927
954069
144080
182263
865031
809319
717639
607070
27930
392285
660987
541726
863016
38109
615001
487155
450502
326574
143773
246373
804942
372274
211721
150161
652451
383236
593713
524561
52754
257386
158067
536395
264916
928311
325829
866899
566640
892416
924391
752126
600381
281080
837303
523268
780869
475307
904803
439889
800774
147987
68088
244840
772370
87130
827546
634932
842774
297773
857037
285997
212535
91898
418607
33699
309720
467270
966600
610218
537336
397932
411706
105315
603577
137973
211411
929250
127227
525137
137793
800193
17767
462576
810341
957568
206280
110784
102208
985047
44243
195
861002
812571
250119
264716
733601
298504
347887
104597
983582
172209
53381
256128
554436
523393
204401
81705
374226
278765
588590
430052
154296
196088
995085
376024
70054
323810
560020
470071
656447
660334
412926
471705
115692
246159
973542
380596
684557
358574
340222
785658
951115
585371
879737
698639
657737
536717
189257
337958
464953
928535
275458
568439
194507
143658
272350
894046
175551
616065
905242
668371
314460
992557
852733
967810
311417
738109
243640
799175
714808
777929
523753
425352
340691
673307
615674
943214
80846
593339
536230
376000
65996
905366
722524
120286
443326
991626
460092
149464
586038
583377
795390
356713
404121
987527
210866
232979
726131
253209
33441
761176
3109
277324
550291
720082
7993
28711
864426
159280
18390
916543
898220
280525
492943
924317
279198
347566
86421
525837
338123
459992
864461
473990
144292
509452
134717
349937
65857
403169
735327
397592
421765
614716
850200
630828
685728
890285
315970
643506
419695
547369
844581
652236
386046
976608
992517
334432
468781
9147
462741
688039
74864
416436
124617
966612
286832
264593
212233
897886
555663
17918
617153
110508
204361
981638
385557
187869
550261
644398
341426
547441
374315
52206
664000
15319
40512
206220
106676
570323
992685
972183
859073
823755
858510
481470
243374
111855
989318
719627
826499
683779
667519
269375
558109
183819
988303
958538
368865
736786
272182
687847
266701
33430
729412
418578
908906
242259
408216
128935
108190
531306
964930
147352
688478
593518
976202
938955
769152
214988
125578
293902
777774
439508
247734
230072
274102
194408
707708
774173
246271
993856
666246
257261
534743
505815
893021
684649
143143
26293
740903
484867
569672
178970
209937
13010
408878
929540
592455
419247
144578
565341
884512
693679
360718
277061
826072
448445
511954
362423
302581
416146
366771
884762
276554
297812
993043
784550
679193
599816
847164
406001
592915
767350
905973
898774
208828
234264
374583
688448
524650
742334
788921
303256
545260
894657
551336
713417
709128
974049
682611
626220
818972
361150
871618
516949
640229
247536
284614
548665
680222
578115
24107
423930
231488
277970
180843
563729
723496
838270
813500
251351
332247
369676
331177
970160
914643
145433
918591
532629
986410
685114
662238
388412
541462
594612
227503
362661
284796
784916
874996
915523
753807
798189
721594
885766
92306
420268
854252
427521
487418
680665
351746
369021
239537
690220
219286
745241
201399
119242
257239
743260
92835
660251
953942
315097
161416
348360
145342
263678
364594
314262
260897
930425
268880
100442
890925
340486
596971
843096
212221
687001
639636
271996
82187
568869
404829
366068
29060
947016
618109
472168
494388
20179
414743
819799
853857
773497
879444
676751
332147
450515
678060
447049
749456
741069
884612
481694
645638
612017
884914
240874
351778
939534
676444
26108
213085
29060
604926
577718
632886
156079
870858
164104
866331
405230
550441
996867
75969
453583
641760
5533
308371
579544
291342
573888
484550
264116
833361
772558
824779
715385
972617
3510
750302
662546
146228
770412
777020
792398
266040
198152
133553
20996
991040
55357
754639
165216
418045
990580
414011
562703
827086
846212
607393
202819
993723
14224
109127
602019
605978
75838
537279
611795
827284
588624
455414
300507
927426
743520
887210
865590
746481
62716
977977
816185
956804
364124
374292
72286
632313
336444
214930
753261
903940
803290
876961
190406
875735
805710
27415
690317
10243
191425
527399
962674
933240
227083
859247
177884
151528
338413
54125
592881
194698
487975
999570
232004
591227
883256
670127
423388
179710
673392
987532
492573
669284
165235
526296
232598
804487
5900
368570
342374
344240
449387
874117
238987
609240
834493
27851
601288
741900
849318
82184
882355
979241
468126
124159
622488
929991
508837
450851
351309
395187
860644
789995
263892
522964
500898
144328
614758
374510
149983
615603
237154
393797
562257
93343
829522
465689
255992
680398
820310
695760
898720
994048
870127
243122
702131
906438
812330
251342
77112
247732
907494
753529
76780
883380
758660
643638
192507
12663
751915
919345
671771
321287
395637
963110
238342
704889
373626
63711
200658
723518
79415
367514
449838
84056
888154
160905
4091
893481
747052
575538
513220
508966
920091
929719
766748
935083
801827
749552
490451
422377
414233
416884
95188
103802
345556
229431
879646
489685
256440
681421
541917
402717
692064
429837
982884
417492
673703
607632
485834
73516
87956
891993
255582
936958
721887
641167
472967
135444
817444
957029
86397
569184
97763
939098
607262
82192
840178
729052
106222
244473
328576
347464
823918
943536
976966
97740
191383
491704
176780
112238
246643
413397
362836
241445
541145
161279
39015
791653
161539
897010
994619
962168
561037
703394
831358
60936
885261
755084
3778
618297
783369
390248
108421
432691
68505
522363
445467
768765
391322
924808
412986
353605
966028
866854
865250
107580
868169
70893
782247
495262
785379
270730
26460
385679
513688
923634
965342
231841
887092
286516
325498
565810
358916
12774
372412
509106
820850
14401
752981
991555
483074
208137
430696
712185
101736
889700
174961
761793
934339
482061
64466
238493
956922
206432
549372
88077
984754
192661
879990
688202
314089
71498
883661
887147
317810
76984
195225
316011
44749
104008
770727
14082
593442
2622
970824
11439
827290
589331
41397
655767
752410
498209
22621
987783
243293
883064
638989
854
10989
996942
257531
746662
553406
872210
934832
343369
881383
236961
861583
927999
674814
852050
683141
914974
688718
466220
11983
896587
672888
217655
724771
963428
77667
172784
865852
951552
120097
850518
973765
895310
571744
228321
724897
220122
841865
233938
347797
698286
725816
917925
744339
62869
501977
847652
74788
928954
580443
805141
720816
625200
324052
461844
281965
719755
725489
315003
858914
287659
678488
306621
153303
379928
118940
742162
92699
181897
876700
955276
787825
390655
76089
281225
988761
624078
912113
496833
395766
420796
673245
78143
673249
207682
803523
464045
277385
912752
553561
180360
433668
981740
245591
702066
102583
90138
14391
72166
415902
336216
647756
707270
294905
514080
368188
526736
744852
285009
696348
960943
194609
987975
654438
969902
448211
508646
131033
122567
954921
270390
915950
754970
203158
89192
405362
447801
114585
753783
1797
370720
265182
671466
167533
353986
612256
428214
57879
692734
722233
922240
328940
486704
598855
630079
121932
170276
590397
501952
817258
736486
383939
582467
232772
506421
136459
729795
481853
917653
593266
899923
135128
54980
107406
399652
520787
971076
908826
546851
226654
596951
645883
57919
931318
98633
465006
210440
924963
239015
461841
68403
580938
349965
935563
586618
580784
597661
185176
445984
324812
618828
238708
443346
807110
482262
125731
596841
779282
336850
703003
404492
752484
471328
714319
569395
474767
617662
939674
370054
992190
207162
331716
594276
769357
440002
412851
905599
785093
632791
70704
215652
524978
624928
677909
945112
554211
109147
50705
966302
654334
801198
278424
932502
695997
156188
409577
989695
832777
976723
75645
733725
388977
434977
871305
367222
354823
820231
864112
712246
211671
414950
875977
959410
29829
660502
890568
167049
92546
967318
816523
531559
112619
692445
202883
752099
898622
373647
113405
591624
523001
542411
989964
699313
476497
468193
116117
903822
863435
404513
533751
667715
930171
621646
477845
669679
705367
513522
466049
465801
646647
688523
489926
386727
213420
840419
372050
454937
698042
240317
951358
513650
331571
504683
397052
322982
136497
889149
506140
623567
847151
153876
659771
849034
61189
139348
267592
936126
651198
33976
466036
284605
411031
911679
795318
344066
909143
866372
254392
835098
404677
859243
116065
185760
528907
370743
781951
885665
163301
846137
73105
807326
608262
883235
827055
819119
173703
184699
515863
158340
141516
427691
373077
66375
919094
559221
977934
122461
1854
556419
431977
494220
830068
922204
516505
764406
615061
657779
79435
686340
721474
93978
254953
65758
663395
284180
69193
620694
572631
117703
254646
252964
188566
718032
677529
362636
930342
273585
328643
400412
579446
838309
87769
496145
608987
136532
520924
383770
558436
977314
182547
222196
938012
65634
726488
445044
361819
356585
591485
108899
414537
106941
254617
917251
764721
51883
648498
167536
290365
944951
465032
606178
222292
70638
657980
911055
671565
145944
345883
514221
14990
383818
702284
824533
658309
487767
406289
140675
275970
376423
889661
560634
66288
421343
388723
321668
679727
493632
161430
643927
341839
529932
855890
376212
107754
804578
947270
827369
345630
14251
637069
555349
720677
762093
40360
648843
689491
190845
996169
364912
262636
403217
260862
655295
357280
541299
771001
136908
83877
277906
709688
427366
693806
59635
938453
750741
336141
890757
409004
834882
674466
46481
728932
889014
184511
250000
65948
538875
887386
299670
696884
207839
714605
389101
808437
699542
976494
59837
601758
728319
208102
615718
505484
871231
705521
644336
191621
684810
703569
993242
372001
393920
946542
525711
30677
428595
71214
347126
818077
342983
567341
618472
456389
168435
64729
696701
355349
321572
861229
206911
435159
684736
17416
763136
764806
484231
615977
27272
703829
649302
696266
514086
79513
257478
793494
623783
542035
46513
80711
26085
66718
973652
725984
43575
845297
391824
964100
734982
851410
344011
279730
712831
153176
809075
846558
355940
81691
47395
616940
873405
115130
129182
480843
23085
896712
263031
630892
554783
658899
367123
288286
529759
579411
115527
881160
908997
530284
314907
745346
585676
205472
60912
676560
909248
198420
83581
883579
908694
953789
668725
924494
156374
250151
211717
50602
869171
559330
79225
569159
673467
461577
568702
46983
171177
795632
996738
944824
686680
374697
567224
429223
165906
964275
340535
957147
554823
160512
227650
955765
965337
364578
419235
277730
476628
347281
522864
302394
427835
74459
485743
732664
816445
358313
34454
899734
721223
879657
808747
197765
390707
71709
960074
663494
414110
128832
34117
436968
480214
621328
877477
457822
675826
713085
455695
115836
634365
822124
253634
949390
628298
466280
477245
499925
751851
727782
496253
537375
60604
606323
385700
977154
336154
953724
18293
139701
561202
235705
661372
713546
277876
804728
678411
320780
344421
22274
561246
953393
395284
849195
83680
266300
887780
435579
416839
733746
159176
818740
994714
250038
158030
363648
336083
916867
798162
817977
182047
909510
810579
477716
114561
203094
72802
452459
999127
803025
404022
658469
401653
15828
994781
59652
260270
56022
489037
700682
628081
867041
397465
230409
881039
359023
828991
537414
499290
318877
763997
928393
67625
826126
168772
704004
894009
149023
690917
53597
205678
707586
878504
394842
101303
720249
187804
606312
829199
194033
365001
768520
389343
396857
254624
715415
635200
338269
533332
12600
338143
593763
716162
615392
430970
172705
750347
975869
427590
262393
875714
881924
393843
486963
336513
273366
436743
220213
102550
795662
282727
230689
228571
968873
399413
913931
837923
916307
144146
720086
789904
573130
238084
414058
155650
372081
59379
513939
102634
871155
568846
285177
451580
706962
263115
290552
816899
974347
513483
763164
803342
152552
228635
22202
174920
304290
776279
475053
707238
490032
959849
206828
80953
483888
611503
871301
378275
679217
13115
832760
102822
991579
499187
283570
568088
378363
514393
219749
631155
435375
962213
438848
395720
921067
476303
615760
628948
661285
330921
896499
953259
165987
821160
697652
504401
323871
941443
345928
56552
908307
729779
275748
325827
185895
906843
380473
923672
247477
676738
885389
301012
43253
651003
831607
422473
96202
274726
967095
314307
771816
472399
553776
518456
741088
286323
939458
883165
583369
310307
929928
303573
175501
413186
150955
500868
779789
504489
505441
874050
200626
752169
780422
242220
395473
400560
325269
514452
440762
705924
10307
887704
568734
969709
4344
659216
426650
178352
543851
40609
544996
606325
980568
313519
535248
415818
83489
922479
364992
405376
812735
199898
725798
511539
700195
132541
863607
731816
762861
488941
934959
491918
76487
823704
807866
181415
116640
389111
681350
363072
726401
663840
896035
280412
292301
484152
59347
356719
554329
15622
882548
289094
84133
242914
976583
739268
912567
91340
562716
583878
595411
415385
629468
342632
631897
801287
535027
723809
120187
743218
363288
216137
862872
718688
559226
977020
883386
214071
157640
683926
851625
306190
650845
844061
636330
184800
385863
227263
826583
412573
188082
646064
712604
161370
225526
201013
299531
889961
303290
639551
514845
441796
400835
710127
767750
452515
418397
486456
400692
698285
947620
972323
536035
414795
563887
228587
958367
596503
440282
488776
509080
723827
741615
562185
951835
742455
796849
94490
298355
335746
366020
423078
548315
440433
266236
92501
273374
112238
66304
603894
171917
784096
185818
796857
933021
750272
841887
579731
141082
293899
710134
868612
150796
117011
125574
232565
936293
734001
271296
301882
682275
401429
522054
128248
905608
814142
967990
477984
531380
537605
61784
473369
745180
407059
829856
177660
844841
997554
631967
122489
101999
365633
268941
405975
798664
254146
175019
668184
558733
68621
185176
643002
415024
101031
322162
332762
64889
527918
362343
286516
712859
567787
758167
642245
755890
570890
293095
633233
551132
337957
226597
843136
216689
958332
335763
962852
652064
961153
910418
779030
277927
281168
517421
730878
244782
308668
189310
21296
897985
90309
467201
661043
816361
872293
961139
215134
182885
423817
584678
419996
963786
78301
517668
762894
549364
397504
660029
203151
207016
731351
457904
165523
675272
622973
25330
117736
931057
728920
220317
70687
290101
93447
578808
279940
390960
13431
354079
169224
931849
297109
272975
798144
972295
299870
35600
259398
620749
902290
841663
353725
120948
265991
993463
40371
144195
787161
431260
534431
402125
921471
901315
6665
684072
636089
390849
600201
367173
384037
687439
252711
324337
970865
399831
418466
590567
177835
322206
504844
324239
250357
779277
201682
801495
891796
420189
22682
937837
306983
659934
23621
35798
23732
635429
329940
996654
469598
530768
44326
384700
605683
604791
691807
365041
320226
571057
349925
163389
157001
986688
919236
183119
971245
988250
488049
68711
80963
102165
62508
833177
663339
155630
617342
550624
76796
471669
793698
557468
321274
902297
3520
678953
540516
396428
768276
561822
639786
612178
195502
472479
699900
252012
223954
370527
940798
661339
472319
475894
750040
782355
270349
702491
581673
373886
973743
889598
598427
874985
21528
354565
228049
59663
915387
817248
378045
938688
270954
876811
28303
851374
267040
804064
734600
511444
641242
201302
667565
631875
958751
285594
726678
73483
877089
668552
5350
163778
492796
845126
661269
50356
756635
786301
596584
937063
157946
771765
400962
299209
981317
230284
189972
934968
462816
14163
347825
793710
530496
641286
882172
915976
879094
587877
544322
681969
98892
69043
258404
710255
391176
578378
316205
824394
804302
367001
306434
995348
854625
195004
146039
240474
771402
750070
73982
335525
204113
71758
243194
140205
235880
452035
720562
771803
467880
557420
241249
139450
583474
619185
884778
752569
321527
912608
488232
179103
285524
259053
957859
273036
691797
384841
989344
421991
481051
442909
734416
392489
460056
403427
59240
472581
952502
771233
890064
337843
445079
885571
134709
234648
892152
481685
676921
108052
434543
69914
152074
695975
936723
373259
326224
887232
32826
779119
348544
820900
694941
225811
61134
529080
380504
977511
419839
856043
640398
393909
363932
755522
693226
834879
115778
50945
367040
724211
897239
759411
403665
502093
78423
266711
687917
713865
248460
373479
593715
394564
54812
982021
397044
346671
829116
419973
598966
509870
229955
769361
538836
973011
960601
903549
654467
919537
239438
704296
648495
978528
721607
410891
474371
942925
859922
165217
515912
357243
395995
57267
382565
827930
727352
388223
688389
66754
487967
433348
45462
958220
801911
770605
310189
339021
131275
518487
25862
306416
515227
72385
224873
872687
712205
928079
476073
841966
376961
869883
314311
642548
897986
682713
200627
266886
252119
823749
989810
379618
884346
23723
11163
170773
808736
104178
169659
386106
952375
606918
174616
227535
993134
805888
272787
632181
741357
344692
793190
568836
641318
828888
685709
545096
785603
589260
439874
546781
426687
727050
667744
861090
142801
399148
592169
823453
806402
768980
160931
946475
940768
563963
80477
243938
337483
880026
307663
35909
813868
367470
913311
548067
177734
844972
685312
679948
450148
727297
925813
249841
62130
20228
14196
202839
512232
557435
515877
929656
844769
44231
450377
296694
106570
197869
252792
422908
957685
748353
124803
959347
824013
219121
771000
131742
38052
566763
552131
520915
856809
123692
89521
686743
381877
509734
100688
229844
370756
145805
797427
187641
65665
411007
250834
619503
632505
428238
756493
882931
45234
782123
903569
821588
309141
110192
832211
853643
582214
436041
391610
315186
641428
702592
537753
116835
263116
181925
568154
666862
712552
754966
811446
514934
807909
996849
280288
679336
19762
308563
245441
251993
487684
148363
151134
619580
490758
598048
876247
519292
793710
806971
165961
115260
577387
72499
213906
752617
258810
684339
741748
937848
211352
905802
644819
191425
830290
317967
850136
289848
245944
434991
39288
42692
15920
424469
423823
382589
475750
927604
518310
128455
780129
652084
930259
55557
56305
734006
179072
551932
142149
120070
747012
67206
380377
634012
282989
353008
394316
191695
939295
674992
389519
934103
822165
875270
450426
847741
240838
115757
679673
873633
44068
600830
553443
662247
180030
229986
193579
672064
180166
245362
35375
995152
303788
359277
825262
603841
855272
93909
112087
815716
995991
40358
815420
935039
737725
650164
246245
686967
775593
778336
279361
532123
788598
399606
217399
162314
928237
363238
13147
787139
289096
118622
642813
544455
717714
852608
880859
885165
935722
821445
588534
82946
45542
456302
245378
718746
171411
601186
300470
667192
968347
718313
665604
613205
990848
376451
532771
355345
540932
501286
387911
939827
714539
710035
617330
726942
902296
330452
504548
841427
968404
801236
247022
579549
754734
631194
487525
253469
510844
683748
313137
647346
56703
625372
179845
166788
643429
128825
20521
349806
655143
528309
993971
670854
913683
1382
900180
984970
147620
556988
684238
1064
879053
954838
145539
687785
736789
349313
468969
309244
495323
7246
606874
383771
789051
907534
883656
358812
301577
996972
828366
97110
469882
800936
856993
50862
164003
720044
325093
836477
952345
873548
808540
719647
614903
233375
812729
51867
551293
380596
476691
187562
961685
471667
852789
834022
572210
167890
841170
614801
371089
24176
553494
981310
21281
929041
690391
689247
467711
585463
97642
133101
504218
798553
198802
792814
583478
956163
74516
599590
402572
505993
701414
350172
924558
448361
869573
259143
556743
72316
74534
814038
453537
687513
443140
900889
863553
255623
145752
454543
563404
150556
153319
85772
871053
791222
734133
696391
306991
529109
482327
796158
173284
465620
957094
761158
856744
312194
296144
800818
401760
251873
293960
465503
6940
10107
584029
551771
348540
581339
822376
870192
172270
71087
743712
603408
709397
535352
827592
940830
590149
709867
731911
617303
221867
251432
703384
546395
820362
338004
788440
307932
395616
694293
751740
803618
743591
476585
855205
587960
82167
940963
417996
25654
253384
453636
515864
817324
232726
583090
240655
85544
968989
736407
134696
205541
260484
28377
276414
915344
896214
546545
122465
187063
190699
104747
838151
898449
179813
297337
451488
114212
626646
206259
344263
875479
624383
245999
787028
467796
730035
224441
281550
704025
25947
2351
563390
147612
88018
14524
455263
465625
882160
431087
337841
502393
475876
272055
252268
234784
20987
410557
653970
376467
477693
675358
163293
988293
107574
608067
796248
861885
278546
396639
612938
139685
51362
693829
482828
565873
730619
185892
105916
553705
322429
502688
787594
550485
295729
985933
947376
240261
731212
94730
622078
464186
25873
553976
972627
69300
976018
841494
184040
307865
523158
335611
57926
663423
571222
260526
520472
863574
339170
515109
775387
793653
256865
912345
228465
815295
692981
279810
847509
347762
323773
24564
14441
661388
505524
423126
127596
677977
408694
201723
834439
120926
715427
652830
178950
389212
254044
44479
991332
55169
945259
459924
363327
425776
366527
728302
268394
685483
514068
355498
462497
457819
918001
970063
82263
195133
862411
598667
748588
6696
761991
563141
690426
523710
753885
768734
44303
722223
167640
612234
511605
463077
490426
272964
194732
944144
355580
355635
854521
231822
152370
866135
52119
418933
935181
233391
558796
312577
576250
346539
761943
370901
399337
155913
670085
150831
232
673423
996451
917805
349613
342884
148494
515830
295666
528650
137446
979527
598715
160059
249185
197850
905523
233824
656060
973300
740724
336424
603084
624652
434662
702411
242098
891027
337151
221340
203308
546340
580520
142020
575305
140298
793152
719456
44277
683752
706105
634873
767922
22985
188384
619548
882919
985221
106875
972694
574866
687756
212811
675022
507098
294674
778353
532543
25728
755159
318125
935120
320179
68946
978561
179217
828802
410681
746548
261716
158316
228592
724978
365606
418259
953931
633105
229225
826255
499458
165358
13967
782111
866480
339062
423989
908091
558984
697729
617305
372421
255189
864344
503866
876253
953707
630679
983883
425620
727023
428014
744083
934264
90688
790081
58148
787853
212609
504623
32181
491357
310533
183280
905631
754855
867157
870488
310640
829747
576160
569912
172144
413701
403712
725028
176686
845872
297829
296334
110149
540737
237280
505169
54960
568860
459278
55882
733191
632549
5983
252513
223702
83285
288322
417125
210328
333420
529711
741845
671765
195845
26512
808828
260373
419653
709965
656948
331904
137901
974002
462794
181267
92176
617599
538882
890241
754974
996685
883505
879524
789470
994520
869513
512222
764730
487469
61554
647057
352308
877681
196434
928246
172727
105547
243119
643422
82824
150959
828396
576963
708443
278536
394864
799946
783298
823106
675428
924696
91648
909169
705562
645198
795708
594145
338763
553698
472273
154299
680185
947419
365826
546640
291763
343081
500619
784069
674423
39262
521618
818011
843249
407117
516093
278106
865826
946046
463581
273114
303004
530123
739463
991790
229673
791450
489860
242733
448140
560950
576926
786910
508639
70156
693915
968895
429787
98944
686470
945906
292406
883690
235560
209413
519399
746481
257814
473053
82501
668865
713188
794366
21965
291500
488183
68984
853314
20379
658360
249073
739311
19118
98085
350028
404360
450360
13633
638068
268015
757264
571180
275911
106642
918037
459917
616737
869041
760450
12779
708355
62589
135978
942235
965984
383196
618960
971604
507268
613578
934565
82910
188129
922009
92446
310825
255608
734105
705074
721786
809824
269650
938733
307392
509238
718894
763380
308677
320802
989940
386966
248576
786689
853295
107466
968583
738804
652781
321291
745633
443781
282851
468557
149050
264305
972078
202586
422960
720214
777396
857230
457674
249786
601897
581547
875208
947253
177645
419290
414997
299517
518291
655487
120921
943628
718589
799415
339243
38192
828451
13617
95332
734126
352242
566758
953934
319124
563921
167414
514620
986266
682110
81376
364275
352180
91543
192158
779526
400119
656693
683675
229183
679973
443507
371986
70329
894103
167756
394820
515851
575814
518818
584726
123423
583349
873499
653316
360800
774207
833894
27718
260177
567225
936028
385982
862395
789315
626817
804570
801663
846960
699625
464460
10377
349583
222967
846371
424869
904534
887169
303494
738347
128554
172495
113037
698582
863502
57858
897468
650739
636901
314578
597917
781877
611365
743344
235769
875813
629914
583818
866738
128822
424596
321069
143168
828599
729711
520324
182150
103649
821757
513342
356816
916240
26386
719054
744108
38031
597995
249740
819938
572108
88379
363513
475729
736746
969364
80671
888615
987637
955566
150167
384572
890673
264664
673828
634124
293195
126584
178365
124879
940849
127616
858281
718775
99965
205488
43522
467717
280716
714305
271835
629385
405486
134389
664702
423028
698742
798713
625294
378139
465904
396979
771339
542091
41074
208366
991028
175427
324363
408223
266375
276626
561433
532116
976100
960782
496183
823160
290960
438254
498578
930757
399764
481669
106141
609542
191877
238363
577947
871944
362911
825322
867545
684701
396107
866610
745022
624332
159552
266489
69306
160536
943813
483683
877404
494123
230997
591145
448704
536095
520923
161977
443685
329898
518812
887402
331229
956835
408052
288091
531229
3445
936824
526631
864436
152351
910075
164422
528985
882085
150252
690179
508637
685783
267676
204757
684799
346043
10270
362781
257694
824089
290119
809339
151689
647716
164949
75021
577202
360704
730604
790790
262786
81972
840123
76838
229574
287022
335614
805275
583622
281453
915932
426804
76598
996559
430640
856190
815814
313335
602213
584637
702868
944410
3194
197961
568577
282151
780645
51202
201953
589904
847124
113137
848844
738106
316622
46332
143442
585021
736248
260998
568267
88536
211508
521889
971531
70388
426532
235760
875317
203411
300812
145950
888615
513365
257109
64181
877139
435687
51182
2332
40813
644872
296781
819056
50368
682809
555732
595005
398876
618305
887438
156441
829418
707482
496408
813085
94624
779708
113884
956225
146959
342211
413689
544211
538393
555007
790143
554324
199553
493592
194134
491439
939995
213020
804350
279382
986402
99175
628784
26171
122344
308142
135460
378345
22888
278952
13868
643580
580791
886233
255870
826627
534617
827324
209423
142320
382128
373260
620698
291962
319824
601647
492863
479824
883885
895807
559625
485753
426230
770679
202952
505996
426427
958519
22685
409097
502792
28852
181396
950995
408790
292479
827499
890507
542615
545136
251761
913098
90992
793071
241674
344762
560323
381406
266831
627794
523433
727398
536914
6764
893119
713565
29311
494020
931544
496785
617309
522191
473936
494708
609076
924534
832384
939428
979081
379181
3853
791957
993349
445684
272475
675933
906548
218282
63711
943067
471465
387401
265683
14149
407102
82946
386882
578445
110392
502710
316995
408624
158538
267982
2242
985947
814576
325047
112761
830522
201532
191101
166847
404446
50670
955651
496503
386185
69115
716637
679913
905049
382000
890634
346157
334863
489776
798609
401667
556028
289049
51766
643136
494727
759045
435609
501155
987229
180461
536876
202822
701813
566183
966159
661488
395903
927824
942538
545351
15336
849540
346470
356579
358348
906890
276776
364285
509049
167117
588715
595270
986652
451397
755225
866388
641931
553717
76294
174199
697582
510093
831657
314474
981963
748207
620663
791013
3756
650446
981918
883919
589870
784883
136859
69201
353961
272602
553592
350726
758647
468665
626405
786382
637475
118368
381298
543618
644976
905659
231719
704578
159747
505717
134977
757929
685805
91831
411849
571874
955481
783054
615825
99092
906255
377003
453454
738361
557090
599619
28493
912204
576124
634199
127316
956193
938180
618638
946902
631246
395561
960382
109329
999047
361806
165257
717576
278472
244946
524580
561176
845099
949499
742067
828666
75801
963902
670224
646804
719325
751469
751723
404348
613908
80381
683979
534538
774145
596915
297331
654104
55485
89323
871711
930009
211531
510789
617645
323987
148874
755564
447897
759994
906627
968964
688481
268650
945954
574384
462855
891137
860546
895997
945653
183639
766433
948206
130618
653084
997235
109348
175283
508428
24466
996330
245061
837137
821010
311259
974982
709365
791987
548784
444091
495617
307248
777834
101756
342135
421236
372376
581172
275561
454636
417030
862981
384437
737719
317186
632904
115934
393466
98892
193138
230023
333521
955161
899602
863566
472800
317764
557814
646466
544519
374482
25069
30851
236916
184416
900648
667957
866066
748139
369018
438560
889055
281916
940607
146471
218587
296878
791256
734179
153308
131805
389652
912092
543166
208493
782378
25380
775992
906740
686307
726351
49099
678725
230100
687570
947859
134362
343369
19127
270784
952797
592702
134778
672926
46547
516294
485508
627728
902374
917839
374977
694491
232653
181181
325024
764702
831450
619570
957222
27808
740511
230063
341807
852930
658174
683604
979971
311123
956684
925635
944657
899586
255969
241379
828747
130862
880383
316352
970525
757722
759645
333840
11019
987516
38159
59025
582246
122292
436051
850509
641706
828698
883450
854655
784631
889456
957168
469264
888362
960950
439211
959930
846040
936797
374316
546510
122790
989267
532789
798352
130952
240381
37064
837632
944980
856259
102359
387956
484482
953476
697357
233440
811203
558955
377527
477752
558330
428249
363793
627692
113435
539906
89769
930642
479135
709780
592690
609378
277281
629649
178728
737882
237656
187710
665050
52930
656434
184819
192985
171658
545865
104403
828667
766735
247492
844182
19084
356540
902797
293442
959315
823245
758506
982777
775868
203375
198138
8299
64999
18756
114127
718059
303884
284802
330338
103135
912712
464187
725623
681234
451721
853943
443726
479844
205459
216445
851907
849569
45932
580977
887235
34030
135786
150743
704811
482975
451991
222710
141310
882406
160510
756503
881795
50599
436437
132716
36921
582823
252614
397390
608632
998370
480284
86879
986726
818747
225798
541071
678738
13966
640139
903993
845872
911778
485259
242157
865714
465018
298094
966025
289599
569482
309995
544256
568978
742343
918263
739709
286514
705495
869960
73632
293193
928040
126852
567398
957604
528348
835851
824552
124678
678178
112222
206458
283817
775584
753386
800628
552210
206796
527477
918477
819855
997914
158948
412642
277904
566928
39142
727703
199904
695989
656129
255252
322238
17703
976311
906225
703196
292876
971732
237292
630579
604001
613591
782743
191105
851566
984763
565263
299105
984282
958688
369446
945413
223707
89819
326050
399121
254021
661335
136863
357271
342724
813926
866639
828907
580517
344616
852706
853795
937038
921174
440001
571949
452878
14060
97523
826893
321487
249009
801379
220721
415080
354916
582969
953138
672655
600388
899108
878633
421100
723516
571193
406956
139848
914474
691253
259428
840548
976971
329950
920588
704358
732356
917448
629064
89903
111375
592116
846432
398664
754816
927187
474455
808058
43763
420456
793260
86524
469397
783179
319212
397703
333195
68361
371570
248710
82178
141417
787325
889577
413652
629642
538796
633689
542548
885864
796760
363782
300150
765821
963598
610459
283102
992964
90344
97363
755459
222936
349318
921957
360064
595515
239470
134939
607671
860723
811518
53185
631330
522575
284682
164600
347064
417160
490774
187050
470263
195650
906545
744856
311188
339506
923500
643662
655293
584089
973878
462392
741447
825454
260885
518799
727225
2073
519939
720044
619828
991388
816675
697853
249021
370316
533790
900437
293609
59901
923871
910237
329124
62461
919207
340968
24669
406774
10637
331045
4370
576567
791190
917677
78707
634764
426412
943164
547894
826633
555967
812669
190583
174310
790069
89214
309577
314564
995855
586691
740445
118734
897305
57334
486989
957115
533517
451260
902790
340335
932550
847970
48336
28993
576540
588726
901628
420951
509792
894259
486249
444398
695733
137172
171698
25782
477961
396105
120823
532890
303727
301703
57991
129949
607451
535418
63143
905632
114489
334294
914497
365824
108202
821259
748204
698076
58651
539543
139732
688692
257860
187829
751238
38381
286971
27443
157019
89009
857330
693025
720126
181939
377107
567205
338267
230224
294966
943980
721701
719185
68541
63163
79684
21645
429965
844323
772186
206955
872873
704339
313777
246085
690796
172551
68483
205673
525155
27743
167716
295481
818821
808330
314832
450674
98256
661729
162509
941257
575616
385488
286716
863089
341998
627631
538178
410170
463044
839151
122381
484243
910425
887279
223237
385840
103469
402926
148561
459207
361346
447963
151491
88628
158037
478857
527201
559036
322744
422014
712849
281070
740365
788907
18912
26789
13665
25141
270895
694699
987682
242801
822394
790456
586174
866415
790278
649560
103194
245101
851367
13994
407724
7597
684715
16964
845942
774817
545383
927476
319904
986818
198812
100385
126320
233279
648709
594513
461672
311443
764031
256964
109628
204271
930965
917053
727150
631063
795111
884256
229512
26633
977655
50615
641141
950487
775953
22222
123965
700310
849940
742847
581020
996015
824096
712968
391549
588050
136286
587992
108056
378443
390822
551337
66213
442349
34769
587334
346875
141610
153373
718446
257546
348101
978678
197777
718833
313694
970535
713335
845501
613164
911837
760576
991807
281162
937363
783750
311689
637096
671583
124318
286661
855202
187289
684990
345969
793709
34531
546296
654907
739117
732058
879524
599732
389605
489240
426717
255668
536326
589218
753634
256587
336744
629493
921436
19807
11350
239656
445502
611239
199363
303230
894920
590659
703451
345546
145703
725877
709429
57471
721527
821376
44644
60308
545192
260315
731949
811536
393598
837458
255186
620727
848370
892154
58381
959313
204598
651599
814169
241235
287766
669484
53353
454573
414394
506917
387196
748271
353736
269316
539848
15896
654822
525791
671891
774973
339933
19026
368929
607955
997529
388255
87560
944601
263693
460510
952479
514212
942451
312226
868309
225992
378097
391915
439966
3232
133847
301057
351303
959099
714181
758003
865963
324835
619306
744492
233342
248459
463655
102126
168902
28308
353873
561134
888234
560764
429589
843404
524835
708452
175479
214318
422223
432572
417203
341816
369188
698701
127876
418281
910657
966754
107842
502869
37408
298516
745638
936827
225128
49457
563497
82626
945695
144136
146699
933909
640829
698452
656048
149720
328795
968579
599717
976837
833483
808481
697472
135464
988801
208870
96996
553139
128174
803352
849891
170687
626157
222238
546303
790112
721750
618659
574281
816931
495153
784739
331115
424550
725253
448214
384129
204884
271822
457973
456161
255292
66892
464557
293499
548430
305976
537311
558172
620593
423506
883730
54349
891523
799381
37686
899928
428718
982220
228310
785770
28899
953598
680281
665684
380727
368517
756916
517548
290134
744829
834800
659920
739688
582487
120659
605066
369150
840077
971374
801743
75897
301424
349762
564450
512760
575325
285392
368278
796411
317006
222140
623856
995737
827596
973917
627434
889050
86146
462180
838228
768434
505454
556262
707798
33115
329456
447943
968592
29005
759173
917381
101858
4957
327245
939486
125319
35823
285768
529823
555036
339289
317343
826571
429631
914006
960095
40996
189650
758436
561664
108056
84127
796731
285988
732619
407382
930794
97243
173437
849969
848847
431395
881112
595192
145266
58413
24729
769696
199486
699482
172440
248207
960094
541573
85685
436027
236657
298681
775393
367792
853993
647491
930950
849392
702853
736995
494804
900916
63400
809052
179306
942353
741910
878251
204573
413174
160972
353940
657191
413266
278585
221463
296431
604306
207708
753154
105840
422216
788283
854944
503049
824423
392445
902031
77729
924779
252517
383023
395445
412565
522603
950518
462528
296276
402361
773601
431686
613312
234047
189061
168572
597631
29299
687748
121431
181578
287080
910043
489455
434762
884106
145815
75216
78748
686196
568295
895966
329588
580974
659277
905250
35741
850886
744559
409397
583646
499273
664714
142855
716857
138526
200582
844557
991949
882560
399524
267909
916891
886103
574931
594791
251941
96369
309666
909033
840562
947041
670481
587183
332911
596532
894976
811982
335023
301005
10441
28540
165139
839900
418857
189525
110981
434623
802841
767308
42206
702261
105659
115180
500712
561275
44144
501258
333053
187973
122630
789578
883406
407706
617487
415882
81420
763212
361966
380592
237715
252680
15113
389591
505670
826562
430308
573641
662261
132483
535599
444568
307941
838989
707458
695765
718313
479156
800718
543606
79065
722374
168292
140243
19378
793573
216161
752139
133706
808310
238774
917379
161966
466866
257168
278542
55577
848666
448872
630249
301651
851271
735208
602845
176741
570207
596920
86471
504372
175012
996197
979956
915458
297510
575726
305638
983420
721369
454122
462900
339264
406977
702681
450381
426416
208009
591429
664796
669612
634484
806100
65736
569775
973931
352365
491795
746312
813620
489541
739362
360626
962179
406469
857243
915282
902699
661466
78698
408142
761069
169624
942175
415621
225201
698124
530097
508014
245011
681116
108582
712400
634708
143197
170314
565659
4977
355698
