4122
80850
803137
58682
645016
416241
212628
220422
959862
684563
389260
284954
414261
528152
332273
362246
12450
501593
760454
341431
376264
644213
740786
260821
530595
321290
157446
614476
808444
18816
754667
62505
880870
253631
629929
465754
346259
95617
826198
15128
386707
512449
586265
370656
381995
722579
579994
228764
282830
193613
855560
132449
689722
150691
93830
526610
55986
893137
2867
206369
449619
495089
520276
162165
118422
692460
780640
436712
735201
954381
934568
964263
777546
145905
964450
390269
144105
599899
360593
264233
821848
270052
296338
606635
519498
87055
859460
940254
214213
337018
788501
304383
996669
701681
854502
717835
854798
12701
906202
891399
644310
199834
407552
557849
420270
61990
672090
747220
51779
406901
659850
949009
159060
942561
92440
990776
886282
158014
512930
991966
917231
423244
201697
542408
653964
206981
339347
336142
859940
836887
766475
550107
679046
539052
205585
798609
346515
609764
925943
765321
980493
811556
601721
954872
637719
146504
915088
723373
332879
450292
326227
104694
679044
908808
665354
999971
355862
370545
935185
239970
571625
253212
548262
37641
819653
313222
35023
878003
486798
661360
38763
804353
261914
830830
845203
3202
622260
653533
736428
983213
468909
877236
856332
457995
351001
282292
746182
152818
82989
766201
491988
586859
422707
821427
134112
690101
536999
8110
395695
968931
941234
49676
836522
226400
947392
86421
67082
46355
351488
406245
937760
307933
89783
288708
794751
570559
588866
427922
45575
577881
995494
771297
60750
432461
11989
286173
612780
387970
804544
980582
56867
131653
140371
698046
912809
562313
439186
228382
83092
546767
539022
947555
883169
495329
971523
184294
763553
481336
982801
107241
511169
245629
157781
194732
485300
793452
795172
608800
740479
91925
108004
528563
572641
140157
736070
118282
945884
12577
649507
621261
734820
661018
201202
686619
511075
758172
690788
91806
211047
271064
402780
876282
165609
501378
309134
38431
147131
486317
841459
288383
676493
437649
449254
144345
62235
167023
415198
502578
114551
828171
429193
681765
604334
136088
297665
579602
809434
129074
957229
581810
835716
633349
425143
853067
92467
281163
578661
232190
539669
353010
339159
99326
636873
902555
184412
693083
225927
676159
377968
732860
445869
313260
426070
478956
207143
979757
17614
810507
374265
955336
232692
45541
724268
818849
523637
338847
650067
434812
311534
149133
610040
909664
585186
471009
306152
645974
437912
127487
396952
755793
771791
434923
359795
773287
343775
18660
78273
359550
395118
952266
917237
840066
699211
494394
239955
530898
407018
838714
229884
734522
388605
61840
832151
898523
690859
382125
167134
437607
965231
840263
959874
757449
724368
499076
80252
666657
179320
306770
75058
341229
602804
898963
78594
673283
448455
573750
435693
357754
572075
935969
726499
23337
10149
248266
981863
197511
320644
798949
170462
128626
428085
872887
903034
662603
881350
678282
661373
152766
181237
580409
318316
757727
927412
892779
581587
913072
765244
696476
537583
541823
454155
49495
715643
630892
620156
685504
257946
83977
81793
759117
289565
374554
634623
311189
992178
467899
124997
489281
109098
778209
884586
703519
768485
564792
718083
420181
914269
603884
887230
423474
985931
801860
309471
561248
729337
798248
647572
327926
170533
986883
561398
417578
768207
253635
773855
635364
241696
167229
182946
452845
405367
624750
899243
926534
309328
679901
271220
522965
901843
193948
505825
833082
63031
41196
342074
343104
206417
951744
67970
5872
546429
44122
916216
705343
998695
267794
66025
576935
39735
236021
417968
924435
209431
111818
225996
228723
211874
307888
204444
593008
388138
991715
645177
268345
78438
494493
784624
39356
121910
535001
651355
843313
432725
533811
626267
81232
896474
140971
923571
93667
923755
359560
24196
747638
945407
260761
842273
893802
975117
946070
897934
614569
225878
388710
380506
975027
591948
473082
485462
977495
775454
526422
579441
845118
182689
855984
350257
700194
970780
516401
44368
236956
108080
532696
502449
210586
632354
999166
750269
897134
965191
647156
810399
210436
957835
852232
352728
699244
292189
738151
835007
122069
258554
96604
200025
585051
374549
610294
879376
870839
473440
33032
401108
718933
727290
919946
443915
661635
518837
574109
458230
911749
562114
27052
411489
331845
192316
586350
155142
594087
363853
283207
649408
689531
15489
114766
216231
350796
330789
387626
225612
347797
596571
137365
326482
855699
635390
119683
527527
911670
910956
972763
276958
60529
105012
628580
439787
719537
734941
962747
65466
602218
896081
97216
40684
936972
148453
984401
496495
585941
84806
690414
324792
364224
362881
503356
945440
628507
600686
188709
989208
877430
1082
837468
565834
418039
697744
899262
908046
361419
480164
717972
519110
761911
8412
271605
80599
415628
849051
556873
737668
723577
980778
919720
808744
48186
983109
442464
572432
251886
507392
554581
723059
495111
242900
68035
826767
160411
41930
139488
270497
852183
960963
273373
91327
792850
887073
735114
549142
659903
475926
857881
428732
284157
524679
621818
6641
95561
455132
568934
651959
245267
854823
171960
338059
842286
661742
304053
813055
464864
417815
966636
402805
298585
141935
435897
540730
801601
924374
234403
960380
46826
856843
695653
471401
881317
613776
219786
950054
343152
662906
520625
598697
109645
426839
599408
363060
562798
907451
29013
322671
737163
757929
749576
293152
446806
452315
639820
557897
136006
513711
7908
189278
770896
106094
892690
715809
73717
304697
70010
992732
983860
651666
706150
50106
893279
677124
836579
858243
434571
595376
783368
137267
778017
999414
206294
964213
551697
62396
216507
444545
359271
333214
607345
310479
989365
862578
621252
604022
477680
123510
970992
146662
780183
402969
303784
665790
944206
252002
16435
854731
822153
971649
770481
678302
506339
332913
292028
655305
820943
850822
492522
530486
20133
186904
994222
70755
501150
363340
42270
794046
307611
332604
931663
934744
501535
785986
704924
339337
617182
712742
890566
455393
337581
252129
153269
63622
137816
311886
315933
235439
601106
66220
530236
939388
313799
948946
300351
671535
145230
486832
466244
826251
242618
706877
555515
927047
614608
139458
725669
407855
3922
75267
718590
410968
607994
416453
325496
757246
691394
407553
897308
909244
334816
294179
794901
321254
218832
98111
830664
988870
249033
729745
719451
704882
73745
364847
37079
310023
910124
317325
812008
757636
683184
804077
368897
357381
545908
159393
677532
325273
212711
875198
601311
473923
514556
118559
751643
704778
492099
806291
631917
783357
247251
506404
326471
267271
291876
560005
290569
655658
833593
12183
431369
894811
526842
787096
339826
946618
595423
133800
565704
301357
710985
697
897865
647064
505707
440979
36079
832763
557925
486402
16275
733031
350641
963485
669099
206494
423542
461683
305332
272646
687034
993363
974123
75658
558517
732024
90292
736910
997440
96143
677982
419916
231084
854631
865470
781968
431600
141812
5815
879052
869754
639616
970908
5273
516070
633647
379820
463499
241996
994285
437244
143023
632820
106486
390514
787427
802788
445505
127341
911058
547162
696458
988802
599179
318934
197691
636450
555710
862415
366646
898263
707026
35205
514817
71533
717093
721270
22735
456941
887137
889706
182375
672196
571640
954025
318451
755779
223420
637901
762728
533952
754076
756146
687244
757401
553599
7625
508137
619801
306358
500684
88844
852978
418402
544460
34682
798314
254562
286118
650352
32531
67446
228948
390614
629298
257589
215007
229567
701506
690343
720818
65503
737425
508032
284618
711370
598919
90682
615114
709605
47238
179405
285100
362987
958573
280078
745681
664798
421111
611425
851448
409544
182145
633052
38413
298476
536169
241978
645785
441806
677074
558969
30232
679708
70851
953489
451304
737848
599023
906385
324253
890147
649679
374295
490929
854407
844012
326827
743897
934945
672633
619577
469811
412553
681692
41961
248603
89951
172877
244957
459356
812436
528279
565318
154883
763090
353148
819107
693392
847689
403190
842904
312774
336087
238679
781927
117922
59603
163665
570957
775848
485175
958226
649659
771992
802855
577160
934575
696192
378018
460930
715567
778347
916612
4151
655138
994167
556085
516895
15947
653060
151282
931263
317986
280072
975350
451010
304017
921984
704644
561347
175240
475585
665940
33448
621757
343597
275287
283240
561859
531648
56681
766188
48838
560010
526163
97299
211617
638647
737465
803792
150876
501578
801126
648430
445573
556648
750066
849140
399913
701649
481614
240676
461744
419817
728428
120157
67986
210100
758669
527520
63162
694881
109800
265071
286773
294077
813684
279761
891799
532040
495827
655091
864682
118885
456219
232553
295252
963178
235137
635793
864324
97496
897636
334552
622296
276580
634356
908630
570575
819380
290173
758165
499046
44133
27348
508335
19281
404617
474716
925205
133655
42030
254965
940716
449290
896281
260035
510481
712226
481170
251478
338878
381558
326233
945595
946372
944726
684598
292446
129016
637383
845294
535834
462570
668380
938450
629407
80848
932525
71921
673343
404610
984439
18221
696853
79583
256976
394603
950034
758029
439621
927972
888741
561437
827026
362329
854726
23052
224380
186915
577888
976101
985615
939688
404697
851397
647728
87850
948543
393527
360990
372857
389520
623037
599689
53257
824038
400496
486798
174558
997117
621758
735887
672291
744739
152915
247148
988890
310075
768979
593312
862510
647661
5315
812026
756389
988973
68039
696757
340721
167079
153030
68727
612325
975364
909738
834595
567557
901404
910595
148571
835382
614968
84299
261845
190548
286914
478148
651928
394211
588300
55294
665556
143005
587897
529204
373212
439977
950668
730774
336897
157165
383819
996322
583372
103994
243983
734891
800343
564518
888299
304380
436744
552695
93687
953366
462827
114683
299704
205780
969579
55797
195053
337392
485613
778290
971576
387038
134154
870201
266919
451286
763303
150368
631903
123119
628530
658491
283620
746983
283898
372848
750023
896639
896299
432230
356141
910659
834917
931484
2999
481831
813817
751830
549523
920589
825728
823729
35679
763940
743191
469272
519925
685866
979130
699471
660695
256721
272444
971821
157176
865728
747232
379495
841445
795952
318680
558982
838607
600823
490071
297274
354613
818914
27669
794697
457970
897530
900831
70624
383136
317737
477143
150346
865704
112055
295823
695870
452456
119085
44222
753938
941503
884954
189981
880526
522808
903987
527841
25756
692240
763925
801557
749403
794917
305191
229267
875602
314302
917403
268767
236609
886001
969811
127327
377939
743669
403360
424891
779249
19397
38053
282701
143088
168428
810906
42501
857194
945779
384301
863644
715626
145317
440706
766515
418625
953468
463579
493896
745717
573290
528787
631827
730137
884485
905541
773955
336824
101519
333194
615568
354219
935521
297758
550973
56522
23796
743204
471404
869951
137100
244352
620765
488950
833474
639586
834373
170993
536172
561507
358151
410295
270955
936071
536145
240300
848848
689699
1430
761916
942699
407704
736803
514929
599794
974013
701792
245221
497291
909467
650086
426705
572599
387025
635895
993475
741658
690904
230366
299694
337963
923745
378596
126619
497460
329499
325228
639102
206342
271312
583788
392995
905533
893231
437832
135815
848555
610980
492301
154180
773924
660835
474438
887268
663270
422532
797758
682774
81378
448457
934228
548285
436011
826619
790516
496678
949882
530673
925943
3410
500188
5362
963865
959602
99513
692786
318483
66545
233857
317433
333269
166571
59956
850081
825314
907451
313486
400766
738119
301169
296014
276376
833849
781987
861282
329875
877770
847322
757617
375216
503112
818542
524292
982188
915186
437932
555026
264326
596312
394995
36582
671582
300238
137118
232239
490745
178060
484763
678692
722273
445605
315354
583186
850601
534114
892258
195907
624527
188027
737853
485772
312762
495601
752468
593780
504546
317707
805205
315772
289934
397931
814416
207120
143609
435787
629473
372936
347918
693402
831176
609691
518739
125933
328853
898017
647586
275300
447550
354562
514577
459098
140627
476609
678707
808456
193416
693151
290616
148983
625
726381
517615
867295
574989
779185
777708
58977
639033
996852
842757
335262
11014
910887
212086
370482
639396
571567
960164
88401
995581
4244
218495
645372
814494
270849
830464
615455
874448
472825
406418
138250
416517
977175
223181
996298
539566
858367
875485
365923
19753
425767
241473
404525
471320
539836
92143
571273
99277
926514
888086
380158
693537
200747
337275
433331
933028
334339
890053
154187
679662
574262
793364
635929
145108
751
812043
886782
791095
83821
455214
324966
200182
142804
452391
485275
592067
366030
523875
807812
151315
377180
470169
467583
8047
434621
822123
275414
742056
28089
769445
229664
537383
705354
623330
80631
722786
985448
753677
571345
409643
566576
712453
157309
832419
326512
813146
421436
390475
158417
140468
267770
167803
723041
791124
542183
775787
57341
814386
814839
119150
752856
449412
710450
625791
560746
346976
747000
564596
593463
8824
232853
768399
882746
289221
334269
534068
561198
616767
771300
81652
779322
182344
303036
30471
312119
615528
805708
333849
149663
230387
894186
613371
853459
475719
118869
18362
106888
758898
91057
477965
730448
691248
728031
901159
543361
446417
388920
759341
916292
660601
63527
826050
607099
436482
954208
431677
299728
225404
329921
559804
672087
120404
20355
288850
664927
643410
860892
190812
646618
566716
827317
866673
634214
418456
699075
134071
519095
175631
597189
632338
332771
919661
243608
882296
968970
641797
45050
965664
522400
523314
538841
432473
90201
256184
347863
212151
965552
996552
451997
516904
215763
362530
119769
497700
449518
315221
218261
527235
143506
632418
506037
360424
574850
373631
372749
397787
613274
76599
359837
457397
238237
469870
284202
404276
282137
8962
85817
161711
957305
950670
448107
44003
726567
32904
988272
925611
703707
222410
471529
678670
201989
959918
880158
289650
710739
311122
935449
121007
479327
226555
390685
983359
613241
852181
608774
6865
437260
521432
423230
948348
38703
312391
790745
290193
573962
669330
475982
479817
588579
944156
811539
468957
366532
630167
430356
893109
707723
500170
497615
751608
990350
889460
36943
228034
74088
804939
135618
104820
269669
72093
41529
55972
883014
840024
439037
902901
439601
400869
254216
7490
306616
380206
693095
906612
267140
430464
542186
950387
719837
607052
391620
212217
258457
589448
489030
983298
759712
47987
210611
480736
59416
249909
465535
278891
145393
152292
383209
691925
911566
661859
766322
15835
288846
631205
69240
110359
909047
98255
655476
692658
293631
579452
817292
41656
780022
748122
64342
565252
35539
589105
474667
486618
237465
903108
452579
712019
893605
857872
428594
589363
79831
447217
645470
733526
699099
374692
964060
908489
341075
633767
774919
40758
946402
827005
486204
775287
10392
328654
129492
243147
524789
626922
254655
26662
667548
283822
965369
319458
347542
451327
393836
565716
685759
486452
155106
22458
38801
926608
440741
927952
989898
679404
566134
874305
499005
333491
551078
315963
461683
171399
621779
651163
137019
173762
612930
704455
439061
97687
986774
339611
244215
749974
46891
309371
861818
921614
583186
77832
554532
860940
131881
333230
892626
158658
131861
975577
362882
984644
725663
455623
130875
188011
9832
794041
228185
140252
888522
236163
4025
102115
500109
72451
478845
875128
487939
509422
490748
838564
913793
658438
517193
412989
328570
218472
562590
818253
308217
840897
98022
925713
624314
256673
36
926941
951590
355687
176195
107165
544106
995420
145210
707638
729587
248604
502235
192522
753736
836463
24121
334875
165123
39863
565556
571591
984557
453185
655331
742385
124725
264893
892444
134656
324749
616715
350498
932033
875106
699755
604332
879144
86390
856919
870094
611572
95323
264237
863431
633584
319821
43075
436710
55509
390381
465183
790617
660621
410006
762943
914963
704786
882526
792274
828953
443317
52395
758474
665514
407099
191279
271305
569225
405538
128769
753464
750440
918401
10265
736119
541363
204813
954984
729582
287413
68920
377746
351298
400683
805683
814921
812708
338980
296660
429063
360707
975313
872339
218727
870369
830511
255343
43873
43267
331277
417710
625505
335490
475132
841537
293570
282239
454483
198149
826412
680436
752476
309030
980550
992741
578207
988190
476762
361653
139784
735836
756613
974740
974263
348671
32151
541462
889125
941121
77005
396703
122350
466161
215464
56635
430399
793688
909545
360970
243036
720253
55212
611160
281614
390341
146526
472075
15464
657586
404893
133173
891957
190156
189739
890954
326144
736797
913805
543275
129536
46677
288966
562209
946845
125070
770091
230949
656803
607658
355747
401179
712962
341017
973565
224287
840895
439863
224430
682232
641979
225298
498405
141930
25310
363849
184013
932264
556896
768911
584031
856933
824692
429199
1632
11467
59921
563946
50942
999813
539294
727516
925699
89015
134201
93692
348596
192205
680420
302178
740809
457329
383628
51427
782536
187030
470968
598135
615552
313458
791242
870588
273887
949064
557557
876627
654576
926307
184764
966568
506037
950367
586594
399376
588061
814816
37108
626955
824227
128870
237807
826728
552259
299065
760655
698696
138456
900350
718645
718458
492503
530476
662196
689158
901666
874776
945528
912837
976394
3436
119571
604461
241188
414710
910949
381611
675014
858460
510440
545065
780703
357614
468374
397423
49584
277012
1015
842661
497195
444646
896138
10423
379366
375387
462223
197457
596476
113048
335407
101578
980737
983850
83593
306717
97439
518735
731802
720081
736145
669423
932040
194299
510204
635112
925579
126234
639333
40838
443577
252960
690451
701394
874476
197072
341378
916993
310610
467586
252225
229198
381200
467076
528873
452514
322067
231515
903482
977134
612534
944679
816019
467035
233801
859492
646606
802265
268164
354508
793590
941012
423944
143386
634725
173829
878926
806506
569023
90789
562478
372861
108549
786108
723278
93272
560342
879063
64677
386827
415944
539927
237483
847247
151967
870054
599327
21321
74856
776773
452148
236523
377141
228737
580953
978554
786806
379716
92964
377322
137071
836296
103194
221413
584155
49830
256029
512682
792029
347021
710195
936466
787487
701518
438383
778927
491786
362771
597758
56397
545440
505328
833168
565338
59257
495186
31328
100322
801752
893907
251746
87090
312937
843760
466184
121758
849689
943954
922034
568223
438162
589448
848304
869780
820882
126678
179316
398057
798951
823143
913817
932693
670345
806557
535434
328061
35539
124553
481360
941622
43999
946038
293948
800424
515902
299168
836141
247309
587601
798338
251327
450201
144008
811213
507601
907636
267252
273652
405552
453859
28682
822052
415909
413188
303990
559121
698327
438008
736281
437356
755807
478299
366369
668017
970407
409262
923780
173212
359293
29078
426137
961083
8954
657213
227923
686879
757129
706647
295834
734188
236438
216895
291528
50000
787733
640383
658493
427728
473260
647215
426655
396606
714750
751988
95025
347591
445717
207210
599631
188457
888107
83804
174787
41345
685717
713968
686151
596162
50445
848736
655064
319746
54874
650979
120500
965870
596062
359850
803888
352542
865468
701253
277047
487876
653092
180070
798691
364413
503804
457982
847665
683274
385900
102980
603045
499032
31814
813012
185849
165819
374161
743412
939779
799225
104369
362673
125730
605827
340276
975592
549860
27455
940539
674400
841592
227648
957187
485717
427338
99479
615631
546960
121921
670339
511156
542705
216849
61571
400960
180687
42877
81805
171720
602806
484333
964631
655629
390351
752679
130642
3466
211741
65261
723510
261405
514403
425075
747448
858575
669732
104316
141529
159938
908610
549648
406360
632822
758088
833052
356744
653752
785219
834982
527996
71655
943883
976298
250142
975076
640031
427862
467743
36245
638766
879135
617544
690070
251250
439806
973551
477566
478583
222539
303302
22473
406202
40180
509198
90727
258604
798746
339881
2336
448918
65160
993292
907426
196118
597968
809939
248425
709831
193668
757102
293065
838719
783054
367865
550619
480945
199917
144106
382146
619891
841292
483811
250137
971035
655681
135272
501434
702338
557663
518890
636333
720746
264184
737986
476332
770940
470194
18617
240784
844842
959620
793732
597465
820531
402382
293261
542494
964229
509395
78444
338639
55868
870740
987637
279844
341128
854793
769770
145701
847661
214270
457297
551700
54885
888585
661217
139066
236640
74980
881302
591693
731563
79211
437540
514555
172462
766963
217287
498709
500304
367428
430969
355675
625973
942581
977661
575136
994023
128995
495385
499482
178386
543053
493344
579080
364137
945231
147821
191040
536807
13113
193388
650452
102640
92236
405330
399584
530006
648848
981293
410675
497271
983829
860757
658264
584003
617476
450242
255744
48219
479136
390200
297485
649877
962783
835229
549693
428380
960415
479787
525297
732468
158791
733888
528153
501276
727291
30162
653759
584716
186875
106369
945132
621342
748249
891397
569658
660617
376725
507334
880184
104008
219286
953163
805683
10521
439623
872394
726119
481633
806348
678045
67202
205996
763744
822870
239057
306899
135181
402857
158026
572023
441798
607688
515124
338985
574884
850060
388727
876780
819899
856718
57788
889426
300633
109654
44608
244162
453339
797547
370619
366747
774059
941577
951655
166707
409305
108721
575023
731193
480597
513562
44917
685496
205575
441413
424832
21500
331787
496814
946177
464399
228492
838110
664704
780188
766460
728286
287016
653301
761517
993798
512939
221552
889231
967795
635603
872940
875270
908822
356711
748337
19431
357225
33910
133622
708496
620350
601154
328060
482145
216816
483340
537879
302811
193722
536505
353676
308947
783206
473630
932438
292306
667101
986477
314371
670668
321181
622267
639484
889404
459914
130413
61025
697880
326555
170239
926802
547766
543925
915504
183883
875579
902741
882765
291111
199483
103078
248409
620677
957043
994930
386902
529352
318814
341941
16755
345592
582647
330381
604306
274054
793740
754574
241653
713260
302588
699699
578180
921331
161101
382447
994237
618638
235052
334689
417592
108900
938434
256613
175894
356587
415215
567622
808262
447472
278373
53266
143667
480371
831780
451783
800462
651950
575181
705641
772659
477302
936358
964469
232250
626299
358249
642991
684701
650922
310153
897496
885441
40305
365186
62716
904547
626722
435163
19367
851616
238065
906171
852600
761440
331031
472229
128845
645729
687065
361938
380382
823900
501859
175722
171878
612053
620302
946590
953083
9924
967553
242341
599295
548507
702771
162512
344495
789492
411086
838412
10776
862105
662447
366580
108522
377903
474378
790033
666981
707711
506475
735215
78960
208546
250775
586780
577160
825993
378257
996416
444245
295271
812472
47508
107353
203451
711694
901056
817153
765949
841491
219029
750238
392996
733328
927780
572269
7826
311151
995769
571474
505565
54087
474039
97124
105467
186614
275729
891873
363913
642599
553123
255234
267384
957876
343211
52458
893973
377253
910375
407928
570995
668949
650059
495611
813238
171445
437855
204997
900031
617002
745395
900952
424303
348818
664384
653310
379866
712036
928477
307125
671434
270005
668954
798662
710637
81175
160509
703414
785884
377628
614102
422038
20232
278008
102785
567157
91267
208645
925944
802870
784104
17375
420370
182012
629801
655471
339548
81729
575027
888774
335891
644230
189696
458975
718139
565541
841144
577031
582238
589954
750277
444760
293092
583904
179314
382304
386060
489616
464190
675425
521221
383811
901827
768370
752299
724929
595518
310147
772257
804338
22651
898046
408135
178394
27486
616456
31576
176866
42063
873318
367779
881297
43779
830269
476196
826266
172132
365170
831167
612814
414045
533040
915160
404786
819843
879751
239569
984171
48163
523761
912481
823510
9828
311281
740045
655220
418905
56277
527494
973122
865510
633114
502368
294887
729611
718510
791722
52679
465618
203344
431342
828725
660241
239124
788806
708037
667293
27586
326745
352702
557771
291038
58737
157103
195428
69571
502074
627417
780708
852969
949082
948937
395759
460613
569383
244425
130321
230479
348425
615212
45936
617503
726830
897864
811921
459761
136163
716097
416323
259976
957718
648255
128491
310318
995237
343297
50413
240728
529442
657291
718709
945640
614438
94843
428127
74829
759758
387258
152137
531462
224343
798221
783858
805891
759058
224971
905679
582380
68932
35625
71210
688635
375260
837169
302967
878020
9681
724306
31221
99541
253208
133776
986685
11704
904319
149596
427371
307349
57193
607294
477478
693044
256230
853806
175181
823009
155886
342147
930239
738600
164539
179203
187783
810048
228928
933849
816483
506500
278793
930660
744367
854812
182384
857131
910707
8890
582329
275951
850822
215040
60491
815513
759901
175232
682124
272275
74099
541403
704215
226803
523927
497098
615644
695953
46733
263419
27477
817657
830114
385747
748961
78972
425872
281362
842431
107361
798665
970773
49128
48889
316451
82228
177928
120592
203553
513867
920987
538879
612314
454742
831649
555999
626377
582774
955645
936472
59120
898064
866928
643671
131881
535765
253804
653918
862858
449756
264792
774645
396980
634090
298272
563518
939449
792532
615349
431590
948839
177212
754536
412984
816757
286007
346590
533963
433865
331343
232817
841052
793060
663140
888676
556406
916907
933613
708608
750861
146323
910044
383759
646443
201703
574304
806068
626498
193593
286404
997925
299936
38819
46068
195207
569600
576568
84128
120101
721404
727117
555769
113292
198688
781661
290457
209477
193627
600989
200319
508975
290127
767965
489591
533433
501895
784087
369177
188474
681608
424792
871976
752941
873344
159112
612122
141836
469019
341400
740215
58887
150581
633542
278938
432673
478442
952144
930452
516072
845960
696819
360560
71759
690022
228062
414098
270249
748430
683128
172473
726596
884245
824011
556195
60832
925516
925835
283472
401355
621519
521799
665182
536410
631482
951275
296403
741894
647932
770799
835962
484512
955651
592800
580452
449394
93271
405641
140815
877364
800259
116350
315685
757352
746541
19652
745627
599954
481415
397984
990138
752919
792734
169979
697659
664178
539984
718318
56330
785357
80539
623600
744429
511298
820176
107097
494462
151917
921382
341586
96724
710957
260714
290268
967040
769208
578580
743801
967539
826904
263606
686906
798653
57926
826125
493478
42480
792225
215354
827140
82083
489675
998794
298182
791570
818273
504177
878866
641251
205908
498774
431214
514436
130281
35784
143559
524207
559305
434830
85213
542415
599621
923483
855631
342973
961515
536928
2046
988515
176830
454204
139105
450369
786580
326607
766885
861838
705809
636140
338494
808758
94075
652012
448015
107650
818683
382303
10034
325910
448495
823966
750756
145939
786990
257084
366224
748125
411033
804955
487414
42614
615770
933914
873272
426505
77244
208492
554817
313731
826919
733508
293010
488220
193398
149868
525931
975156
237431
501813
877842
580888
590462
22025
946307
871459
802982
787548
202548
951937
962214
575361
734403
973711
832587
346969
396926
220638
981719
486694
925327
396631
995190
27006
476034
433656
995801
282010
391029
377084
405106
389198
19419
419545
371466
50835
782444
763683
996482
70528
188205
970446
869604
156376
515863
789393
442853
13820
355879
286629
180729
747201
650497
140588
46355
297052
614785
166767
311032
794874
166176
125248
326143
259692
119552
326462
420519
292480
332309
722039
612820
111531
463535
45032
866600
424994
318952
877343
956858
526791
108390
872706
575286
356352
984589
453992
815441
176676
657860
103652
866535
769935
327011
329379
777650
328789
905014
695595
644777
318099
632496
940675
29235
408097
125104
249586
376902
780579
773480
439007
560545
585087
596976
434903
87714
549993
418726
145134
102148
15577
840191
143292
660601
604447
747247
855561
679968
621453
723249
217283
875363
287314
852467
267179
463920
103910
991522
914001
252050
522785
975117
859188
769323
697319
942072
433099
780496
996862
56768
700705
170049
628928
523237
910555
490500
803755
509753
140565
374557
36118
622628
322539
120171
561983
537809
999828
736993
833151
564473
187560
71200
42782
896202
851522
23662
173251
538995
989824
969366
578052
641615
890087
397532
640028
839659
428260
37658
327034
94390
620269
1979
634230
381764
655366
361683
955998
825791
152608
727066
480559
697834
771483
966980
340704
756819
670700
26750
917655
909461
866266
752326
862719
947975
257379
397159
322161
596869
443771
676880
940815
44185
95732
238160
21040
974981
406137
543537
650357
767471
609716
494190
893370
749417
