6319
278842
746003
318789
463995
415486
25851
572497
565373
570675
256266
18327
346456
785914
819275
340130
97231
912895
601472
346254
899237
86615
644120
920191
349287
470722
147470
275317
175058
624527
907230
167032
317282
915807
442467
154285
22072
571905
781522
856331
862503
776637
180365
176231
527387
567212
133413
397867
148966
627780
608239
914341
93928
821170
474561
408699
25499
647392
431562
345213
356793
342486
795467
858195
525962
777980
914486
255061
202189
214590
482145
715578
787778
989128
838631
784039
656978
321713
682140
28329
410012
478964
847018
40702
285341
421016
820364
665934
432763
547378
205479
789239
345006
727425
258560
375045
89420
760311
351262
587777
850671
733847
279165
185248
212677
134905
454508
932445
465651
761131
577732
448353
688038
692274
448069
791133
730745
91054
625550
659706
908348
834267
860345
206888
528039
848627
898257
449491
624283
701041
398576
821748
56209
340529
722938
764292
550881
22836
419888
692491
976561
639679
349809
291286
597880
940578
259603
864006
598382
379030
464090
321797
347602
932032
377427
871700
930583
54738
564432
795072
258668
253777
32513
172659
139367
369585
70826
487527
52685
879388
644806
951989
871360
822801
579000
368908
262534
649833
381290
782973
26610
407478
628677
46770
370481
692420
328139
68991
799667
28545
734164
578897
3059
513913
733795
26882
311461
810425
595556
705039
955515
877717
64900
788129
88149
469126
198701
256135
269571
570667
836573
224837
108855
719728
515810
638342
986188
672140
66228
618668
940909
80612
684526
711176
214819
781517
515242
957413
744639
420399
511737
827199
421728
755012
983036
830673
524258
714624
363363
15180
468196
298827
903615
322531
193395
514538
754693
674051
726680
238395
912481
899808
30522
77663
266356
184747
225202
882354
184428
971360
311338
65077
131583
129979
430640
103309
921540
645002
585693
469988
206894
742494
570780
897646
166821
808923
658009
494790
17987
899247
729224
702454
917160
158431
997711
289686
988090
166781
158097
821579
812284
861622
55064
543537
926218
173064
425118
264915
890350
236560
259640
367383
363810
804225
980576
953015
30755
782897
450397
719274
158127
941261
836881
575905
262107
964205
29983
28396
569746
944259
427639
28285
84078
12140
977727
705861
463340
696489
847007
188731
747536
993383
66345
656891
445908
894458
972964
377547
52750
799912
136180
872312
960093
536546
680743
76959
724239
721422
67102
982407
872403
334207
845782
285548
823637
921798
558290
88343
250492
711842
557927
701864
779516
619218
984995
219638
20056
331020
521115
516429
385080
35782
712656
216342
285154
78001
100221
792148
680600
459717
983360
311050
428622
882295
892386
251323
367239
312712
38917
840905
774795
522935
534441
29567
504455
282711
291675
759530
254081
428795
704122
67874
323253
389389
897447
864230
380113
322430
774024
718885
272906
711767
193081
271385
86745
977134
209745
861070
110742
728245
409740
74113
160879
326573
964954
181411
728069
77304
371331
915453
31075
470347
497909
658093
963867
978754
699244
218190
348607
771021
123772
947062
630009
507208
911742
800088
968712
883753
710549
92298
971799
846226
710172
563810
410812
971719
653677
814713
208138
148153
507216
519377
84627
8769
246719
8851
681149
739560
12499
891953
533183
693603
264780
41642
86329
100700
3841
530412
476334
980203
393954
225299
476255
830948
643303
940751
843972
135241
375384
284324
87785
809632
513527
487500
347748
284192
615501
563319
516847
351621
879760
505202
477670
956739
458414
711461
170782
365270
839224
214967
29343
625912
160622
982156
726912
236844
761571
139758
537182
205112
922765
718729
584632
199023
410923
693776
191914
652396
575699
155454
388804
235099
876055
255607
734919
848433
997139
277133
977211
207228
219798
230750
564464
651412
113835
580186
29199
532721
63619
817506
932059
612887
653632
798860
317898
371756
977952
443779
265338
349098
453700
333899
892754
456431
709980
748643
902006
804785
74802
196227
756262
293520
929167
842821
20980
348996
630669
245408
980960
824821
325947
127951
606161
291882
279782
563216
825970
645401
279946
94472
901223
978908
914581
533187
242923
154949
266964
506906
271880
649608
155005
452974
535921
833367
352663
648336
652735
379083
951946
91395
55622
971517
682239
950041
531476
100981
541235
333945
401798
221690
171934
594434
125254
339976
688378
62986
838564
330144
967346
384384
457744
637881
292008
201455
832690
541524
7715
713827
490150
432237
673044
974502
747607
445901
839363
374947
143863
472253
802011
283692
987928
991893
615502
366231
36842
326130
133542
330179
551057
247749
148394
594808
503074
44872
917033
495341
940475
270285
438949
409187
14204
355951
8223
714478
760166
171753
286332
260051
318094
991493
367761
123405
938429
300076
616848
429354
51239
713756
444814
428051
538823
141049
663024
161320
931667
657210
93426
401929
859169
339460
860115
516658
816918
520724
250144
775102
108294
172821
558172
427980
88430
522705
208585
267391
873161
824324
11478
348959
835538
189708
345445
925597
364567
596413
469752
463859
446839
711506
818999
817194
186488
306174
128032
938421
251783
847136
839371
342907
394893
933844
296537
63218
438314
527141
599929
864615
268112
350433
641174
686810
105535
35014
842081
56645
607640
103256
570166
724221
858081
218580
182765
370802
263956
759678
45120
130129
488932
810583
530964
865928
1997
287467
175910
688361
253846
795462
972435
594664
785254
212615
573827
16382
730944
631372
529396
141808
713309
935373
323167
72490
271333
767941
634248
810117
704393
359754
510311
780200
396736
688766
399982
925130
324443
529246
430327
272533
280967
825399
261644
428070
338463
175737
297298
505585
636076
786980
441042
312130
467962
163999
74021
34782
572119
266919
590844
376072
689899
900132
449482
215071
508015
401304
845966
147621
533067
411376
729344
82970
377232
259709
15703
184007
186383
853756
112757
96342
976148
41745
835888
47326
613122
871443
872766
667773
557836
611008
641404
141662
749454
229969
528859
337627
812678
912233
854568
870780
347634
946279
334390
988892
636486
806106
323049
888812
55690
249556
861794
735441
658126
602519
694082
983017
52683
659949
278493
81835
813848
772500
571517
793260
627141
520469
295120
487806
504152
871797
774511
978995
888353
605253
375435
573951
938940
864660
694326
677180
611427
151109
689483
784006
653549
675963
83004
16198
427879
812080
802038
29197
467662
369381
115827
472662
793510
585780
549403
836398
166713
304769
580632
844143
988079
810639
55221
831783
276039
539055
247921
879704
957744
230802
75814
798361
74118
784256
134929
745114
925740
229985
114430
527877
7042
554425
368529
94655
949443
934577
533554
119245
334846
374544
357910
20436
452271
790345
6503
473913
435322
355309
169872
456871
100163
99201
582950
103982
621036
674666
607158
174664
749612
993477
83047
1592
394440
64403
920908
45452
722225
875921
513801
388289
558907
422694
336990
526661
590325
791286
413333
886167
238057
913428
189956
979147
274737
833044
256384
806249
731700
662909
923038
658101
241404
246046
802471
324618
56053
393272
336919
487456
837765
904856
562194
684780
424578
953480
830564
817382
465748
589787
899827
730150
358889
279207
684996
240936
918606
170256
192870
914415
681905
472254
697342
267781
535088
699696
2096
546143
323805
739946
708648
561247
452305
109578
284546
729332
751593
893817
525020
54109
417698
909948
182965
225930
763661
210858
347394
355235
343919
564728
860365
98594
352695
55472
938762
853147
90844
984065
154104
3228
980883
80047
549808
193903
25706
341995
811534
919676
655044
863613
738361
287435
366769
557213
976528
14376
794665
125794
95346
227423
151270
940818
617450
429159
854619
977944
638646
913307
596948
483539
768882
498787
162091
914122
769126
641009
805156
991614
540073
959719
40678
139800
33392
69975
908503
107074
691766
118946
841362
33042
319370
764481
895559
823968
337584
716450
947440
750904
36853
254954
268652
731243
743635
482649
390458
819712
112572
831244
432211
908360
301382
796315
995491
696143
829876
594722
223846
178158
258397
232413
174876
591358
984956
110509
778792
654695
363667
29111
768203
693142
306556
79340
580215
160205
382093
297635
452307
967316
521959
411937
480395
477773
312028
89211
677712
936741
339258
2579
581107
293159
356792
841406
302553
649322
202364
552262
791516
962347
469319
616523
387455
710133
367102
109316
361227
829628
16470
781539
892234
54666
511450
466391
763295
426897
937180
86827
36672
923551
949302
444235
818386
389551
868603
355751
68064
911131
456320
450992
913911
205871
248576
42560
608416
732442
115824
727190
260666
253630
816864
97662
411956
786662
42186
612048
122277
651735
204155
486159
97480
879359
513051
213105
515607
270986
476955
526590
689794
633428
302841
877009
569292
56121
446899
854267
110659
940743
402374
316167
189722
459797
686561
921241
307300
577389
251307
155952
821167
808100
291694
731210
461115
733835
636766
148967
885398
355646
681290
738469
675605
931481
405854
819594
202673
828811
720594
814689
902139
166466
258483
965435
615997
797382
246668
207254
874479
928610
358961
598364
518675
22140
671399
713794
16493
232454
675955
596305
738
881613
445438
851842
61421
18287
426465
936129
307960
260906
886611
670612
533981
726223
968364
829781
705656
393557
586517
928603
821800
63049
331599
840823
847779
200739
708572
560026
286195
350133
344845
666068
323217
212988
678569
657911
944412
183833
670263
523738
802230
954009
84393
164345
139964
751984
910885
434618
964127
941061
972593
912011
650660
586983
206906
611558
507444
625117
431552
204726
951456
104218
132066
19412
339126
766543
931137
563754
634361
641883
750804
481080
12159
324702
329992
351477
820524
955051
627921
184589
692038
101211
872274
546185
492918
22078
724069
111693
608474
78893
276807
502458
76233
672187
231651
954868
241444
71818
792889
340733
288917
149625
462059
976320
458471
91067
113060
293482
269698
49283
762597
268531
357953
107483
870702
202171
113778
882900
99333
976911
851817
644888
551590
839050
26881
39515
665799
115608
588849
804592
218438
972374
330566
494840
536241
719701
252546
684405
386098
539966
681169
26365
289109
153551
400804
246089
33272
427843
593069
558253
623246
361808
510069
232610
741519
18122
476445
788735
602816
754853
977903
51911
940442
794456
863840
141467
290458
680668
840100
877008
465764
436691
126190
443163
448916
155334
851011
791849
579491
887303
368250
189131
821427
274293
888594
709071
601144
877022
235375
426
899522
464767
790387
34129
712235
636454
194357
455270
609689
671225
742561
753359
940912
354063
916268
822755
978519
532155
479410
500926
420710
623466
406765
514036
84201
745250
909972
629474
671187
14250
617806
844448
93571
169161
372049
542162
252523
640742
642460
375326
720483
824782
292685
864696
9033
545173
183007
936728
305234
138771
183108
428046
172722
483792
158363
612780
728932
150138
694414
251105
480662
311698
601547
668645
816437
677800
868253
380816
535888
697595
164326
280070
399083
810434
753403
759693
688611
538760
344604
70335
707512
538610
382799
333274
966844
967324
800280
552245
563927
169634
910678
565326
659316
601083
490940
359550
172684
151679
941995
429197
785357
107017
914857
913634
453926
524471
979969
182163
74354
194446
207735
946907
606782
323003
271461
511401
670457
620404
131574
545109
983159
745597
475774
96429
800354
27079
53301
651502
925437
351922
599759
321679
712662
274611
199801
146998
642568
582737
432625
226638
984682
227466
635970
922544
340184
339666
525467
563710
971420
919099
276683
494159
849976
447152
574236
300356
233490
201819
511049
805881
680828
479527
997853
164183
976928
117919
108009
642823
346629
192117
797985
62849
37632
944735
239123
905474
32121
513756
736261
174108
388312
216661
103531
500519
624205
381150
993474
566741
999226
408923
425676
107940
944061
315072
323880
387372
54557
23152
343629
322392
648464
855559
444579
101745
184422
868659
80062
578390
914006
225341
984311
344008
595492
628646
352745
692066
761899
512748
360453
17062
249804
115244
633619
733746
109043
883873
109638
700561
680387
610506
509498
507309
263966
488938
872652
861218
704146
637673
533270
247343
193763
148632
68229
598854
706673
48466
63193
761027
129542
595773
145401
291641
916798
212016
524913
114599
835987
872047
619145
568073
634628
370001
655875
26827
328034
756995
128944
593496
688823
310885
579119
640785
602451
360210
876163
587994
840628
518845
224976
109198
919825
931446
566834
132754
190915
334796
275642
24391
329873
731533
315270
851737
264598
785769
862140
65333
905361
984629
183011
292119
760649
400395
282590
237057
778075
647374
379653
303367
710818
766411
630625
636935
98241
671483
714564
22007
268431
978213
939523
99031
621344
856160
237970
8517
868588
716406
953018
844655
99167
221860
784889
362466
57596
340415
158646
992961
326511
216304
286111
593426
882669
641248
535521
885043
671370
211183
639427
64746
138775
820317
591392
275034
134005
544779
461119
421584
552891
747420
345872
79229
270783
818742
735238
639167
869445
684069
787467
247959
850434
149406
379172
779519
185611
170528
418403
238677
100447
381622
693699
346992
377101
678233
329827
496660
221443
35443
75426
221120
728949
963263
483475
266084
275430
702988
120477
197871
378646
155232
283634
931335
557257
615289
935914
181970
727343
484399
230971
287921
536629
215477
740119
251981
945319
189758
168163
891273
186880
810300
668175
853015
18256
462531
397846
329447
357896
167565
58516
834041
313253
558870
982463
395923
351415
540520
864643
101455
513805
454065
100414
479308
201535
224528
677013
602053
357848
257070
431793
311358
559966
971529
878106
71898
666558
972620
441326
969354
162521
426394
827709
499616
24805
546410
562052
201985
22017
805068
370501
259129
285850
620362
37375
407657
524083
636330
832015
694747
463380
634639
43875
632182
405265
822591
865367
165709
529333
142143
985198
913937
337676
581914
55470
341287
961930
43393
284376
945877
463899
30348
956098
273813
896200
801822
129555
718988
455298
528103
122843
360468
722191
664772
219212
128693
535054
167681
405657
153651
468456
383742
416362
490177
672789
328047
708345
631251
281480
212029
286540
973457
379577
890954
335503
48871
354061
673106
708045
882681
186595
632364
570315
234484
295677
869936
660993
960896
106633
202035
481206
215698
352843
492782
617911
385757
444330
744893
756211
463080
77396
592387
892982
752763
47310
920874
748672
581683
508123
310344
64705
411189
751688
876253
807348
664959
788050
78265
551253
869274
25845
153146
397824
546412
470291
751027
133288
343849
261629
665321
56176
692906
910624
164023
494185
582358
635471
523281
672873
395388
880872
288613
560516
465347
260902
174365
580458
802617
512835
373121
658653
364231
62152
480122
817037
473029
59634
806194
396113
663466
56258
616918
426948
129372
989474
135293
446330
442598
615727
311266
418206
229704
10471
844429
899434
5351
986416
922577
959809
228325
927875
641262
141868
609227
24627
889366
26863
481507
672350
101901
127239
920163
702063
15721
491971
616067
36557
169465
151932
247984
42659
684866
603763
354009
172877
877797
596997
810982
498140
294428
574477
474888
13382
977763
19350
961451
67757
908403
480507
23177
817994
985385
830174
41368
164278
804486
98561
297315
806165
887568
997892
111607
546655
771733
583291
852083
415308
248207
294315
367619
715931
140387
941794
890534
302144
558724
400112
42666
836136
145204
573701
294778
726506
914667
806568
765582
795659
277328
636626
678336
386350
611812
507237
625151
291350
604094
718796
685724
2650
746673
783152
883138
463396
271433
403667
978371
467237
952500
184653
533005
91801
269182
337121
119227
74226
376181
15356
325383
259812
545131
867977
999582
700492
131034
930035
667340
415421
208418
603640
507990
822377
427117
131111
974375
552489
345523
575222
77538
914729
480473
206786
494934
115059
128629
654883
414223
245014
352813
288427
899849
438003
958397
171580
372736
499235
575894
531651
678883
667848
251492
584533
157223
6191
130152
844964
549879
206175
589316
465821
3976
548353
336470
878306
420171
653355
975355
463519
859708
555083
535093
324555
36056
93996
367079
233981
132779
878952
767037
222056
367751
847659
795432
265717
900688
91935
817159
421500
460341
593657
671841
145118
549241
506464
886543
12929
257711
192693
22007
640553
989636
45635
17395
752432
741878
522372
788815
253794
631587
159758
901937
980599
560828
502553
27348
959213
359000
500333
645804
420162
149093
252716
864366
467019
422585
521913
694696
480116
295623
744388
524811
677333
31660
206516
835401
292076
417065
824047
234265
107709
600428
741001
838616
589123
904135
79174
130633
822929
114754
839438
241405
119434
201099
559212
417614
920441
83788
352322
728965
809230
311381
888973
35483
590518
654776
267665
439517
50774
135476
779745
784232
867043
470345
381709
110484
676896
709419
554280
32814
141045
714513
203764
938653
498793
375660
50989
127077
570684
404789
735151
777098
688996
288543
400836
956556
199586
79340
454286
976849
466431
732892
932429
13217
406632
392255
425806
825483
8483
616620
648369
876772
357677
93386
784789
22959
869810
53963
897058
730136
996776
934649
994930
42587
482697
852904
130012
102338
28523
447884
326175
541835
254653
147875
973352
762855
913312
502354
583104
230943
697888
951758
167381
466642
23885
523761
312612
458521
349178
588589
704831
909515
417553
313436
44480
15708
540561
562421
464714
46944
606246
623707
917240
300846
166756
117263
664102
327199
355935
534406
360728
391670
600233
933398
697930
208153
661481
52042
37908
197758
497236
133268
825466
161249
911819
322146
234510
877745
593297
760009
985602
92427
522023
250270
737166
454621
104326
222820
415098
471533
371321
226399
344649
370226
531604
927367
496002
154464
56532
812376
897884
428417
733013
923654
677125
301695
565610
630606
950031
860094
877405
600232
282551
925862
134339
722009
860692
107390
110138
128996
301977
797620
242561
877856
517190
520441
378997
746277
827313
128201
338852
861088
738861
918408
980176
907526
50004
191880
360706
148709
87863
554791
439751
508054
995870
929237
230988
514063
428094
620980
231953
786325
934646
426136
678797
381390
842885
832173
423967
833781
886669
752760
105643
18918
755580
749238
56793
891417
782109
813472
670118
108331
313658
630864
592165
73112
340139
629246
342614
161798
716928
195747
262689
309562
666118
672702
105584
790445
119226
938356
941926
140793
234376
723346
331135
619502
987134
245295
779653
618434
580306
947629
102380
166820
101900
502110
577995
761585
499665
963394
811255
409920
206734
485550
320766
207000
170365
844873
502013
975745
285079
526129
276766
690231
295318
438203
705906
683899
62310
226326
361447
748037
114023
172752
247142
371988
751649
47859
355980
449125
604677
940744
224898
396930
731356
923195
790459
513457
261839
745310
101257
719822
771985
508360
445853
513587
793325
771478
893017
713939
870759
939409
6164
734310
286930
530544
769577
534206
989038
187060
145148
516665
768443
798833
90699
361999
878942
759789
684204
561867
763887
99681
23400
867543
182301
181020
834804
276015
960767
918855
148424
813496
548984
830467
731935
286058
297605
445551
660809
943655
610918
858181
603376
22000
966758
587940
677989
616109
773897
36584
750438
723945
37074
305205
484271
78241
428462
428371
4409
77041
454528
672243
341843
814127
39306
995280
490204
561875
845492
476529
98779
141843
231612
114059
636155
48718
462011
538947
296166
904798
975696
368848
650556
338512
458283
554879
871152
535728
944376
593872
809343
168701
112613
348990
440014
343099
283794
568156
479648
496104
158549
59675
948785
456518
587174
557160
518897
745367
389742
505714
742368
518823
759655
374793
201538
92547
206895
798690
296384
161799
645359
849847
472411
718485
515234
764619
259597
26594
991173
110219
207358
408810
617114
796240
580127
492740
942744
177217
2279
280336
569650
740118
504168
443596
547266
73143
818509
40838
936338
662274
632306
918444
992903
651116
741664
6079
804779
631167
715172
824614
620437
33473
326538
615839
264887
666613
198523
1808
959300
790907
796528
134140
446396
159826
877330
543953
136725
605630
88368
45661
301767
489989
991388
678945
873397
334547
584803
697598
310259
129853
951334
697292
970168
57186
639705
519114
334369
756078
814744
739055
245279
302136
104161
889183
673087
432395
93298
918521
730197
477186
281728
51277
242308
574348
138641
475115
581675
188112
417399
586326
914287
7466
871785
468312
337377
85586
911103
500783
790220
939742
663626
117733
949342
949918
851789
742461
857264
584805
8924
354825
630452
55655
224848
65881
250234
895422
930980
960590
4063
731271
933808
796492
289938
618153
487103
856205
412868
797749
393679
461139
723564
79145
422820
335414
390836
540367
133897
483035
47683
429315
387684
274117
250600
40145
77173
43781
394720
530236
139819
217549
69764
366748
988259
35299
814738
168799
273982
768177
229782
495280
99869
480504
345972
210740
751099
845541
731413
117233
806632
806908
252780
31113
481502
907761
407652
737957
887106
24086
685352
670253
300600
295853
819982
374451
431459
307999
387232
360751
869496
729094
201481
694885
303294
804773
416153
82531
724516
334199
331509
518438
777214
547620
216286
475932
400286
897936
249308
826501
151499
620558
419142
178035
396513
546547
647281
727728
160900
164868
953395
137022
646018
703825
474259
527801
816965
405851
102799
460569
494001
460272
49864
501972
959712
629784
355342
130400
814775
195304
628100
956502
22565
251635
703792
333746
732664
269536
348897
702711
544923
894871
837501
538415
268336
923925
205862
884112
404294
251296
378249
554683
873527
198932
678851
725085
410081
199963
792239
300472
283583
831931
10640
225724
132963
852425
931736
702607
513618
541179
735827
342700
60476
767579
364595
501607
484246
591320
93432
298511
613782
796023
815612
763116
731466
301350
904600
711079
94870
251569
130422
349897
528008
474830
350581
43036
101017
97938
528562
930541
578691
937798
55866
748339
886393
287189
320136
700746
544520
168092
925372
130008
164744
601444
14811
601808
247102
488556
919293
767509
2706
492510
807767
118646
265639
436516
562085
961112
490588
271828
233972
922417
389663
504519
972425
673776
579561
847623
54066
108987
758234
575974
480743
32144
207665
693036
752219
952589
872231
245160
492837
342923
627817
223207
677766
932196
89841
851715
826198
735957
65536
711762
460880
883071
758010
423808
939062
948616
804701
497847
69218
792862
161119
334778
772715
69980
233700
78033
373680
397893
837785
314527
696708
367724
508912
424655
782454
878070
326264
892845
661243
34936
15191
671377
219770
675514
759143
576501
482612
820317
630699
108264
672399
106456
999149
224988
123198
258398
826101
452505
943822
390748
300136
793812
636238
862
623738
504027
607964
124177
418897
184359
662600
142691
474424
438740
768360
525575
771708
286188
496504
409812
266087
163679
207915
634765
514454
372943
843154
230843
511737
584904
24296
674807
450663
348685
802360
876996
642780
472333
760747
504408
907600
608693
620978
544507
851188
805983
728396
141833
867403
472423
442676
251090
139043
891934
673899
856992
324464
311128
933405
780312
3587
921696
339122
859769
363116
773196
948148
726786
300265
492203
642776
760496
255305
441882
793707
409445
161249
311798
927770
665636
293162
372843
530974
460345
89526
51819
600962
271606
5261
559163
70994
563479
59688
287719
454498
795911
287881
473110
584824
563068
944437
825016
253079
920317
397519
913500
38185
369155
621331
900509
644360
971005
787499
321276
225385
341934
585777
540298
764581
143218
235458
565436
99685
644382
151291
423073
378410
71300
618643
712623
2551
174742
270549
631801
315291
816098
723256
932733
32926
392699
151324
157785
255048
827320
923812
512990
374920
722006
85674
208061
29000
194873
176995
718494
224267
750287
394641
549328
240127
438933
920415
13466
845285
768308
265820
657136
917081
451651
516631
304194
942528
211760
200339
159150
122958
411896
836903
276885
154994
235283
291637
461706
253790
922158
900100
751783
807094
334416
612093
223226
340436
784798
982783
251997
308534
302650
722655
217763
861125
247877
542463
789742
719298
587141
30857
895134
922575
168994
74569
14692
986264
339531
132133
74228
684764
918134
594233
218137
770332
383556
238611
834146
699998
444098
98056
777850
891166
36876
127345
688661
724178
235404
59845
365703
201625
994848
228628
80303
784831
116826
668894
450896
394799
185056
604046
782144
342134
787380
725078
710457
763951
967118
972072
290956
658321
123813
750158
295990
672017
353166
986214
777483
13237
256315
881598
5967
947127
88036
187016
833252
781970
853826
914362
164125
366060
793656
472452
58224
605599
489101
108335
897418
677797
80148
556367
418045
807328
755181
12068
868437
689604
80100
527251
681992
513442
851382
25212
176843
378897
225716
947896
93313
297787
45633
398384
880206
58433
641653
53277
219914
149516
400164
315095
658194
181042
776825
406428
475320
557312
919803
484832
646682
912042
254514
937291
584912
765772
385315
246164
726975
84764
228278
853496
810122
672239
774841
91478
13993
977892
454269
82282
746066
525937
774494
59428
417747
474888
467104
947812
452801
37477
9461
330645
76618
728311
965596
425635
678951
801896
341155
195418
103470
495051
650701
587484
647876
280481
593486
951487
652720
192072
404083
699649
380298
261249
791582
368488
908178
72668
601967
700091
5533
563458
737535
847510
448617
513375
375878
306862
816658
394346
107420
106466
930398
713362
282589
125113
168114
951687
183589
842174
42856
841953
102586
775605
828216
986225
197577
800249
352659
825891
972745
42099
483214
86604
253308
687033
436475
845462
987988
844673
304916
629253
745074
943040
397137
144101
780361
458147
690713
658770
622305
482217
649300
209316
446776
547867
953823
563317
953731
378345
75417
428624
13522
819107
410842
497655
542481
646480
46916
633681
637354
827502
807921
478062
83720
560007
525452
371128
879095
777901
633404
129657
673383
970194
750778
179907
742480
632838
20739
861824
862959
607245
246889
331350
554094
115484
253381
526646
659489
5872
329031
446850
116205
676236
813038
659097
797635
488461
246418
349504
350986
465771
947742
311214
879451
463886
476764
647924
231782
217802
785449
432199
432689
753593
891399
838827
608705
803892
827665
595326
435345
988398
625097
367135
39871
349100
950414
628921
458182
152229
807017
750256
445350
992818
582662
107558
517088
729905
27775
897962
831773
77820
217108
344574
3247
11649
546359
879043
262511
227262
449284
134979
697156
249500
777550
946779
958853
393124
32085
183683
755382
94114
601043
101883
140655
626837
593525
101844
352731
265871
304487
346521
859163
518896
716552
442776
726986
261945
216701
858064
946652
918927
661281
824056
61279
71055
484890
107882
549668
178312
690119
772010
506551
829785
231573
215703
394441
499432
180657
487021
908527
613052
73048
875445
417155
465976
249290
213514
812968
903349
431772
185992
778348
95802
795949
389330
976518
969755
875377
825152
116862
245675
701545
999652
801388
547871
997747
375223
107160
193152
373373
431013
881857
84940
702741
426802
670073
928170
10396
234567
556973
925513
695578
405149
969475
385940
569387
810501
569884
526931
229654
104529
820984
936097
265150
682147
156153
52166
162161
711248
731072
943344
323357
232624
591156
391955
956195
673348
41889
321370
650564
976516
669756
87432
425017
407621
652997
910896
25503
571972
127941
247053
306702
842898
890679
649407
677642
703707
98627
517347
158930
890068
462245
941837
14614
911873
706220
296549
188422
663008
557215
906459
386886
928757
456058
721928
346877
385843
777878
857186
447373
285380
864358
506844
884125
434613
371421
704408
314513
940481
245806
388682
967899
52793
626667
320746
131819
558348
324943
164437
761922
179193
171607
313857
256548
948238
226442
744347
415532
872539
36314
82431
232505
424696
486563
598483
418118
742768
760272
90753
42968
859209
583453
324175
43984
518705
133110
656348
508768
113991
432639
62585
256155
853122
342445
85537
706212
899778
461777
705430
574920
317489
761333
243290
153704
850326
270623
798024
368719
399030
79154
109197
455906
278375
918260
986373
379957
125298
701867
185782
571706
913892
740512
204259
958484
475634
909253
721614
775242
166278
406770
662862
655702
466218
856715
761864
583837
543888
196862
625997
161082
821051
932265
420048
21619
902862
80920
105538
157069
110319
513068
27468
879100
661528
292247
940840
698546
381114
894467
391581
294488
803341
834386
966165
51290
726457
180928
510108
171613
615642
495589
616887
328396
238324
34712
659871
87248
759475
138285
843417
398302
368860
278046
179763
689002
162006
580551
198812
284217
227151
515531
601057
31764
145548
206613
958400
12696
722065
126905
783659
415850
842729
639096
149978
290825
337491
110818
819213
314300
151241
454550
813917
372970
285166
148517
425214
171912
71507
817365
299988
444524
748198
150145
941422
303809
573495
489758
9443
853076
998248
459608
830151
690762
258033
521754
985290
832436
817998
845421
155886
288059
865413
245176
567908
454902
168407
48805
594817
553115
241219
295781
390434
857809
388593
996489
958489
247523
601666
947857
47826
123921
783409
414850
477639
235137
139046
275696
148315
599699
796119
688476
934679
337041
482011
496182
87744
601157
485197
845891
123409
933221
175577
389273
121818
105066
491366
621192
940533
845119
806944
557907
424160
184596
33121
88604
23164
978065
432891
438109
781473
461480
988516
712658
768028
362819
419711
343477
876742
996893
245123
7905
644930
652653
634058
577240
39570
773948
784632
365792
341719
706648
979846
854152
142307
939745
367210
505800
868604
492096
810277
303174
599088
857912
162408
840629
168656
814484
16868
268504
476618
706304
928301
35045
264359
556340
732810
689604
190749
971595
456475
542838
804754
90098
534631
943251
585646
257467
387073
626795
933019
652113
508439
11150
858140
330886
561495
510824
186823
869705
964350
466500
96224
940659
722559
862577
771412
645760
255244
145026
340623
504474
43779
941422
622714
678865
338360
497560
996628
169832
435163
935210
230508
421641
770310
822106
645112
788696
918630
941839
906709
145956
126339
253084
668252
946874
15213
618026
276189
402260
978821
924533
605179
917999
393189
671405
832804
629498
700717
272124
33195
205098
120235
865319
257283
410282
236198
224910
384282
854192
509639
606413
412943
69291
909157
806981
984530
447768
678124
735989
590359
14068
178088
22401
77879
268556
952372
382485
331043
311408
717369
214243
529413
534982
866533
39752
60597
525882
284522
714509
309268
332627
924720
918472
132617
838689
305497
434723
906454
735571
509230
106996
161110
889061
627563
599756
806933
657206
68003
240204
69836
833207
290449
96752
365687
286335
679677
150511
600533
946876
325064
724603
639675
991941
102996
129763
163798
113355
133842
622424
908731
735341
598185
355085
554412
5802
297216
164471
381290
626608
195816
727732
276466
842772
698793
227528
477781
504347
485544
232066
310007
607605
172081
973885
786404
750153
797223
406850
463178
164779
920581
224011
927191
787051
684944
247523
687280
484935
613211
453801
801738
286912
84662
368114
721769
499466
583668
617294
8115
509084
587736
126819
463984
487464
755484
934966
163937
338725
818013
117705
536569
784455
428262
723934
409084
12048
122327
396761
125683
96960
796785
859651
58825
141352
356289
174187
75142
752797
66023
805415
693989
740039
861571
728184
681491
92889
944571
487947
449543
725851
61034
847708
955833
238114
408296
316214
183808
103842
217074
865621
386187
957658
317430
974828
865083
869741
157246
953537
309724
891345
926390
660342
750911
575776
452187
481444
720501
997900
677123
376544
743786
81136
346435
43487
476763
426561
352640
574326
150581
513955
723925
548345
597580
159896
522334
714629
610420
713555
977567
406554
546752
718251
171029
223584
25557
92523
176470
662218
85481
773702
233767
979672
432670
663719
655706
935222
368949
27623
215202
806594
41264
382232
136437
716523
969993
593086
634844
141173
602632
269854
803226
177625
728069
193198
340599
142792
225594
281515
10856
880016
764292
878730
915804
74904
918390
375686
664421
635845
313882
393752
386945
551487
261765
829509
228933
595598
656726
149969
739877
764958
367563
952209
304546
52257
949823
21086
688720
82963
902788
852453
250243
457497
195993
388700
155734
597251
280648
82319
476183
904241
227615
77912
738834
823825
710472
223661
944248
171654
70727
251860
876716
98212
365200
376817
325675
656408
755139
805312
488597
275813
349445
750429
818204
420361
145980
432384
645704
938878
610342
499527
815972
699804
455447
820780
532937
886427
544461
546390
270980
610550
881201
597707
249575
169132
667309
350210
540841
818081
153380
696790
856698
530913
960723
938839
117480
297540
132162
623995
996775
146028
888294
200946
522816
302891
891158
329751
590681
903490
151656
864194
793565
260164
13928
846074
578247
255194
83700
782152
248144
365727
885815
993126
90035
319595
444864
961175
97178
342701
660350
397520
219879
624178
405530
453844
272928
742978
115441
682781
238071
504937
972653
867382
35637
912147
11583
971878
403011
642769
315451
814598
944597
203384
646799
749876
4147
902376
401185
958112
892965
206314
755973
403075
352059
354867
859416
462128
700278
923525
844411
164291
697367
330613
914031
578678
443521
581383
717898
105106
209485
89461
458644
712322
522347
306255
936897
440066
13615
529148
393162
306871
651263
741598
141482
608985
937112
71700
474994
987211
845752
407385
397321
954828
804780
354633
742148
548101
908278
963204
772766
946178
925978
829099
18708
100414
213445
345864
904224
76758
435291
617482
291151
552352
475484
711981
193729
145749
37042
398968
704061
957737
840217
382560
990702
318204
821803
836746
617470
184744
84487
604526
176462
277754
240797
115927
438799
930750
704857
333766
268672
736692
566762
69111
110212
927839
425454
83387
194207
241275
712380
563908
47565
875406
465229
452031
117119
897111
958087
988444
994931
221987
58280
105577
403182
504127
259339
56732
7961
697224
936602
509295
234358
841310
732817
48166
215677
265591
253355
283436
744791
898000
484267
908059
423030
209661
562120
891355
684943
251490
987958
167969
632117
188794
99533
937433
230867
738004
562904
400415
250630
994398
37437
565990
132117
93594
845508
864891
409358
431597
225541
45476
443646
275734
167282
135778
655308
137532
220606
442902
693682
374560
62121
19008
94297
79857
828714
617186
636688
980286
58232
451971
794026
357638
172596
154767
337649
721323
481270
804764
383498
182917
550066
154119
275687
234643
396615
747389
996002
272333
201316
447062
284797
386197
194775
458395
818227
999115
598708
237288
728954
363583
261470
172845
651480
348546
751093
340238
534175
539669
118812
677546
186183
131
504549
841017
394022
2187
395164
791247
282574
155765
399469
444669
779011
432901
429554
607510
640087
485773
546013
836175
522660
939677
307454
340288
49062
340118
643186
202951
316146
58589
730537
697292
956375
956843
555282
82142
837968
647360
402277
735036
675170
836983
862604
861681
507352
601589
615471
638102
882201
879099
987739
253883
38883
432604
393422
278625
86374
325192
371873
9246
457599
540358
83794
147683
88655
884416
856557
898138
387320
678904
891479
172329
418676
149657
849463
452500
308561
941864
312642
78143
936589
849369
102433
861648
731466
346366
78848
714931
38766
195674
634677
879863
652377
232724
977419
829270
380164
253639
61355
334162
738739
287286
482534
713786
731542
75997
541025
309196
140354
763746
20574
515764
440006
902187
244131
580275
950125
227593
921609
886491
846544
561425
897570
124278
918997
323276
991880
292039
443720
253508
28607
762920
334740
325119
609798
582802
367005
423240
694591
825595
938813
880360
921784
665114
847706
81652
605653
936006
50977
315520
904860
929276
376417
654385
319197
171903
895622
651184
919996
882586
70448
554235
38044
285441
31151
480405
335850
42966
39454
939934
15427
547399
140697
60669
784451
444756
115036
679609
645931
856110
27129
124903
298350
747131
353589
157886
263576
423734
930496
238278
580444
609332
87504
398191
672696
134913
351769
639166
503175
882793
170347
228322
471459
42579
839399
139749
642036
934343
908575
143742
703066
985615
433865
56515
310451
743740
549728
735675
528649
413440
866264
930322
181019
305976
420028
760613
241670
629197
744997
826429
547472
379440
531993
776410
711057
174146
669245
626532
17471
696662
827000
959046
920468
292814
186726
104087
141918
224610
608886
871661
777763
307135
332321
923030
424430
449483
197255
870945
550459
544647
231464
500119
485498
221582
629115
204360
587395
811450
356143
165311
407959
174182
20667
211799
907791
130509
752292
719655
830372
439825
63883
925720
236058
614488
116592
980056
287753
988881
710023
803943
15305
653076
668085
906959
760761
394920
527335
950705
269548
140062
414799
749433
830706
771098
598909
192307
165886
135090
728214
481015
496505
165998
252275
598336
393570
16495
979928
855835
224287
828589
281615
947771
157797
549209
370400
693161
649281
157665
870384
434520
263937
115858
577716
501335
80193
140695
756176
98399
246549
64991
136080
695564
381008
27101
161153
996841
136751
142953
811565
57572
620838
159044
440946
25504
574340
804792
867710
126185
555909
847838
442345
108355
735092
746617
854383
688411
726267
609152
685897
392159
225353
960633
816102
126377
348638
740033
720587
692246
337654
466600
383812
779381
899407
23609
205317
993627
605977
249687
467427
87636
903418
780546
787816
790900
671355
34169
256854
141707
111186
739258
794939
610230
811148
760101
469229
236434
52183
615422
156707
861324
871529
375889
611312
77460
201361
765488
469277
493936
613912
677720
83041
709933
846739
558834
926143
86640
349896
966069
802685
106666
120187
645032
607676
409130
899476
301701
219321
38732
628974
113978
113567
321167
608446
135497
56710
446341
519774
710927
568460
666083
439029
163169
675086
686008
612677
474514
738052
85243
613969
43921
53430
849533
598185
413551
68767
162237
664531
135103
920861
948186
155416
945494
514513
263459
800616
123570
679257
374538
897898
183351
531303
127992
368997
802004
119230
771834
115716
224453
250121
984408
449481
599601
479576
761222
474577
244979
470135
562868
578687
301110
437677
788480
954184
452345
28814
430283
443739
22130
444285
432105
206635
237454
374914
87986
387482
31063
621956
511029
846467
265903
755171
188685
471908
164473
328308
733195
821607
634391
325722
458898
585035
501773
216253
186242
757556
372100
859562
826125
583115
571627
241031
821221
406355
789624
703281
304662
930954
888333
497972
86896
905399
585397
216038
200924
614422
339085
866784
30799
496926
500735
805018
144413
648428
75626
280994
316389
821517
400990
202233
904107
528365
474883
79562
7747
871383
17369
702472
727528
378535
432921
724131
396524
792852
943163
54310
22410
660948
421521
579184
340503
974443
95952
147084
850199
328724
977711
975024
289516
601674
750952
861007
968297
78323
381532
47003
266757
231530
475219
150747
240107
49447
426273
528036
317743
926093
596516
804215
861978
693009
765161
837367
445414
210306
959342
149701
789381
412408
532034
770106
119387
706973
860361
150208
821325
654547
309276
673677
210929
792641
94093
629437
829093
998910
336584
498443
649083
847256
564180
438892
353810
734336
280633
394505
9280
926102
299260
638999
238379
50061
156102
207636
718007
768059
680099
953503
726169
797824
890917
509493
461835
925136
929833
330500
274200
223518
571761
213997
693527
256422
755121
790747
84212
760215
150821
385019
472425
214620
642079
46935
787469
788678
505055
392402
372675
485336
113306
519170
711379
253166
894685
561189
591509
96970
278859
97538
133257
279548
486530
713886
613380
637486
801820
546071
45317
100809
820881
278304
121574
726344
137402
289369
692078
789719
809904
780938
28611
820583
546835
929468
477884
934161
86695
972532
305045
292836
444888
481741
25980
245325
585374
134000
879880
160098
45499
751987
593993
947595
103202
593484
722554
47693
516082
464560
197459
876596
413343
293709
308283
204765
954610
887840
780059
795933
981158
565363
860750
143185
421812
645751
951348
998404
663145
766778
10278
436022
840242
28484
141444
966351
491962
796884
294185
692704
220842
368626
94912
735185
336143
852721
336304
373037
609050
16707
924723
652871
350976
656312
345796
439495
874818
118933
485431
549396
461639
573965
883298
159136
558116
292767
348025
13259
207102
411467
543160
802804
255111
569778
800441
492835
590180
792009
529957
830412
527919
538489
228039
35777
593368
152599
993212
777592
841446
47739
143623
76147
361948
704831
793025
959570
847798
574230
277677
244977
996946
661830
374698
41791
106348
528451
534145
901341
587458
530026
966366
362862
783958
630743
557660
379329
339538
537955
903417
168984
763589
232061
910761
981845
560076
598116
244678
461632
110540
890814
828644
528055
441307
978328
998787
100787
485694
792571
87453
447474
132237
278439
748000
728134
680755
419247
800054
699898
599250
39536
68735
845660
821187
689391
550112
169836
278330
893198
776245
6815
131528
281387
607458
242320
758523
585814
308423
300292
11296
42476
174738
616536
189033
431060
624686
875658
856809
226966
511192
218144
953211
684947
893651
803960
80515
4965
80242
924142
525388
23123
652818
809507
673873
866801
857194
220080
465815
722578
657211
547495
322423
407211
921825
854530
586554
505542
835980
215339
608669
108127
427016
439271
829427
638367
214263
254496
329706
78898
96161
424909
244965
133191
135842
483456
966345
485220
469250
791884
608980
656483
974370
710800
686311
16013
422545
494053
111972
248849
438974
193440
691314
376544
157256
628996
892765
845033
977009
811143
441435
855532
545778
353215
176682
681405
945192
229865
735508
937879
278316
288214
361748
782235
828160
415027
806867
370212
784996
666227
992075
779143
241993
237467
919373
131628
320797
812585
936733
922115
122245
840802
193915
900710
514153
679863
491069
750025
910632
814483
811479
841824
957229
262212
30973
450446
244953
253827
871391
466693
507488
692706
699347
989566
256432
393681
631121
229590
733579
71500
470231
456068
290613
879269
749869
830451
561161
92585
169475
653440
881511
140914
983734
994962
966088
102921
693105
459600
607538
357365
701040
127299
180678
143588
275744
923018
819895
627957
535075
637876
587093
493920
224751
546366
734279
528003
626518
751080
772632
509129
739872
838902
695016
711033
77716
413504
395587
402265
523926
148982
596494
991676
557546
759668
453981
81071
432342
827070
492194
623036
870310
914648
261185
873817
872905
108549
403775
351601
160025
936282
593816
712396
594040
821949
951727
714333
863254
365375
701088
228904
406734
867092
374321
898830
700848
193195
557096
746998
617626
761646
15094
690074
982079
457048
996625
449451
249161
521773
534047
968738
140827
581019
892686
202276
824175
643627
849728
840849
20255
43300
749156
90410
102975
877500
394400
734172
53927
946427
856874
756269
345294
17647
685174
889154
211153
325446
816458
102987
683796
682827
628141
496651
878015
243328
92989
71431
477354
296980
375072
337483
550675
815617
983763
384083
734028
640196
642014
277085
4082
667706
100136
832265
588823
343060
953958
584233
616705
999991
758063
436011
420812
626675
489132
607328
336490
977437
766059
581416
9291
126282
1746
336956
182359
84075
225072
437976
472600
79424
278191
640707
507637
425466
142758
499068
951897
561778
506571
207043
143731
615039
288582
822529
501910
167927
813216
649812
899392
474886
645210
828155
541495
228260
682586
783003
768207
104886
653312
204076
316361
292419
682904
771523
716630
171793
848360
283004
225721
614363
371432
618947
591306
609522
161873
403264
381590
723310
118478
867869
39780
995086
164303
140468
801363
407795
513213
726298
677214
129334
425224
796419
234690
113825
737563
111440
843510
88337
87729
1788
369369
893414
672001
518238
894570
338852
844373
573787
106416
507881
398329
356716
650298
885643
484302
888072
480129
521165
490686
249326
50025
311422
442889
942993
299558
186415
670398
804447
195004
72783
711622
432176
426078
484517
893211
510792
338360
717224
513302
283145
349321
977662
77925
