1009
135712
601434
319305
319163
154261
78671
960031
641874
80695
93649
57241
497989
68254
811426
571273
706150
129392
335731
697383
635374
607860
488039
835049
472279
124789
156784
805627
524743
180175
824662
144412
941670
885785
755926
178837
541712
452655
73191
963606
134502
654170
466904
974382
624127
157726
322388
316582
137597
587617
976904
584507
441722
418995
362075
178039
222752
390206
875932
113899
432343
479755
309690
533387
521498
136494
110764
779942
217507
771280
767281
241536
77381
227351
410673
302414
309144
733812
240323
570701
783694
766728
540168
618623
857892
192948
71156
329155
888821
615931
726317
343695
286824
727062
135051
840333
296138
752661
87296
237264
874230
270317
668113
126258
473649
563106
380290
509515
274834
743506
550992
242896
838430
922331
629272
781317
79218
118570
747477
874656
548569
782369
873159
853372
79870
27812
733358
650294
641275
757441
633397
549352
462415
916921
601964
855104
519151
726831
568494
450748
959667
858348
439330
239748
683313
338061
650140
631011
224935
514186
692643
803428
703761
811171
376462
20997
528539
769897
212935
216154
499121
268326
593521
507393
23666
515498
142566
745470
333122
135795
825945
504691
762110
488312
178971
239357
84939
485266
294329
117165
490951
622407
868226
842785
569505
505205
733542
891455
922757
134168
334521
834957
672815
377912
257367
945008
534497
124209
181090
352192
78768
599712
614055
424644
796920
581223
337247
945167
217903
638622
72017
188214
669271
792919
235348
385772
108365
932427
808435
310909
807615
170469
27177
607459
660475
975979
796299
881608
733026
632261
405381
54617
444475
192492
26300
64451
69732
505520
651923
77582
98275
729125
87306
451410
553882
180587
554304
947993
910489
381017
635289
839507
922189
984518
995898
839088
574487
934579
427441
843294
925048
756120
371762
396959
391016
533450
776444
589957
582854
947461
321499
812493
489577
587612
608326
495574
164244
668026
549544
215932
79816
725716
223100
118742
71284
555437
515601
176968
502344
397957
596333
626373
707559
680159
715022
989156
514107
899694
673483
695902
793954
597339
189274
826786
637573
843893
683434
560085
953354
917942
116464
912233
221023
947182
587264
17049
606519
631439
669649
421054
469074
402772
723747
238417
384244
83534
271100
193726
640247
813388
677965
406561
267580
562726
53556
536031
444861
928998
584923
703268
251646
715348
762749
383284
981602
448093
298825
779120
971162
641695
454623
620392
357560
406932
69175
183831
134882
458648
305249
242303
266850
362072
961383
652898
901593
988953
387982
808346
23316
20450
913276
218902
211831
694280
673267
650929
276437
104020
325947
789936
788898
431634
682462
745368
979520
377657
609421
639530
876725
135986
267360
268988
974014
59270
899771
80629
346428
955689
991756
190565
686349
254173
300016
264703
22262
66949
976821
924852
420348
627399
425786
22380
16338
752796
265203
226851
522604
271799
582921
229855
43313
665935
685470
224330
327760
987211
717550
667504
842666
31689
278929
519381
868077
748620
65437
575412
588544
737408
185512
709904
172058
633578
116011
66873
704878
739632
460609
554974
148161
362818
532815
338761
891739
521444
873855
673403
271259
865370
967460
440676
342629
40239
366786
201407
351479
960929
278693
485960
967322
254124
770543
406811
973556
438193
458352
230122
179130
173571
722413
777499
30530
705295
917635
570300
210998
412389
8229
507236
425765
433831
242498
101415
697459
678988
254210
459957
456177
888018
740078
973839
333704
310590
976047
893351
133582
687441
807342
346708
20923
537801
224027
894319
30645
413392
900618
66509
722311
633350
401079
505624
879536
795174
174890
266252
291736
703319
962677
381580
182365
50641
45531
527902
151820
503082
220299
278794
853676
654268
756617
594378
306355
571893
437806
380462
262108
331579
575814
555343
233360
990394
660439
427757
468225
136587
118017
484648
998294
447746
701825
216727
150848
740628
409807
101769
846316
120099
669544
377174
2129
432872
312038
22176
230185
486332
355082
507115
807932
329987
921884
419542
66263
146805
81513
307062
59612
763338
278892
3918
678707
492610
383175
709100
80990
763662
637296
795555
807787
287070
628137
131808
410370
701000
549799
631339
950558
160530
310804
660348
911513
344860
159984
233911
690399
162285
856339
306566
100869
545176
821005
794322
36658
668810
289262
999262
515707
314419
400545
105856
702925
77327
356019
627836
270083
380560
50418
619966
370136
680618
350832
235828
703798
43643
872039
421638
79917
451092
65334
876595
980863
804904
97609
772361
533336
77008
90904
622336
51674
732792
84678
100276
314839
945642
800617
892478
569112
480501
850409
147758
72154
180857
334657
785958
921048
751506
490403
444438
439619
319199
486904
342159
975119
456366
273605
800582
524903
124741
405417
79976
12801
621391
390467
931284
524555
160738
272432
192122
275269
772585
620786
362638
676520
24819
515372
808424
773252
969815
613321
79035
73767
985793
705277
407152
489465
682718
528803
369246
109157
512608
866502
22760
399986
262382
699515
340020
469872
44011
2347
724675
460813
100386
494063
431090
547079
421003
789652
401612
672316
803196
142718
743817
41501
314607
454632
22824
533505
864108
231561
636260
645205
140243
571538
523222
865906
781128
550932
662951
263623
788987
224383
488623
76725
102930
954566
699567
591866
763766
72158
397927
110916
233271
182372
748309
471527
833373
326878
591308
780202
431180
242841
534509
367868
59475
138674
312132
966084
739985
331057
501441
791190
54276
9360
514641
249409
989807
860889
506776
192517
990439
209133
462094
80994
497211
372897
305395
826955
495806
748418
795056
567865
131507
27129
819212
420381
863635
174026
850695
500397
995261
238198
188502
812704
457403
624001
790268
841653
829036
244238
94338
612204
565652
630886
150995
413976
214845
19799
433654
731276
829831
255161
950632
390131
156435
540940
666325
269244
156744
185149
169779
581810
820800
329607
402107
980969
620115
804470
63493
437908
853694
624455
586560
532724
30895
896300
389451
209707
235055
429420
40690
64623
279276
552870
217352
262937
99106
797365
145565
53725
713574
133551
577756
148372
458255
457928
797700
615030
951041
522644
208577
463011
117783
938410
748454
586464
279404
590692
521993
866975
550854
299586
380220
915510
931808
392110
199459
710322
903699
855386
342583
997381
13920
237254
266198
496794
901276
610013
565252
487561
979833
888831
732418
405094
497901
215002
67593
501172
232768
148401
133411
6519
548215
670975
755559
737447
374936
646772
919503
529088
31386
419806
872119
41655
369643
445091
104308
63047
40989
815083
5519
433320
559470
906970
548829
237345
266162
346171
261372
305013
308255
348856
576108
28345
421685
965893
178631
615749
552712
919773
832415
205001
715627
251493
360434
606903
360507
840940
429324
708190
594437
389844
769210
291543
391125
719114
24166
133272
107036
408304
689876
497254
320573
449948
135416
143271
629428
136826
46449
853
201443
639757
465510
173263
368763
933522
482236
706313
928195
7109
992945
832996
910664
