676
962402
599569
442395
679817
453750
65431
481825
176656
121248
272087
832028
592388
767034
800230
924768
669168
905962
239755
56514
405076
4604
641169
946954
973390
916763
1790
851767
271444
767916
453406
737577
778142
492808
202488
347375
25057
218708
710626
789229
939637
414782
274801
934186
738327
933013
996104
599028
146443
992197
673681
699760
456346
286702
289994
652930
828473
20193
568695
209301
999498
266614
434358
273031
286331
636941
497263
900980
802637
394911
704873
343262
428847
50240
787002
150710
423240
563187
24919
772873
204244
260073
12745
873738
868134
742488
942465
790520
625483
792309
82434
918124
676111
478222
387004
639937
692761
803653
809593
442272
294385
559212
731888
991974
846754
901946
820471
876149
524667
26920
449110
343572
483439
99691
419511
447875
694940
677966
238649
757920
554601
711467
114083
789615
116104
111237
493877
805834
69531
364549
558171
760548
327475
799440
38971
410171
857459
231297
551405
190554
425491
782536
427978
343944
806208
639838
744733
244689
583137
908452
34551
550318
354677
450584
641823
119315
937624
935026
765478
874133
963044
493793
939927
287543
862004
655837
486349
918672
453444
617641
991264
640282
149620
715559
709815
444249
372524
670551
1793
886373
954329
423470
962239
261526
106644
77519
310456
854476
867620
446504
211856
66137
58458
317996
178163
612171
689243
431976
406380
460057
274619
23684
172306
773352
109187
794777
902049
657019
229909
230313
274918
187702
359591
775679
736148
416781
62699
31972
880309
517902
490127
823675
744890
129735
668192
601658
9971
608725
360969
675461
792410
14858
801338
926568
942473
629050
485604
984177
473804
208674
699808
148776
770321
582326
681007
92269
12796
329478
56860
202476
901655
662604
538942
326078
200231
563796
720922
324447
220185
240456
647717
446344
428315
559767
417958
67113
758600
14786
640378
309189
585531
97731
430066
221417
686661
160794
602198
163210
225593
190965
271437
943418
29476
344378
116756
785863
508186
105717
640044
179568
349227
525657
391633
500613
184181
917237
350372
395546
154387
639092
290602
80679
232819
434256
985773
339711
228422
578453
409792
315499
874960
184270
232032
708515
14687
59790
876918
225640
467928
100060
788026
29377
447468
113724
790129
934352
834410
277910
604886
988239
592239
679046
34327
436781
86456
851455
582582
318655
569432
673180
514832
266148
728132
749125
60347
944442
950156
538554
811528
83319
383205
163071
702119
216677
36193
121828
41450
971900
74687
679856
584866
259037
506207
523946
353190
42473
97614
698499
809330
581692
795775
18403
919595
793866
637787
583502
20928
248084
95087
230259
322285
432902
7044
113809
961369
865968
664140
65222
486432
731039
512312
317238
839531
108887
925031
84244
219642
943472
93624
854544
9475
59338
315200
538781
273524
389487
623191
632926
325717
202179
503245
547372
512137
361322
544186
331974
328627
687542
23475
433686
693942
935947
855385
198236
490516
821010
541003
727673
926712
257750
779131
873050
168207
108734
893086
191999
907280
725095
570173
750887
618077
572702
262249
286234
726977
406647
380748
800595
974809
444493
824858
492423
264528
287062
591717
436182
725187
959777
907984
231565
907907
439599
924059
583766
458360
450668
507742
131453
37666
552840
873489
125023
910843
119222
889544
255281
801785
570561
387964
640810
592623
216902
133827
212750
355731
196946
833890
857240
484058
80536
281465
558596
648832
315919
989660
155830
226596
127526
414018
967754
885263
553253
501783
563705
556693
668898
19308
728420
524116
457628
567630
717057
10778
230839
982644
845471
860195
699412
268498
855767
247679
214220
777098
870737
915986
891274
326914
651248
769205
642242
960848
27483
413883
482450
4946
228265
156174
65075
213339
523880
383799
956123
977288
865162
632252
935475
992496
173101
207331
790064
591673
500806
566677
908177
400200
46505
233886
728947
362064
359607
384657
470996
166156
128996
80840
719778
140295
709283
177929
150591
383000
810097
56325
431188
807788
158139
52922
710415
140348
986541
915896
809274
146909
406617
11392
943673
361013
436415
842887
166176
805451
852095
895643
822319
496632
453592
176349
375979
212218
483100
804012
109337
596776
249650
492578
237530
609791
696775
340728
788446
248730
77075
672005
289286
114560
887044
28195
511514
646488
507273
36146
105379
10999
620540
284342
253607
503002
417388
141020
89215
194159
745094
36442
71446
819021
706720
487540
31872
672645
19683
44250
841204
907600
34578
837935
7272
289191
743099
699044
776904
524978
855480
650243
704978
162776
566562
378952
534033
562037
122196
956137
799859
15018
139543
708727
396873
67022
292591
142748
372251
552193
619905
992644
714854
766305
110111
257433
