398
531274
992204
780422
817954
158743
702605
568654
280252
101144
204418
794211
999114
921589
277030
754471
36408
480666
769821
882326
347025
515179
936070
490376
993498
897621
851171
108755
364171
714944
996706
826125
99114
119392
503752
880558
456966
141291
220601
936340
38222
366245
502694
553121
36876
601047
63123
803519
81281
563934
72196
980100
827037
251039
25091
359856
959899
149848
118801
166867
68151
176466
365863
165772
767437
668019
966951
263788
803920
99503
19364
465848
434979
380575
988042
520077
995863
124074
694060
921502
607682
649503
682216
405146
988728
894053
689017
806249
166121
889033
610073
604884
636695
943479
274001
31108
58993
607172
759262
473122
351825
171176
288322
140830
367055
893961
311908
429515
89920
330226
497764
537704
773839
748066
346112
751354
845173
710017
664156
184020
986648
853614
85425
345913
191294
37299
931797
495448
610092
474714
806050
449781
25823
317017
151750
418473
601446
220328
971687
653120
918618
21492
88496
66176
790843
58220
459581
136585
754921
490744
718943
403160
646076
972233
901132
445541
343488
475787
307878
909229
256976
173943
611558
542794
842125
846918
366949
900477
194748
987136
377159
153614
921658
906610
777988
944522
217500
251198
683028
433260
121511
570893
255223
57366
581160
325343
104926
29950
360242
925954
724473
257446
616946
237281
217438
363331
341744
297396
104019
739455
779172
260949
538104
875354
563315
717555
49236
745451
815685
50847
806202
756741
549379
66884
862039
478709
860786
386547
860187
541735
446631
915996
517442
75240
395238
772442
216190
571526
449627
663653
836483
424467
940916
856363
663982
346249
407001
50680
514643
266439
740745
497809
251233
829433
387282
374049
367540
303959
85549
801867
267576
551620
854963
773726
953460
532630
570816
381990
724858
377205
173987
433759
797162
916444
850943
955653
639518
200125
338113
674375
518581
273921
128893
541657
79807
439149
858920
304105
777986
549152
90540
932393
417127
557753
13100
26315
662532
306325
628052
314443
897287
267445
698331
879334
610299
744511
635288
591656
477754
394075
807806
267043
126192
94782
503286
121019
285895
805891
260951
382751
329332
614069
62341
418514
256030
89257
413795
75495
909414
973512
896246
621451
880279
251819
313687
697404
939884
255967
448724
245144
812536
928008
676005
137936
305654
25889
740614
284219
141677
206433
388469
434759
393216
311289
262986
605642
915792
346426
621358
432182
831310
610964
255161
415723
922784
269050
161772
490535
314223
925281
157128
403545
623179
291878
977225
607251
529404
9167
340034
183453
116454
696617
224086
132965
430103
374225
397072
860693
593457
341391
72032
30333
612591
726813
497459
716783
830869
307589
14573
983658
417656
914856
886726
717806
645735
153499
932798
172846
987061
