5054
672648
867227
580315
993329
852408
966406
18351
27546
829902
58516
802930
532372
506848
208706
342700
864514
419669
306161
759568
718801
506812
137214
588003
827296
701898
344496
726660
451772
536558
551179
752860
943876
750483
950721
29538
716972
210865
306440
861259
514652
915408
123463
53005
708856
209243
761577
556111
619515
287325
815892
2543
995772
11802
741684
249967
765139
309004
389105
138813
760661
4153
195647
827869
599418
176685
594131
365941
38432
140890
900979
687860
830504
681032
821478
296736
901182
251450
366731
26236
893367
280607
406790
906322
371475
804978
245077
353506
69985
1775
740160
96487
885122
351921
943023
270274
206597
605229
579605
887730
99845
333066
186847
934435
447114
367863
281695
346251
864977
354539
158567
155098
325296
294730
533486
90489
67542
173412
683249
103856
338756
136484
140023
128360
592108
97247
403712
674378
496548
221324
351945
492101
634247
862739
679615
716463
292904
161726
708030
132099
798516
5900
174596
857545
7459
490084
638135
656723
480091
30055
718031
975011
691681
294686
644961
988458
63292
579538
778377
336363
382056
444219
520372
502590
933748
573136
567239
836145
815353
683773
349744
420361
472247
281843
832199
182950
752909
783513
865440
291588
717780
815776
588976
170078
811609
578932
289624
861293
745334
766030
232979
769357
717580
890278
124601
375873
346655
798086
75053
805453
163534
406202
947754
999681
950829
819108
751716
788182
172161
924588
31070
995057
777943
701204
336904
6788
607041
200873
779858
978004
584046
913237
15057
547861
380773
957778
964172
778929
795038
827705
520293
24807
803133
169080
427231
624464
960556
122850
344272
69374
247315
604257
222308
827517
627255
299142
949259
623355
588396
142529
605440
933316
247288
716972
890807
839845
208390
646081
565539
667186
798532
313708
557217
448676
785498
117884
403076
135514
110726
959923
378494
975232
135384
950268
528103
88845
746759
154684
245421
853862
589871
609345
537305
481120
537960
426391
215161
454819
275652
718905
283376
450922
717860
665317
814486
269734
550519
558472
460621
849666
126481
531033
796641
790722
362596
859138
74459
38404
381981
318840
156003
91241
477789
173484
287247
404557
787474
26073
187596
700465
666418
91390
29095
671610
254228
432294
895545
814354
848555
438626
724461
829421
998431
810777
907503
436710
569737
873782
270515
446855
821707
172671
687007
167080
750794
963654
359383
104302
709898
522296
839267
756981
436388
633746
113662
995464
619366
227636
32893
809485
98055
99854
718873
872510
398469
568439
24924
838098
197533
414044
680100
885114
767399
818581
794327
473735
577483
610579
900580
392168
851044
911798
238577
245521
648879
780475
70439
37048
346991
768210
974550
926265
444001
851982
516357
799706
175895
687478
450394
258856
239412
3832
300194
165248
313027
140349
8510
332202
340340
173592
487915
355743
981875
574872
624300
347051
54566
843580
723158
598189
552900
291526
975352
244092
735693
687208
661412
593380
570665
198491
770462
574734
868897
851151
432161
649341
950132
110205
2568
504180
937239
757464
751584
977398
635917
416353
593607
311525
360158
229466
332032
253324
542135
639506
53143
442360
74525
784223
898795
252545
474255
898282
243485
290854
199800
973796
730964
161238
699662
535703
811946
466251
687370
241175
246
438801
41924
496343
668598
706789
690090
6999
657945
186616
995613
267451
415207
879955
608168
864376
160654
498644
956701
878631
755914
268054
404686
194300
174191
151791
916197
798928
964822
828243
576481
180570
714530
467221
102445
310716
48558
188622
957278
601273
980885
571734
536521
920005
600541
435119
18623
76277
390848
328642
775847
92118
482393
743169
384374
549721
78248
212267
891917
322923
460802
448302
910318
208483
395800
14502
29276
110421
191649
657667
172175
34756
807527
621642
810769
617844
243307
298482
420216
863260
595446
157230
283584
311290
115390
156170
959237
668801
387185
128687
459993
161262
12769
339329
987272
706873
446603
461479
763174
386918
65989
224938
13712
810490
984004
148342
496264
925835
650247
944703
565927
359281
214052
518909
667134
92184
314989
140439
480717
629367
204927
415134
266911
765787
588070
624944
532032
460061
406384
155069
115869
363698
746509
145958
371254
662817
792159
407105
244482
531919
966564
540921
783775
800374
815421
875539
652723
229300
695515
901643
997349
619584
116485
773532
946098
844791
343688
933983
311980
96341
22651
405387
343509
686655
713901
563483
115732
597308
640302
254413
165330
42052
574007
533830
770612
817393
466742
820243
27957
600466
966906
694346
324639
726623
523640
581455
156709
530182
828024
131954
932832
477988
357279
364598
278884
55119
917593
218861
390847
314576
868258
753918
178893
118574
175538
837065
632315
907813
41667
484897
659286
19510
292800
785336
218511
463768
998540
888152
392909
438860
994923
687245
653487
297870
760977
431201
411421
84455
24453
521023
649801
825183
663282
128825
877768
834640
112202
33701
846791
756118
685655
860322
844523
642339
574432
449272
1673
392239
70004
824158
691007
755660
33366
341589
739885
337047
203013
372529
624084
240139
660454
486007
597641
997487
24848
998754
838037
855728
752116
80960
342572
569737
605607
287354
578696
151902
180174
902000
548258
546857
962341
584514
590733
14283
623851
317164
511023
830852
148974
136201
779932
225406
60078
66808
9936
812932
971121
995740
891785
902608
791523
840701
631039
590593
729383
827916
154945
111019
437374
880643
983022
891016
930386
760171
510732
965197
297888
926071
571144
299736
630273
798030
514635
702021
290451
419174
940724
488864
114440
344588
331896
975988
13515
850496
407060
262466
493386
454140
293226
577742
86180
645013
738815
189971
383537
792059
410896
821398
871336
618331
766796
782936
25201
682531
845939
850148
981320
975973
225033
923273
543882
658837
660150
797218
377056
18605
334077
770193
598149
372207
538647
921290
142837
945930
550636
266251
155060
838742
319853
780457
431800
79418
166544
987846
384563
234349
570857
195935
80705
6553
403362
876226
724011
635675
136791
206877
276246
526823
297616
300080
859275
876809
671260
900516
496036
643782
618630
771510
142159
635937
665655
637004
399874
635513
445416
580584
116027
833360
316289
990778
501939
468326
940755
538639
955423
195396
971503
615912
966369
722644
196065
443238
91794
791277
320076
812128
592612
261293
93219
856855
960504
285952
922561
122433
693499
740989
775654
719297
565885
655023
57231
563960
443536
343344
482289
452213
15001
807217
832209
898312
709238
670231
363395
65396
442700
274816
268413
64962
307243
23011
565655
196082
551264
686166
675489
302349
900760
355368
442337
565142
24940
761838
223015
4958
116813
750747
206927
522359
874317
390473
897171
48896
118024
625300
947402
639775
371373
575141
348993
791310
868781
959821
756788
136332
286270
723911
967850
250291
39436
239008
128810
519658
246269
272754
656669
721008
401055
544204
832257
127577
434225
336749
806663
21014
639627
332335
985291
562796
176298
239425
481326
786183
486940
532877
851537
70824
542020
143096
387183
681081
455819
236359
992407
54273
576419
378143
907589
644466
782521
299685
233948
354528
17463
623748
674307
911116
334643
82188
787609
645407
875319
983224
913302
581746
519277
708104
129663
939018
771815
275341
212165
89377
630409
92419
631995
102687
474580
203800
82995
609768
893967
75659
134324
584270
230292
82800
350809
3111
696756
690127
699401
809274
893832
115820
990606
366035
403925
615522
889428
948854
915931
312041
166593
520816
770042
544183
172843
725257
932609
363906
810682
733013
468821
178082
503771
400425
778363
627285
943582
381611
835138
717917
71598
540355
557456
329220
777514
938734
99911
659135
536740
8177
87891
22704
136629
593642
274195
977990
465338
205441
217633
519616
80688
928446
993984
344974
900456
815797
422689
379992
7014
52124
761682
616344
609628
645437
778180
305186
74686
543942
744183
728004
418114
796478
337156
497864
174902
636562
340550
74454
629949
418254
744422
273782
714599
976615
548354
125108
202732
271860
955258
532444
406853
662845
361366
497317
997672
733356
159447
136874
321054
289056
816217
308819
466306
545825
720609
338258
853400
880878
222729
823050
585223
245233
590469
685770
844596
729428
568913
388854
116349
54828
543673
168582
986063
667987
16516
571688
285669
417429
745662
921345
925406
440641
650145
699665
458936
494815
195743
319541
935919
514112
365647
426181
856620
196016
108145
344413
307564
448648
639008
516793
107054
321056
702995
885818
290328
92706
110415
987717
133735
758907
190637
846539
933009
273706
290947
707043
187898
19002
979250
568658
948366
689805
840204
899949
564609
494670
441183
871766
245153
19656
236899
171426
755156
669845
447292
831387
225844
739566
21291
917025
852035
13410
603159
351019
187341
216226
796276
829611
692697
16120
439886
248464
937803
817048
139252
819109
79129
470735
327555
756054
69864
109336
637326
262995
273858
809230
904871
19725
194998
62011
864845
106590
749005
618382
811505
745477
277796
194219
365991
539663
855531
353309
489446
623185
743801
387943
691131
307793
853321
447736
970193
680836
506261
552060
158869
982066
711181
769167
244041
65142
582580
864908
505127
31073
209624
836356
723311
70526
466156
239370
335567
436849
223811
667244
762735
246585
458539
633852
832598
658068
858212
321932
677756
765122
678076
98039
433516
575265
635784
109596
931733
777271
883392
802918
699503
223759
663800
770055
718853
252730
464439
748163
193442
81399
449142
611816
40924
949229
333814
137820
433912
743316
876542
220303
24184
652532
172336
135055
316360
606022
88135
323066
302657
8310
114992
607821
864791
429834
833857
549659
41574
13276
642458
487194
749652
699587
182679
589528
496610
562896
876783
275787
532372
641204
750380
299717
425467
191295
149383
961862
653980
23875
499231
650475
206591
591959
839126
113669
239125
167223
806729
761093
254726
689353
86761
282707
844759
19643
521530
381373
338869
313287
39784
163020
618016
757144
36929
690739
940855
734343
495316
263905
627548
784190
841955
575030
573763
305213
500999
592657
985116
77051
287137
726344
309723
193700
154680
38065
439008
12609
780724
678685
156104
531638
853622
847589
313296
484388
69074
33564
334689
291887
438570
140707
569084
563865
331752
827420
836354
536333
860887
856119
237793
34488
322655
377640
484375
403218
199899
755577
45540
214587
496089
644283
11728
34624
318445
656216
384790
233788
522226
642244
617388
591515
725278
139346
836080
256378
294529
389347
719024
8362
710874
51769
93846
245460
726102
16361
481902
751158
54758
566127
962070
568395
138235
342875
655873
725065
287137
656362
50791
902084
869557
810096
945165
539824
840517
35824
675628
432004
583874
237198
852865
110713
298404
422299
62001
940209
355355
698512
46998
666613
520557
181398
559210
748503
639217
553602
653454
57142
926438
787038
39160
906080
147312
194338
31608
238738
206577
40770
983397
544666
616448
887841
209320
384414
453193
662115
389284
150837
639553
472224
644545
799347
32835
772148
785492
939970
48524
197107
981100
460779
268688
654906
137276
491828
902839
890977
303520
207140
878071
269388
281038
300194
152910
299041
488346
33660
904605
588243
946533
602051
446364
307229
557283
542866
112638
948939
212680
845936
550818
464882
638543
375819
955762
933696
394151
675109
321884
105262
699450
738955
410283
86674
6682
542271
500801
55632
744778
107383
786035
769137
989799
38718
744705
843660
176946
310137
214768
521760
748731
920196
612998
595844
179818
663611
844706
527029
683821
973269
440501
381583
48954
917482
479073
847703
925759
463317
979308
812212
870830
288884
911521
107902
317470
830156
59459
701999
197984
656586
976495
943863
989151
828324
943949
420587
807986
948510
903666
785501
666178
252009
183382
527047
323475
962406
321197
382368
436657
718600
904100
185105
62071
773718
239353
63297
950463
494864
754359
841292
455713
155753
928653
501779
203306
813747
714442
3821
807899
663833
133048
905404
429210
847173
905042
741658
304442
455074
991586
842481
94818
865275
284987
770026
426972
206594
9808
825149
757180
887533
139568
798631
248811
187643
443679
124154
377359
677909
393490
21774
607896
282447
449926
479829
594090
801485
822845
82444
573922
543619
695766
5902
319111
868180
527304
190787
645327
353692
135291
545781
438027
855561
727555
75011
208112
250788
309561
649326
55682
116334
459320
819536
695902
833573
375665
747757
650725
892646
403820
428514
86017
59052
200859
230458
447445
316086
878812
659232
319301
703175
264588
107630
552798
172295
542595
918819
617060
932295
442607
450100
75383
734178
275856
654329
549985
604222
137741
413768
43583
809074
126962
263711
962697
996738
674567
930298
556415
606597
298574
246085
791601
415592
583192
881452
423979
776267
996804
92174
991036
336201
742485
99023
230114
966741
811119
36940
586836
94143
894894
714794
847724
535254
715683
763976
903086
523304
119084
767443
368569
939621
202159
48567
172616
104354
804083
118834
984805
868921
238043
231109
977516
104397
151487
587077
212536
97707
390312
520718
26604
253516
56360
541142
868064
950135
327508
865823
817189
799875
814752
784006
668983
377594
563413
454457
449150
933401
894577
688134
666753
834677
711515
574158
835240
895863
757953
321240
35116
149640
388944
261698
710237
810632
757135
353618
426959
635127
566744
123178
458594
748982
711477
700570
293101
99816
310803
597264
671303
708467
477285
542826
551921
921379
513368
382892
561251
40237
620270
224525
794993
486672
91450
706156
29402
529495
714743
56800
738542
797052
36164
545324
510553
801318
477056
900497
394959
141779
276542
678910
188246
187409
934437
598691
662955
390247
637863
600035
949778
682384
733148
778408
270013
256743
293626
598352
612696
41054
470963
733829
677039
564200
744363
674154
474813
520759
911509
318769
64658
8479
244073
999881
609311
318746
800772
147189
550561
328101
951131
232248
168168
356039
616349
487852
571396
964273
586917
952178
255243
440833
400601
370052
360776
815585
19426
93479
111939
594764
534664
500412
128105
707313
581033
954996
232216
281007
278037
324835
887753
412737
411337
101294
9947
342771
12998
870495
365944
431442
66382
990167
22822
205475
556155
372771
581100
317897
245564
341159
618974
350218
605164
857782
132488
556843
166800
154884
712947
999351
423597
151475
8854
922335
793412
705417
534108
812859
890220
901123
351118
471662
7946
431938
115742
712168
926702
563492
465231
428358
557005
704238
391299
118292
116503
384869
775651
578674
160245
578492
621029
881236
754977
977383
389821
148963
496673
416398
832482
267841
869473
849501
266939
304490
2028
848120
939942
76981
885511
97100
598501
752442
100138
253377
619942
575694
453404
955979
939438
567082
94762
818592
916321
963946
266883
113732
556976
990705
307955
303167
732383
764969
442874
187952
95346
813544
736328
814652
937843
243246
666328
657311
282403
687627
442214
440162
727803
836830
476174
343085
519773
676343
526083
776564
114972
444702
413224
322829
453412
111405
796686
938274
725448
410648
848139
441346
312743
964109
620531
583506
142777
676278
479350
226208
284731
471068
228182
417368
419317
300325
101891
203087
991525
365694
745748
130045
475018
40851
665124
40776
652046
664571
312647
667387
217296
282929
467880
943317
911758
547389
380288
200958
362348
988018
590453
679124
307299
113296
16781
856676
856457
50249
509773
201973
351864
280225
178162
86334
452894
216302
805003
910839
804321
35839
870385
410700
970668
426777
534692
600302
378075
698909
303812
11460
216191
553541
654569
724672
782222
384909
652191
489356
62634
880878
712577
788770
85836
358597
425073
974075
983373
238035
411121
532895
608529
345822
283489
894683
483856
860148
327893
659921
952834
612751
326930
576361
802663
122900
495973
833637
516592
656566
43873
660755
485645
752247
399347
910171
124884
72911
699299
669752
644875
647909
143593
72644
562834
193530
185514
448427
980848
685541
126990
840002
948216
128057
639935
658096
187223
908482
560959
578442
633021
242926
932902
673149
75942
574921
947959
473060
925700
313633
265630
731642
197259
80905
90057
119593
48600
421816
202656
812097
885823
245073
787618
109124
185072
445949
878173
455710
970692
118644
850122
797938
358570
214363
419331
560655
334632
392840
323489
329473
345808
373985
74742
532100
423234
786082
945508
790356
773272
476220
176600
895519
393010
217499
910695
696988
614557
751424
638211
422197
260962
97678
72089
205472
593193
32736
155915
685196
131529
189719
244485
362294
737581
161137
822526
933786
342244
821012
317197
662471
805188
334891
342885
548875
4540
889575
248495
756302
480053
449319
159490
463995
691877
748530
244162
502169
777520
883873
270162
731832
41978
831898
973431
609734
904397
859703
980426
578689
760676
269060
831001
437191
451602
999207
722972
250825
647314
434779
154895
385310
793900
337941
847921
558771
329216
594567
30743
155489
703666
186946
789229
525143
100914
151094
87690
621366
628070
50965
505903
721084
194551
97430
846493
432791
81461
588182
373712
70363
306920
653784
756187
269135
674548
331373
932257
369826
623847
287599
463277
362875
429155
735143
505711
892142
879459
810766
358292
205770
189227
88177
40256
58831
128528
587117
457131
872253
987617
509914
432277
219079
240561
369477
747815
485543
547586
701205
446056
664331
350096
107790
463384
680685
264695
242164
248173
84608
593217
246983
511079
24198
393552
443949
950098
755774
98341
887278
615512
805243
546634
589657
920384
975248
641634
832771
878983
158440
887051
317871
342425
891698
395053
877129
263852
223737
865058
323789
592570
960529
951362
811141
644761
994093
558281
444527
241720
848014
207655
788668
609144
504342
450725
601973
925732
329147
981423
135801
932367
308502
42626
862369
516105
402267
180275
413828
51069
693668
263001
885270
978410
175910
684568
19883
80380
505924
651723
845338
253702
939394
337549
359868
563167
44626
302692
883412
960982
353034
220683
701320
71571
224503
803355
201102
376587
924235
483477
465698
603423
298033
653454
140019
331218
4865
650231
170398
769573
580687
713160
407889
385937
699102
404873
449746
809953
612210
184893
512792
830761
841411
665643
361239
134630
358798
530890
534873
361268
197253
180040
184456
53030
629030
538999
772488
442565
431721
165589
801281
199656
808018
458486
670778
25133
615783
345936
118113
383761
708732
689315
219175
545393
192298
857411
831496
778910
227166
349379
841832
417879
184397
129792
882777
225189
916613
723719
444921
503576
577055
48932
682296
890201
126865
329736
820152
408620
233632
887446
769101
218757
568434
339914
563108
291715
558785
974982
455935
473933
538476
166523
545502
590472
735143
787376
528506
68466
175827
472114
833834
330590
591977
627096
198761
804684
386767
83186
270639
397220
481485
886158
827195
151951
824025
508774
558130
483315
659854
206249
764769
509129
655739
104100
476767
960220
81432
539661
554318
146143
244884
228972
977664
777004
369994
196327
68597
869973
915217
788648
829378
506537
483890
775917
115982
982341
548661
757227
49207
286099
508628
345184
785682
816804
188881
726964
93647
657062
399203
864843
175610
218306
299211
406186
834013
288212
628998
384003
68483
476296
283867
949086
988759
363662
530580
34342
165099
334969
415881
121742
433302
837753
636375
709854
685877
228275
271728
779614
962321
356986
170317
473309
252769
917997
223550
181470
984550
642733
876257
283872
190772
986936
433649
547785
900369
618535
593334
404078
416118
326464
399194
824769
653234
811705
430172
770264
199470
577930
650589
139478
463243
202989
577240
499128
596264
583413
296495
43902
516799
450888
743520
302835
645999
810171
711318
183131
477652
986376
288668
519225
193106
643054
426092
414010
631793
322150
253734
129729
353122
207741
940700
375888
823904
858835
312586
640592
201650
955246
511075
57021
700749
610748
754182
552304
845206
513635
715856
65546
598020
940999
584139
351738
55780
714391
120771
973804
979126
493716
296377
314191
427957
515936
79793
944000
925748
339326
774246
704216
607268
742636
44254
679439
326002
332314
329752
16523
776909
821062
860065
683785
499077
990133
917765
997607
113551
234447
83043
568715
878757
568408
237850
751540
899594
95431
531295
919003
241515
587845
773489
195909
501985
537923
813411
655848
670227
824632
777432
298167
265785
331318
585422
915148
241595
601640
413904
864753
460536
712810
92431
341003
639330
513669
543179
140644
869190
178054
684652
594196
742953
764985
145005
381002
168206
436487
279864
851068
775317
681961
131468
10089
305853
87112
546842
576135
948362
744435
741168
168015
316738
438460
528332
356641
196049
265839
155155
75796
636108
537712
488922
874078
873554
800816
739104
293341
462351
750668
404767
932480
387546
547330
393847
522325
79166
767888
385291
547823
978966
433131
386919
244083
159377
859481
133598
105215
728790
958379
267763
897336
728897
150299
316205
178479
909898
207294
446670
245936
212359
748901
172188
766566
558280
664470
530654
544558
565344
830498
280995
923446
945859
116323
639227
271634
978635
604180
412425
682971
360725
203725
46320
412164
561544
25113
443883
76283
67893
605237
606265
807031
767130
939880
813621
212900
457729
517818
965892
194665
65542
306770
349223
599890
699061
388720
501744
393183
236114
238275
535185
211496
489970
7079
814095
873131
64390
80447
962902
462900
285048
929708
313191
663271
250413
127207
246828
213997
496427
811841
929069
484473
55636
385332
300314
440438
635793
645028
283336
980495
784202
630776
779449
488602
554577
603024
349140
730210
907614
256098
108659
467343
943861
29812
757851
177204
130148
296504
85319
184501
947176
244095
104029
160787
470192
297499
105794
365078
396985
508630
120649
14294
69912
670408
961606
129573
561366
22169
98561
189596
215733
735444
632390
353985
624081
365155
884314
668370
910498
822061
796744
278001
489182
42761
229657
29035
60923
471069
830625
528422
986834
202008
240822
607527
234207
558024
437372
202238
531749
966168
855836
511886
423726
273642
562451
735677
861488
965901
627238
356020
172044
22299
628147
855059
769008
519922
34531
83125
924315
439117
406140
941531
762880
724670
59027
479415
561220
998602
641951
254295
31522
510880
519080
699948
42414
282552
522461
199799
968247
751109
370885
156239
283717
100182
549326
959697
269249
422030
58050
732388
201844
983998
765335
148647
816424
423772
48869
252922
273898
805731
100978
350822
10097
150598
345065
860458
598169
472722
922986
827427
245320
430815
150011
493526
815730
268914
897627
866269
357559
943282
838199
187565
465705
134469
722614
380544
288876
953991
996655
121251
195894
536487
530170
405918
298551
957853
87972
406075
579986
604939
677372
994613
936328
733680
942026
646655
755062
426115
753439
700205
996213
339954
469448
525635
760799
430710
281308
664665
914929
48339
479477
305063
243532
87849
954811
688051
613334
894970
797404
94804
815613
544121
889240
779361
344540
349195
184696
978171
421942
980573
337246
645492
213790
338465
10936
913691
332217
813542
783758
608102
697884
194578
276219
460474
849423
159999
787129
521433
349619
495920
468437
197416
116671
291951
933313
938140
371174
130052
515912
665473
574421
31251
170076
676967
270104
78995
362891
478953
459932
10471
809296
457499
779087
155290
420614
812367
699812
328316
87032
644740
69618
248979
801875
149228
222012
289152
155069
553497
216843
9072
640894
962691
893816
58619
320924
944760
419718
918236
895238
403232
626155
480526
12902
348140
243312
393535
703577
754843
240046
400499
649915
347624
9464
513208
398299
878996
559127
729217
800206
865675
340784
208994
454175
833334
945666
706599
384868
101788
48588
185937
995372
49077
593675
339566
260820
477133
412577
276756
432056
209682
239057
382394
310535
650106
248359
325042
964208
393235
689333
239879
210105
611816
779447
101423
190894
695501
685080
560493
966390
832456
860238
898694
48001
924828
431328
811677
674141
785907
879688
768045
473640
419239
991155
310691
655712
423277
863588
582102
17366
233886
218169
896164
665345
130916
75718
391338
29103
439741
855837
662687
540566
324399
853296
329422
654281
132296
483149
726446
838534
181265
997511
313887
721196
981007
544117
628931
822282
356661
231444
920887
120594
224105
905928
215661
11564
943665
116544
983464
590567
690298
999286
24338
721354
941445
995734
50429
413833
620655
186550
993268
118163
683995
304196
382781
196104
349309
179070
397679
318344
30406
797657
873578
549351
374823
498117
550774
933372
679812
162952
625147
892569
789943
840647
678618
424084
290558
977892
930280
364292
504706
383232
154245
37640
246853
756961
938716
604225
95015
367599
564345
315295
736020
91865
529409
487769
242957
50389
266963
10614
898642
174020
329210
198217
897386
154291
926155
435066
620814
891134
989794
467390
123960
28175
946803
251816
336579
418180
278095
177625
83327
849839
681654
61267
918291
146166
213523
789292
934031
358939
448792
455390
740622
806870
377078
350459
37188
686303
572985
424445
452842
403528
244543
850684
166083
260550
330451
132664
316105
950032
768810
707414
442297
418719
38585
314408
980216
157718
768497
102245
523744
787260
908313
566008
537580
357796
781766
37300
98748
6958
811640
268068
89348
697638
439188
579456
80215
487177
72314
911292
492684
626856
338306
123963
416714
694374
305368
152290
480182
6363
820657
109063
156661
812827
204905
927111
704992
764945
814779
475318
820484
871428
643804
394354
486930
232380
251956
20753
38314
827902
894906
469752
515262
541618
510955
104717
561766
88358
590950
62788
888385
114411
649063
712214
14786
2845
352990
777680
658206
519425
345707
508040
788496
26758
429753
923818
780039
939950
841908
417456
88238
24454
633640
138928
986837
977233
579959
229391
789377
823427
465463
862035
219149
645097
137382
202967
963258
611814
221066
125207
945371
285143
441961
704363
805974
10712
946658
800913
362455
443040
480807
603555
534743
678535
243992
695271
327940
841193
877628
809925
237966
561378
525982
730323
91662
945080
681282
991308
164050
608152
487811
93152
404297
747193
166730
322789
375176
11357
155437
816619
104566
707126
364257
151469
381403
502437
210845
814562
887807
781405
245582
71603
576642
217255
731056
205896
732024
489150
244112
769660
752318
453466
354907
465519
536030
332490
637089
726649
33818
587706
927404
910779
448281
549524
154615
922194
516779
996995
480461
306277
372091
979795
472512
172446
34704
767157
442050
362101
50879
840030
884451
205032
997105
147342
333287
915655
516813
577198
313027
312299
771330
418386
381364
626823
284914
747039
186813
465750
26942
945862
441787
674164
969194
979950
964582
959305
865581
726064
167846
295264
917080
372028
981007
97686
622816
541145
622587
530285
779594
817353
513923
241152
783154
107594
925785
166353
259767
516729
791493
824446
121414
951570
946746
104594
178690
290642
514197
627640
634189
266429
49073
894027
605046
362619
249513
133640
575
146270
309291
952357
717577
624383
714997
233723
370334
822854
682480
177886
728859
399047
862821
637389
381688
787913
700000
683013
50934
474339
556128
118000
389668
359616
463927
854011
601677
266113
620484
456517
16705
433409
27275
884531
669886
47476
103918
651168
144444
604520
648074
596402
240466
743022
59953
647816
459656
761426
498367
38159
30650
560645
849051
318068
112485
525404
471628
973939
259921
584177
425333
964046
392859
626279
920687
80666
283998
19084
237505
253299
861437
441687
400510
217040
87056
430288
285884
224241
65897
405519
29036
796149
211714
330268
350107
713992
595972
865974
828420
827897
622582
238575
763471
391209
650561
313396
69226
828767
258396
665387
122115
80569
593560
536181
863455
450429
414730
266578
636442
441038
153168
183716
713659
364218
97794
603788
580275
618352
53175
929969
324851
555535
929265
57119
890343
52633
396582
194571
281170
921926
527403
230837
877767
45237
497471
431078
164801
583229
984818
193817
790176
369058
644464
525558
45825
622436
937710
270137
346296
396465
321648
926450
277356
610170
228148
376293
171984
437026
932607
227217
348794
989907
760833
391310
825953
777323
404071
98383
618488
383828
329470
424391
835681
56498
388991
387945
974416
297909
533947
319879
757181
465550
531940
867036
726661
75774
932533
658981
511454
977225
153023
652649
540725
482250
240401
279450
546726
48928
135364
603796
669591
180550
206560
723074
958065
392769
793519
83744
780348
410482
527772
167258
211735
514251
86598
443476
855888
7262
769639
647107
988966
123217
668891
546104
236568
364846
665424
702397
490281
453335
414089
247000
158963
317718
899534
833132
177317
826131
616244
733951
933787
851871
255621
493399
164313
658540
521099
480573
148195
790623
608766
307363
359419
74430
252743
24737
183992
533444
851632
816987
557823
211540
212971
17407
903969
469770
783868
664555
364049
644204
337923
405355
157312
938175
983978
312864
763479
817974
609895
928316
182352
559045
910638
501161
312689
429461
640375
881225
349031
38736
195751
833817
622459
331675
147677
819759
500659
398628
254812
240930
823496
813905
826320
388104
273342
226647
911743
77722
916070
962924
66957
527476
684204
112532
957995
94841
42269
815192
973598
358996
134138
864854
680360
146073
117489
117873
629525
884361
736382
150888
405411
146804
189598
966020
94286
740537
192107
273131
256760
103081
675097
614867
746162
112522
830539
860816
641962
892215
158419
596877
632689
385765
378757
68505
95463
167104
564726
293657
872580
881779
27606
83804
196614
413575
854631
102732
638579
810403
945497
39295
338762
317554
438596
668589
534282
391778
645313
818812
29662
745736
811558
985848
906019
432352
891164
20574
349400
461938
621149
925719
398881
418385
402767
880130
697784
905854
192568
769898
166640
219561
697950
404055
262823
80471
152188
598272
292872
12063
230050
625374
134778
235278
258282
744539
271401
895210
828242
975657
865647
554836
549243
766000
528862
523782
739261
842719
852012
597308
416101
17700
707900
628848
254156
292086
853957
193213
257173
854671
460065
584229
86594
581880
371252
460142
604915
321852
129079
908007
893949
260414
199776
128904
820131
204839
304496
100855
316532
276087
926297
379687
612928
760637
596681
646299
674616
775714
453847
911881
544225
711583
668553
378713
274037
714126
595455
718796
830166
487710
244544
938554
614640
273505
258656
901747
525930
929856
946698
949447
270472
49614
388400
663202
383008
56697
35852
901071
773558
441053
354257
833949
818039
754354
56179
145503
625294
403110
576784
628877
861415
528774
995833
200327
785918
71637
59937
762362
441251
712255
294498
138203
298508
796775
533990
157265
334934
753181
819512
744367
855514
662123
92583
622751
598376
850382
527316
473306
379619
490050
344153
389651
86713
845238
428758
718515
545404
832607
290009
747583
959330
964265
582249
15447
266006
845064
893296
893528
601528
371820
734530
730528
203448
139218
416782
220401
468554
310711
837664
338542
743942
466663
59024
484739
436768
108788
18507
923234
617023
388099
820475
148968
579195
424001
911190
19166
128760
585715
67904
814810
83738
589482
121118
627014
289188
894292
47032
833144
394928
919151
80778
709889
451917
590617
313384
723522
196976
468804
853643
799159
181209
600773
506748
590039
881924
62411
960923
158740
142343
835756
347084
802557
360910
925467
563199
269956
997041
465206
688539
372441
471791
250620
867207
760884
349898
217052
790740
10226
578750
123496
977418
529623
916639
294761
10574
103154
508878
84939
911597
779422
551063
25401
525319
590308
845739
828164
352282
817790
177269
73340
324714
282935
408346
275233
552523
752558
202642
473523
31947
582521
668062
455654
569726
311589
86117
644914
257510
242140
498223
802438
122367
580320
818493
246940
244645
246515
474754
229928
884899
79385
507074
506410
663385
728053
441094
866083
641609
360592
303929
52900
400510
363321
584227
762241
482585
468870
506559
537701
114553
710904
401402
465983
955142
751613
599243
357914
956443
961614
257961
821451
578829
527673
132398
7363
543260
260601
86406
11012
725494
385089
725139
513201
316258
945624
532257
770622
387343
965149
366913
776390
637306
446060
496260
970939
420022
463385
121494
298615
858971
920793
331316
343410
493965
420481
937355
780365
362600
138406
867567
379018
45381
741346
786996
146335
590380
43384
98157
395807
438934
600783
413822
970456
406493
346331
878240
139388
966018
88153
794417
12919
68827
546424
319286
663007
602775
286741
339758
117322
886383
419295
234835
205113
621931
865946
718320
804721
479758
124479
888730
251626
970080
511296
181452
236577
564822
874216
262691
708296
609823
480673
775410
99806
571917
244431
331075
736985
798110
323674
583467
559742
337319
504906
427273
980755
44444
952907
54299
329517
489854
509711
414332
886563
251617
578578
425534
354915
975897
722681
436320
575906
79041
769428
245868
453743
120935
36675
70704
6689
870743
642996
556822
713839
669123
463818
305570
430046
825292
539737
254472
936725
282415
719310
381544
838924
315471
431212
634279
547683
501723
33969
615979
73999
456987
107287
646770
831983
879644
180918
711568
581501
420470
624326
591555
100959
123639
934339
315956
356893
348846
538025
511181
721262
364437
671007
130673
351275
614812
4656
227164
421
336846
618036
809433
112850
292898
384781
106458
763554
784737
258573
950263
854320
671534
470453
951302
144915
68343
675800
555923
745237
902007
450399
712316
86203
398309
641957
32236
355139
106620
141506
928690
70956
657320
592293
697917
901103
599242
967963
409974
385163
981544
733676
177722
421758
156212
837092
38963
710991
19575
764911
585490
632136
880986
613790
241706
806338
227793
213062
126380
762136
426149
653511
731899
306494
711836
184490
553387
309418
543366
366180
448027
716912
264743
332471
829612
501803
851772
828024
457181
781847
527916
375211
595013
946492
981580
694474
868396
533253
623311
813605
976005
927279
967433
554467
520524
501213
129566
440550
448632
587016
313675
957133
18206
283155
109264
574099
468514
107132
251001
384852
336730
168751
700232
848752
482049
506165
147457
111304
891796
902025
226706
862758
508108
935051
284636
754873
928057
209166
866402
997437
247352
107532
745549
576441
876881
656825
837017
89186
561711
134132
788000
140253
321788
876058
132929
703714
284761
849909
920173
259772
506551
563090
84494
380588
454357
541296
72403
894766
110166
199572
269788
793683
788990
336954
703551
746253
176073
996069
726645
409673
794536
822040
681189
731255
568409
50077
834698
417893
426273
456642
547203
598857
874217
913828
60471
424861
812594
905187
277730
540197
15671
432821
232897
975756
820830
27094
576214
219308
732762
791773
840856
357229
242848
62378
746043
314373
170947
417660
305751
795293
479086
250463
622520
153172
832894
624514
222337
735708
874874
205926
594621
616002
440047
946163
532804
29516
222956
82085
690630
162043
585047
221859
731383
157616
113771
692976
625047
384171
699791
472698
926684
43182
544211
780432
870719
328832
477193
511153
624032
336909
243710
173440
639319
267627
995732
227411
323416
271031
915069
68650
192450
685854
478870
330940
926916
219064
149342
962413
242092
81102
330577
152349
471118
366844
248485
464090
947341
46514
278048
555509
160201
926804
545684
765426
573733
377473
577528
531033
165235
497073
474405
981161
943807
468344
59818
973356
331381
185639
794636
560806
1136
286417
175901
646695
640543
