5789
464181
433744
126655
793782
440859
959091
321140
672012
178818
791062
466326
618573
265624
519343
710607
232088
751996
423405
981875
723851
673502
18061
447729
334758
521394
23628
396181
441997
433937
613111
112823
919340
542380
205150
477316
586037
71277
902887
65446
596484
308076
801150
25747
122084
604042
768298
448815
683691
640494
381691
919903
300096
43290
541920
618348
87677
663209
208981
414991
354287
359271
167801
997023
19642
643724
864125
94740
270874
285719
691385
233911
860932
407876
165785
60264
817387
972713
577396
961931
833630
733299
813757
596880
13902
91255
992530
736798
937966
753207
56946
476572
490227
206580
330060
54684
791099
90027
774002
279268
321866
976557
313324
717209
310895
125470
831529
125066
219333
491914
980625
416278
98517
427103
244149
781820
151833
772171
778792
736701
93211
865459
60711
984624
440188
378316
241395
241634
458769
566682
948480
232295
127464
561987
961221
886913
987432
931983
90676
493292
225238
250111
268932
751940
227508
713222
532713
694932
3076
711336
794406
944124
284650
864878
242296
449342
852271
973123
203507
327973
94114
444975
264875
10002
653273
406957
875913
109604
402901
493610
834301
430723
513731
144925
93394
62794
122079
694525
345181
145871
3891
460836
626895
869583
823293
290622
11498
489659
625711
34413
494480
870105
338192
121853
496695
317721
824256
190143
35385
575797
74520
630020
838088
324867
288304
880120
233663
534042
708794
637912
281299
514335
243979
252625
743464
702123
595450
337847
117824
848218
483425
54814
172110
258355
48769
27801
38185
977967
852354
122317
593244
87400
253783
692976
528410
541087
630656
474915
616911
162730
181737
918634
598545
693496
469040
277700
486709
698242
994180
72107
633470
553361
730920
602218
933233
189542
318807
103126
997252
337225
669570
561706
997940
709041
979061
983107
937782
420556
780503
929332
838533
676013
199824
852999
77018
294032
961605
945745
818234
593034
561215
94961
578345
191953
172329
234405
607356
953509
673592
811528
849548
379099
339173
62508
247175
730756
905814
201360
951264
103358
378011
852798
449702
428630
584595
488324
930867
72601
401711
318028
551995
520630
277390
409498
928964
263825
532936
633378
444660
406246
286407
752900
9990
547288
121422
820389
84695
141718
780125
742379
644125
493416
730797
412308
393846
47196
940182
863028
991710
359303
56785
259145
819195
505914
949079
966012
916563
130691
71528
348407
652765
560733
307431
362461
63541
52917
902946
420331
554280
866265
886064
637033
845039
983167
43572
47628
497401
857456
224702
125867
389537
258639
435024
507292
408447
302026
792189
662315
676378
530332
313709
340534
375035
478844
760254
561960
749917
728165
927813
661328
725056
412867
554610
369565
921372
483575
639633
571448
789363
640135
727469
92606
858431
45669
947855
914329
468299
962650
595812
605946
153438
365135
778812
233909
656017
780984
486191
13560
254722
429662
310490
519913
192225
965255
482887
827548
77416
435907
628651
618350
744295
816918
612104
276288
252349
74045
774259
891795
535971
661983
50736
896445
359522
761554
893177
237766
528293
875014
688925
972962
189097
471826
236038
354058
101968
239321
991059
511993
652693
906840
664419
831552
419546
801487
316403
805894
169374
559114
897695
870112
863050
282187
272069
120457
370282
600150
60551
709822
119161
901017
592366
614392
777685
544565
720172
598727
246097
363949
729786
978376
769705
501802
952672
45635
581328
715304
870931
818595
557094
774785
344888
702098
714566
248532
806855
334193
287995
865618
271690
168305
617106
780901
84357
471185
964042
275389
860336
283572
902888
494903
972512
119582
399975
910700
94148
174347
561485
13716
852362
674988
139033
158166
48161
145087
285145
615661
450266
758729
264599
754808
740264
200115
68787
81950
539014
864575
528140
243163
613943
525925
460248
452652
940073
516238
975764
853651
530547
930860
684885
313288
26621
196980
338556
893372
393279
385465
752071
950602
128546
60774
653893
284605
888642
333976
388642
501560
592213
513494
186720
54534
682085
296877
621542
544191
964857
694380
321970
913811
793042
482041
525611
64054
143121
408527
343954
755944
456246
994645
880022
852448
877955
764507
158598
76052
680126
424179
682657
584167
677462
969066
738441
937392
920413
777122
975510
88675
981620
483213
133703
64543
968132
353416
570260
586515
647720
939282
834527
50893
409257
541927
180936
948641
570337
248893
41184
220082
202944
482970
817461
510304
900461
393616
610124
946062
273732
371415
148844
414478
210686
731141
708631
403820
900654
170028
808148
920852
768808
610960
364199
811361
517500
540675
272739
880771
120224
359711
427670
672331
345963
892704
852642
830422
706750
98971
578603
585428
205053
894559
290156
592756
69691
670951
872164
648366
130484
295160
695918
910060
71155
399197
177199
58197
952276
633149
695081
283320
20324
672470
158828
376722
529956
681112
103915
590973
986157
429280
213804
79477
877293
317903
718361
838663
990287
610567
124724
802328
17337
174146
16360
226127
62767
702030
426554
738400
129557
108649
989342
300982
874897
337333
701670
852732
595983
725400
651285
921609
355870
854066
144594
607846
51447
269116
738936
903804
299870
240250
301962
69343
730082
739548
275140
81073
655038
147383
726541
920692
315810
111258
137544
98928
581643
574928
608329
478717
847438
823218
510756
563694
363957
20262
45858
154074
384576
641528
820813
267144
557325
330771
685995
37238
227922
874267
246471
946438
61446
837994
140650
506438
857375
664550
814569
395290
773111
237820
35224
853384
503944
921403
603868
892640
2326
465423
317534
772806
444268
309592
261276
284446
568254
564390
47833
8018
269613
903315
187509
794115
745770
455486
954455
263113
611698
451295
613766
470249
677687
22860
391383
722514
54175
80775
619713
267092
42021
159105
99340
985054
57502
19312
375016
619826
592598
658696
559066
633191
414553
856089
750737
509146
710733
834564
400343
340403
969404
410139
922339
648271
403632
298260
399883
49231
889719
533290
413142
453692
645254
967057
493808
723222
990458
966548
73079
250296
493369
172300
765554
178025
404727
77438
466977
340225
319829
396370
167151
592501
176356
538220
770116
904130
93638
516137
870199
133170
903285
671480
458977
444110
963294
714642
994188
757025
250149
419479
900555
523492
946956
119751
848611
123851
636654
609241
24487
325931
492261
666428
410721
30214
213835
478055
7980
876661
920670
788831
498143
356848
335229
548485
424164
118717
782159
238489
735142
152819
494979
643407
176744
17322
561841
301004
980915
366594
595935
535229
987880
922188
12832
69972
549363
883032
913304
924833
747104
908188
19738
501641
598728
111741
35378
630501
534307
564157
317694
619129
464641
860994
870903
771599
914196
838335
771470
374703
904485
269697
185585
998206
378535
605464
986028
164721
847657
372768
178348
752556
742308
557099
326368
703803
128244
155340
554936
837803
705316
590403
58447
820102
207842
656896
956517
527530
356561
238358
792133
96965
766910
862333
213190
213231
243882
95427
633964
445348
628549
162577
990254
927901
552572
750550
736530
856009
508457
696978
137333
740077
600233
418049
176167
508053
299340
406050
813618
409525
360741
153506
616635
467489
467072
761194
641026
669542
604531
135106
173124
872835
77581
837664
873600
241031
547564
246801
238678
454280
740011
529091
571850
909501
222263
630509
984104
279289
41987
35739
401410
210437
365138
94169
72981
426712
906289
852028
995018
812085
710407
276040
453208
459170
642692
806657
341702
209664
822135
254033
367246
592140
932412
789138
266333
75313
531090
681977
544695
132743
701387
798176
259704
450668
267612
539119
238965
976637
716244
211110
700161
362738
321898
351752
772876
805843
607919
587495
671269
316443
826018
522313
530144
719271
443362
348724
927954
952475
595390
284763
808697
283986
643304
952613
555769
244351
726025
386262
85313
303653
343278
139292
862220
219247
398111
439864
392196
952429
713616
932231
656896
66731
483249
363117
853934
534704
598176
153501
299532
257360
317695
770630
289232
709294
904863
26461
302056
497106
466587
783619
925660
455843
674882
115860
557647
993857
32172
898060
320100
728001
81389
16213
792892
216198
26792
789169
255838
396600
436795
353792
569328
913892
113688
396911
914466
128880
745139
528061
519338
569657
112919
304363
513321
473227
989844
217792
118829
449788
506195
954102
118672
59813
440266
400772
722365
302462
773834
98185
722
415637
459125
935058
352737
93867
680206
626632
349777
105707
244009
885625
505314
273032
408449
469377
624782
908978
483304
556949
411210
773620
76953
402411
178668
621293
370153
511241
440678
26408
132636
446121
583024
712155
659604
942854
249348
800569
717669
189895
531267
648884
364035
190660
663093
296915
926813
777401
610094
548843
500995
699014
40331
712829
750402
436448
946460
953644
330192
921176
504540
257689
582754
478790
159067
677021
298460
854802
619069
770210
839328
380894
537946
932638
60615
167571
787974
67693
691950
402823
11756
423434
577320
936840
99796
516522
950417
326024
975044
606646
991810
184612
28162
988003
886816
403923
42679
428975
543951
481639
286446
982073
271429
456323
355132
970813
757049
529498
12218
876140
449721
48223
150510
953316
371931
225423
332808
643217
594635
877591
188104
458719
651012
409122
299516
875867
726618
637955
12839
341093
884019
47996
529470
584596
321942
334825
943820
988710
31387
560332
208117
114658
652994
915510
295959
419661
704480
938574
900044
468037
548148
935681
288268
285117
298200
925958
601904
739157
603475
958668
586513
731028
408907
351299
94671
750277
738328
881476
37741
168685
602803
952158
467290
620645
647309
217342
255051
149463
357052
156410
430275
658841
517008
307578
862068
989025
185476
217347
655615
90084
646544
519970
38104
620368
346844
453233
816837
462882
88590
427913
442629
609444
366212
32388
136397
776583
570013
552429
61741
509977
360306
454407
324498
453666
286883
441718
308965
917281
182283
391822
264912
297822
685397
150519
580320
141420
437992
547449
781381
364285
260286
557354
481399
240865
569811
180913
863667
134493
64440
75830
149923
454180
341638
641512
244700
319669
950576
12970
238145
486160
693938
883995
166852
564630
295974
834624
513677
980412
561461
425233
352947
951851
950122
929053
908839
338040
262882
55194
750896
731707
576736
180301
947664
38990
546365
901714
307078
349860
480700
745289
852909
408131
590524
800477
405570
595039
45382
927922
733635
631637
815046
470250
903282
868161
107991
982100
586680
572604
402871
717939
967207
94517
402330
907238
216344
494506
117146
597241
172467
106756
709451
108551
770125
97869
993005
973897
137324
791119
644667
816960
239078
8138
266272
833019
52519
926801
51465
129605
464656
81537
428949
278383
984637
351391
543977
901365
582175
684237
948321
795344
645000
589353
751649
769112
729158
260995
906185
114003
797478
781048
980295
568286
318554
379695
508998
167158
740533
394032
952964
864932
903698
138652
749569
148739
308181
452301
639571
95023
427081
181770
380247
554828
135273
908647
285825
947248
932090
276535
708885
634158
214613
702703
406447
86848
319619
249113
669308
996304
1024
424753
513739
841955
919586
425312
343678
879650
794963
144786
799642
387143
521018
705718
435838
870752
893369
824850
729521
495619
44495
951424
170836
156687
668316
369608
399670
747546
226757
72155
602502
61052
892718
237994
43235
351031
539812
674913
824976
800130
918813
441668
383811
633584
268374
589348
799004
895234
844764
58557
952499
917318
958311
330351
32458
242665
763296
962968
637858
150560
626180
817674
892201
492783
969760
995758
627152
801685
760764
112820
939963
530836
271124
394550
785042
534048
539201
837416
531509
398180
228791
627134
138892
523179
764327
943067
856635
571633
476101
834992
278069
219015
60964
371385
785832
320349
811133
355984
315350
84655
552718
204653
659844
236431
876319
457083
218250
477515
852895
21463
819147
406010
3502
177063
834431
143144
839604
747285
279852
607387
723822
740199
756788
420418
773065
427005
285063
319993
867238
343334
816696
457019
432446
167326
157166
620453
743583
376040
934961
604387
244821
245956
619876
47609
438628
537742
724370
362416
758960
385139
215200
582875
752576
112592
723618
493957
901079
57513
107210
812600
103874
763266
279164
241260
665392
402910
441725
757387
814971
450129
311497
892573
550789
665476
341251
741781
442237
271237
818503
475191
288705
422664
323932
454820
211486
901631
497413
556292
417714
839185
579574
26190
61491
966650
511460
596471
453704
499006
815797
281716
633429
702155
624855
74734
661908
778410
707244
461122
591838
894433
144867
250609
171722
451881
857122
759211
203052
355975
237599
909427
104767
688458
561358
281839
293597
223072
838965
717966
335594
348180
988635
152534
309073
967976
54943
448649
458918
500619
916004
304691
997291
515383
785130
30739
60206
757673
962104
338403
215247
431422
88885
678022
398624
637095
494743
515918
24229
961033
884850
363750
505146
801203
526642
455010
270804
284349
858148
35106
37024
499257
856174
826973
286407
723801
706079
189839
207059
683741
326305
67201
644459
630262
459403
534322
462586
60
65299
560351
380782
453321
985505
489268
310749
759472
962814
842831
446977
808029
832683
145261
191972
626699
130510
963059
389655
993884
259848
860251
723164
694168
122338
352441
422179
399429
919397
448745
874993
350878
697224
988120
813213
467380
498436
176299
804789
997470
274564
755855
2493
517406
373496
328222
680279
810834
654409
808234
512958
726804
833063
19562
724140
617710
421309
278719
461468
541821
167942
397281
60522
856993
435897
520555
441430
8030
842592
604735
890215
391698
439047
507671
603052
863635
982479
211753
191646
947364
996322
59190
909601
740116
33921
262640
75689
554996
423736
847750
76345
670067
71155
610893
657415
520728
50795
65292
654460
247194
783993
965668
452951
330591
454987
599322
784881
851471
655668
657795
611867
764821
456605
244235
774819
978610
191705
680225
283126
386685
93271
929283
802719
640763
317488
265377
275054
812951
42081
414128
834035
225854
100946
704782
705642
14553
925652
386573
269873
422440
307498
425567
161459
207928
175678
517020
4905
286529
910581
709810
724791
722526
640732
371049
159538
63849
177217
262289
605697
81522
351199
375307
68321
259356
912817
354226
517250
2389
428455
424292
517007
333104
202870
502320
46795
793697
627786
886430
562646
205012
386775
60373
480592
607978
894605
820269
229716
243409
297258
515730
959269
868798
491497
180177
55463
467786
355672
243842
823172
131494
223687
197074
990255
852029
779100
654252
150469
969509
562308
526340
190927
863616
649220
354688
857252
835253
38189
89731
926572
324423
181934
133975
217727
167439
899203
906037
128107
140506
535948
153716
635669
135393
651768
592397
375351
919137
893920
448839
815943
411223
945136
358019
281720
93274
276160
551142
221273
659092
716865
784478
236636
158366
160018
237779
565298
356343
122674
526188
304209
709409
732880
878779
167511
151385
189759
210950
996680
640113
241349
497331
377075
421387
733139
875919
962420
338996
486158
312059
914130
757210
577419
571187
409608
538284
521370
673532
252769
238413
911865
459818
524220
974580
911658
283787
392432
23651
974367
837748
986824
726849
964689
364901
141679
653014
648687
631643
17447
473891
25204
537075
926131
922524
13969
544630
59285
701763
688906
363077
621298
274786
884445
945314
947281
520421
485340
852120
431362
365649
304348
881225
368795
305637
986438
504722
374686
31564
852682
510364
412726
961979
206196
326658
717920
385581
509463
367642
146215
425401
560165
482978
127559
691980
353761
717193
917427
933257
903851
528727
146547
967034
642106
391353
374565
606001
568041
990509
284387
453439
617640
730822
655429
275152
31955
241501
382397
287009
667423
991828
969441
714208
335152
378568
144774
47135
569929
88211
407047
13172
942683
122298
274021
927151
176446
143866
996424
148088
102909
593130
590052
649989
833867
990605
854711
724342
568724
344886
339822
910989
290223
570008
941864
402637
30127
242025
248722
633454
639129
335091
777521
434489
367728
648759
149502
714822
237355
656318
938155
647184
590216
368253
543556
926130
581113
433124
937841
28481
854141
57283
307927
552389
565834
14809
440095
350548
59430
943483
312334
147533
954133
489438
402643
465902
783469
70465
939936
471059
402757
335673
864432
482188
825612
522650
434278
450009
500598
792575
247190
363076
572048
408375
968733
981403
464629
716300
888874
132553
307033
338737
634336
327696
172226
915911
576532
459366
340951
493068
115633
41833
940945
655841
239355
12031
887182
177078
195184
999054
683460
295188
259914
48469
327186
35910
943074
770789
211954
454821
534447
740544
527755
631871
163883
952332
318819
230179
996886
45812
210866
307148
715476
933660
330514
303208
339313
161726
691154
538627
975813
224358
490409
640341
74035
783110
72263
228
651147
606135
356295
472855
805327
394061
9281
83673
20883
678421
823997
233062
271101
968814
236546
303861
81644
482881
763148
933890
593334
667038
424603
904247
234697
371444
789672
515958
566258
581933
233011
992774
291452
909668
978615
643991
878385
651268
661951
389427
14204
207358
815570
890116
161262
755878
548298
669948
772959
915051
142147
931684
712237
425265
47918
139141
798688
552077
642501
448493
963374
514460
371161
713118
222105
61568
595399
382681
28534
856696
983817
49666
808394
905435
214248
7280
786573
994993
292240
22163
333264
585326
580156
228674
661626
504652
674256
404577
539822
407044
374277
768940
889161
925992
192574
770786
617159
869408
72058
167440
889413
307839
642787
115960
866273
202561
699779
951967
81021
834339
673302
739312
434659
658015
359930
610192
743810
292611
502402
425983
470039
901741
223979
429799
857575
327717
27878
722885
401384
635095
197332
772145
177535
209451
261072
544139
294756
412931
897445
939396
273891
734416
407072
948166
359419
483473
8769
147841
817897
302570
593931
912339
388031
414621
150331
356307
888621
220839
592853
54779
263841
953593
947929
594415
360139
863057
169557
151470
113721
850293
984596
44244
429282
410636
773236
676169
725950
316057
188821
18762
883538
152341
236462
163026
42058
56551
994297
812132
406974
818562
770382
361976
15319
207259
250638
724800
139339
160518
782710
272469
911747
979628
968467
614019
786462
479275
12436
239790
586127
343882
766459
67423
933666
102999
216622
244207
328540
250336
569322
168526
295999
825994
704855
475056
991852
144785
532790
80342
10787
927260
172342
796660
245031
183548
449446
538564
930301
261185
586374
348711
897490
26937
279286
237299
105468
351046
613712
803613
424857
959387
206033
655236
299924
444947
467186
302168
253062
253869
221141
795301
540536
340648
32987
421312
233863
81463
990226
339532
860640
419681
552396
314857
686955
681593
353291
581563
584005
881076
888600
585682
23333
307372
773746
162043
65056
854896
868772
549154
506439
734853
480047
225314
814510
328830
944231
57195
706056
176051
486746
599631
375406
174433
415786
42665
236542
504286
811964
372586
934880
39031
238601
421570
48484
297960
476562
891239
980103
788023
362416
255364
662933
202669
996169
626945
540776
44722
57375
678251
472526
790852
243138
826305
869000
833171
63846
640538
378863
129021
22991
143285
509682
698657
633128
533983
828282
409186
355188
609787
655534
292986
837468
108977
118482
473400
35174
999734
291722
869528
13639
742515
862397
982333
884943
491669
960789
415757
112258
813552
814626
885673
518663
409040
927646
83143
951802
349598
428555
222511
432540
785132
234745
847502
789354
578013
699556
177274
381451
570932
13497
360579
835746
540599
226745
226738
558084
703103
408055
145121
496771
844639
121659
428598
304809
256047
48329
696318
581312
528180
826939
573666
532366
738925
409675
372232
768863
468029
465453
390856
98874
926384
93593
794121
502005
599083
734566
532344
449765
886581
528914
416100
829997
873372
622430
549689
508855
577541
536854
72536
983937
950228
217263
640079
356111
298868
137417
528058
49215
131971
945683
95669
338105
431261
662989
717820
75524
560516
170089
359202
725942
584297
877003
794666
519876
763225
622960
943494
716407
372679
952874
890858
175744
150258
284297
99147
683746
304946
61270
332921
311245
623077
881273
656022
317771
584368
38202
418354
352403
151028
55012
480645
12732
428559
229893
396935
235019
782796
928467
673136
548845
948008
817641
6023
758208
512386
961774
641321
702027
293662
829014
676505
62734
630741
852098
155966
286773
825821
397891
693053
293990
977393
641276
135923
39673
680925
90917
167759
582663
842792
246764
973835
511195
828765
950070
941829
310470
395192
324291
619454
718351
938538
919407
572718
239367
195913
957204
722753
373049
663832
984909
725938
847296
58862
326870
575555
277876
300421
890255
866134
68092
546977
286623
822635
630087
23706
519285
137783
851350
698760
315306
602013
322161
152267
849538
375435
859961
791220
315730
709428
184541
320276
673723
882277
418663
123039
491220
28615
92846
191483
666726
655856
430190
864299
358352
943845
714804
32467
915211
756272
211059
648423
158088
415386
415605
977844
537590
182982
928747
762379
620832
896618
943781
211717
30578
254698
62621
669240
139164
382867
604781
46389
997903
17457
578593
549562
152996
835405
990183
141051
531868
243014
407267
733256
668162
286282
306207
690394
530093
205874
490016
421760
95969
4408
891027
883809
189973
931605
62374
279533
997200
934011
932724
203877
345517
781740
5080
152579
441981
492598
483427
557958
139787
931659
930856
665054
601530
760641
87028
589873
221067
356002
217243
183112
438779
256113
90221
846554
707529
533498
741832
664562
451029
331412
146183
298495
812708
935543
796568
906680
20800
538228
972076
256682
269245
852629
519687
106527
584278
337105
46135
37165
99189
282732
318113
799384
167313
252137
601590
313893
876338
86061
349125
989756
451728
494834
149675
213560
636697
614500
638693
558543
605842
468379
980230
658841
182613
167862
456516
903615
914424
426064
43436
279169
954126
146786
523062
125347
437511
412085
24371
876853
405235
644802
459106
419966
197796
276712
307427
955652
609648
737224
290179
659131
877141
951808
237813
638152
857528
744387
256802
537968
108678
957842
171543
353762
980091
259289
160797
499677
877505
661544
987942
531967
978800
609292
578147
42604
785844
193546
870195
898135
882124
539063
211317
345008
572399
695863
57278
652458
526473
419216
880678
698023
641571
767402
63869
849155
583840
589413
546268
619130
213283
752535
300501
708663
826446
436129
202508
812986
735270
739308
207647
200932
47570
34693
630529
900898
112450
784275
402276
909172
259885
854001
851156
874009
527602
242668
937697
873945
410016
104474
324789
581230
558353
795925
307780
135568
689585
976083
144416
525340
899804
898787
940972
828256
158437
994758
634217
8837
925172
712296
226604
560666
589319
564666
380144
816825
677529
618541
670024
168984
554591
815116
194029
902702
429359
427510
778485
189439
183420
824439
795365
322374
769404
693891
299293
258943
572394
851342
374577
680462
686375
795595
21465
933071
690492
606206
15166
824635
934138
148992
902708
978995
126467
881871
391
641004
425697
767823
385326
17592
7763
66593
526301
132397
609961
348127
278198
533108
599365
19377
718943
359536
775489
825551
665710
301384
606383
367059
548609
442387
914875
441209
787947
262239
866349
845047
860425
622430
184139
819379
7090
790126
814107
233062
770316
677700
575110
647563
152892
253044
174873
310403
435317
838431
746340
98312
451698
665273
513861
567692
258366
87157
664767
987949
573744
398288
728259
817879
525813
191543
448401
370231
881030
660246
176440
617048
980600
926846
172217
305499
826162
371378
588938
147799
433912
115919
300150
624843
446822
620245
997665
303356
633017
955606
501738
541808
247944
397369
969257
450181
257040
518123
348311
269550
576300
723556
251021
219659
499811
150929
602341
589029
851100
286307
953853
325315
610284
265140
84314
296491
63376
745873
433320
421880
75574
406312
672224
687700
375094
542415
103682
757139
71454
523566
990146
111405
530282
430731
670719
155797
173907
391025
487086
851194
1214
403963
694805
730585
515541
726530
182708
231549
316915
991265
926462
814805
124473
656929
231876
577392
220798
499974
45491
751319
885539
848437
93044
355974
693379
835648
513841
105929
361033
947856
985784
906800
384477
942446
132215
513839
791671
447406
562599
495572
907412
126648
615814
10853
489605
890804
220220
25749
454436
27345
16991
972515
129698
374066
420242
473424
253052
780535
507528
261243
266636
413475
881319
313818
72060
104879
734087
156183
950293
675434
827545
68100
603381
806667
859620
395325
769119
776533
125803
834457
41261
403301
129323
755404
93728
818011
452608
361692
178904
498339
887399
831038
608223
757855
892766
982093
434527
657651
427368
630246
302068
918892
730669
183138
670812
954509
105854
19249
432203
298872
481781
215824
941787
167606
278394
427750
424673
948963
562659
786945
69019
635769
910003
108904
188101
212215
538435
203996
312842
812269
997567
845936
360344
142567
124743
399682
284940
986676
31413
583509
417229
2577
431870
607564
804341
486007
647153
762757
322665
744702
208861
228752
948169
726252
570576
904907
214019
919839
291129
430619
994946
479698
710895
253961
780996
130447
541835
13302
503178
809521
692143
659901
577640
678421
426730
718499
13948
307677
654132
329277
758331
333024
466899
166175
949031
920050
424545
151036
11421
416331
120292
51679
59850
795606
893853
701765
292862
18648
889628
295892
671833
9275
647504
825532
226849
749559
145437
736297
897910
729884
312102
128866
453597
744894
130282
833985
232696
844156
647050
970767
581718
230191
6248
437308
863783
148908
218988
447223
778824
609591
711904
462000
328573
493700
161467
746728
981820
812650
776315
249777
444326
56999
196523
614344
14865
901514
147908
190859
988416
203009
777968
791064
519476
312831
292266
467204
639131
932169
78912
457461
733031
274654
885818
979677
669498
229121
57941
659923
803773
813924
104616
627599
987984
132147
824104
446146
731483
158906
114631
684752
156291
378163
992375
467563
644793
752432
328844
707213
39212
664481
986623
283666
385119
605379
144974
771439
930197
978150
358081
605843
657704
216473
148872
300824
311097
363187
961281
760998
363073
857472
647829
583077
65670
899591
252738
354076
223530
219125
217459
753131
779486
516072
776651
802785
200563
751257
490240
530811
782353
100070
801060
355002
630656
31419
316672
149024
711395
955933
88089
531206
886470
978130
202516
969245
927308
883249
470197
32447
739211
46850
748419
640177
920819
107281
669000
84280
629801
473364
681076
478036
356914
351926
630369
341213
439882
774911
625458
273913
386965
456162
79380
18040
518957
868836
935974
565644
724890
274852
867701
19432
769119
857227
823712
805235
634737
741968
650267
960233
586307
819176
941646
911247
53884
784969
551005
900880
497866
158170
344643
360185
919248
400761
688599
832078
831931
44968
429169
994055
509362
674389
97510
872298
477483
107524
753838
376390
512603
398939
332007
818633
304262
94985
616627
516927
462324
125460
730172
520295
334532
415935
251799
456564
72794
244948
699846
989533
591795
994707
843224
444257
510874
352375
397035
16731
180148
631585
974226
819005
3957
157796
962769
649068
376117
877740
878277
992184
844957
185419
321697
323318
158075
204450
277458
696892
627766
111208
817092
706361
44123
156378
128894
910895
104469
395903
48105
908045
977275
333783
504814
392749
882436
899167
564540
148070
137046
971652
710249
8079
471355
888546
1264
181521
158517
137847
829401
219432
12840
3625
836150
90230
703029
900784
605705
576900
240552
595489
358211
365653
39303
647000
541799
63273
226379
472066
608397
305803
294699
757060
197379
353943
548435
227980
639822
417548
466228
90290
472846
346313
3572
105546
972031
602984
452998
103752
12316
961396
147349
912656
494238
822600
379163
274458
210786
224837
41486
488447
912680
888879
840441
451362
608567
651685
163048
355582
438751
294459
49404
874887
708374
863093
835615
960895
18116
420963
57810
207321
541018
214164
14498
655618
289117
199288
892218
211920
353985
328534
914513
748426
531312
371814
304004
991122
400106
989452
109310
152107
621446
418417
390419
819179
720214
271040
121772
575294
144360
49466
80029
485588
245353
11063
399571
752040
384613
110522
817065
373870
609641
772399
210905
809049
282890
928131
93391
564614
463038
223392
375193
314440
717479
541828
944507
750097
254960
41405
929184
244217
978256
900483
273002
831918
980908
792241
197482
311673
445145
892962
300523
729000
460095
344292
787113
987486
498841
771996
956191
445427
709208
362294
964798
87241
854119
345222
795578
293740
274442
358784
562237
973925
357536
26448
768959
489180
751943
470487
300141
704295
576926
318724
710534
425203
604773
312202
443077
154957
667073
494083
780857
411086
64861
293281
863536
380833
25962
456076
381777
166386
418886
284702
21961
276597
463739
915383
255966
595664
42142
31421
269919
894822
883544
96691
406076
874817
301825
583669
144114
997788
360104
878798
650207
397322
155759
401078
338995
49861
633555
995435
712519
714903
727882
573802
589384
590942
496709
343946
983691
477824
518485
571126
768773
908204
775913
256197
575122
476552
969269
545336
113779
487420
705839
683023
718549
868187
883507
848456
966476
656297
254855
975925
557151
899341
524472
779448
183484
946196
697251
808222
758028
405855
850064
840086
484833
2411
353272
573133
242188
683195
820199
938919
794252
784868
979324
314459
275617
356405
922318
299307
408446
778752
202025
96767
961564
237513
269622
495581
392171
931467
590584
659591
797219
997985
736499
61042
331001
356760
989479
558302
409326
705998
790202
933654
350657
452230
253491
536902
215877
686860
328994
851956
336909
322495
56350
390173
998083
930112
932647
51501
114328
228598
447145
138457
962390
22203
149410
802205
42897
697254
153882
971853
137787
81205
368017
202458
918999
131351
752632
624164
145606
886676
720533
767926
854973
990234
210505
395555
130712
562277
881070
146682
489351
32137
480538
113064
947686
591967
267137
255211
146923
208330
241271
703727
344889
971365
365586
325383
718161
333323
683117
893769
960744
876546
48585
90822
348755
557380
937999
570660
395423
149228
253745
69338
921405
614586
262830
912392
361178
530435
655220
823153
909453
996088
799903
958166
639658
197968
976864
516912
774707
793237
832249
336457
931694
717832
392484
511607
838482
987954
149843
714166
842971
882249
853395
789601
358461
98875
844298
667917
150901
645017
558367
924034
910842
903331
670520
706135
808275
976172
874142
713257
355138
648362
611646
76407
389726
157276
963593
509533
439806
773208
482170
690603
469713
62128
653239
636450
698763
990592
254033
233099
536122
817623
954534
293619
796791
228928
72486
278278
789239
60716
560434
630663
200257
338173
836064
894569
371258
792881
964699
321229
193500
110889
136488
199449
123525
151190
143171
463729
452076
499199
508776
873365
251054
390768
367661
150871
105478
380739
84556
938359
331036
12164
628543
52893
565108
942275
44868
99057
347399
570107
791552
767194
456303
339930
116288
715730
512187
816557
322714
236387
979298
357354
551666
723137
293781
853017
697240
993602
239341
883807
7375
48190
721284
776232
988777
573375
610079
436400
911757
458661
911368
186671
573083
775641
241915
634015
569126
121964
925238
837291
664352
138507
601331
207221
797332
595105
922226
951108
970060
478729
610735
420233
767762
147630
551220
932492
905236
180994
564871
641016
844321
581527
132931
89279
406607
829149
155844
81387
688575
897145
607356
453699
592825
199678
122787
354070
959729
301834
253451
905191
592427
579904
285073
126196
106618
109725
682479
903333
484388
686073
759983
669774
606433
128028
707194
280865
709698
43259
698639
958131
623535
997070
74127
966057
967497
926799
839412
86847
133486
453520
560930
214260
40922
411513
346902
986070
292266
374430
700155
152421
939516
539065
849307
37863
581427
181385
417586
105288
521751
298694
228383
289579
463769
971583
366772
808209
80692
807058
476716
333348
543534
996999
175164
532001
439165
199242
861570
901921
650119
93956
986394
892482
438274
522133
998352
433718
188923
903408
425903
522408
954930
907410
709816
768710
232801
995168
732910
34095
691805
947164
30542
496827
580950
263619
114973
34721
671225
916999
494425
474569
134132
840356
411089
815279
595289
251681
230865
954416
295260
282598
131253
746165
791031
266868
704478
897273
957037
363396
860739
50232
93738
649152
55199
594486
56137
13080
256712
539560
897392
684867
660192
329219
165526
937299
126756
781856
96933
135538
773794
4425
359355
716414
601351
889379
966090
211647
114774
451191
291294
320961
539253
891935
567935
409875
402594
897545
672812
280474
332290
402219
541192
186258
911642
734403
611409
92451
915095
600393
520202
75676
429831
886965
55803
653198
23658
36966
848079
320583
652707
717750
122459
773802
224713
229143
35262
536936
441627
167529
268387
604829
850640
295772
195107
976905
342091
863613
899848
817577
605037
731615
636588
207345
111813
280743
698817
166377
663458
776819
402346
757729
578890
991655
344005
463634
713027
366934
579148
639251
16014
681546
758801
413684
364339
350769
62951
780347
710839
572260
340255
600185
656939
565460
589936
801991
371999
56467
496240
941154
358131
577341
601087
716001
747981
973697
994179
993871
685670
106448
66445
152297
143999
402848
751642
534453
855922
914781
706486
60797
582435
78957
612923
862887
269205
108958
10232
173874
962393
978735
702509
258895
2017
302520
720562
943705
728178
748406
114102
768883
132600
404279
705957
385149
907443
973086
576291
181938
691343
902164
910454
746017
254290
31307
431168
190662
651055
310768
870569
913989
4407
198637
634395
492098
698287
926488
464103
161183
874300
246075
584005
301011
8443
506752
704696
53156
886573
882553
335184
687105
791248
730570
368201
129470
83657
541428
823569
796780
785020
247870
378151
996884
771326
180801
3935
433552
770594
934673
842050
338311
991280
930948
450450
947267
53108
431712
861802
685233
947634
814949
306692
152948
467511
265907
903957
955174
152010
89625
137875
871084
904642
981628
706582
214772
883889
872097
630492
168782
376318
957143
459239
116836
369488
712132
329793
46487
812966
343434
260192
713016
608900
817301
114404
753504
895816
354052
548412
198189
361499
816049
279465
970713
912835
726943
147739
66296
184084
821119
51767
946190
175815
506783
141178
708042
959523
727855
982519
420771
957271
242354
863164
885582
694185
644414
470035
705241
737161
975471
216356
962407
868799
294958
860792
38473
580868
723481
6808
325429
185580
572048
899476
394277
537856
47771
738847
935246
853418
352443
702167
761019
180681
162380
725091
267910
499301
764947
329910
103603
911740
372138
204912
655721
434683
147909
945123
234702
106248
420000
145842
777598
424380
943879
206678
769255
121198
619841
952058
267971
519786
43930
456902
507571
48193
133964
656122
695733
893178
738249
657776
660866
70822
830056
613955
700743
529233
139561
988687
527613
32981
909799
106958
472423
615048
165785
61537
196904
253973
727428
847792
902846
763624
479809
394728
479
746307
72998
435555
232366
833838
671060
986726
661978
90187
532189
430531
588307
483591
628751
860767
162538
498029
548450
465806
627333
92693
381497
94618
232251
107449
915416
782627
934290
956391
853539
101344
92178
842003
533583
995587
81925
786308
495912
169211
338062
941423
354429
306515
950180
848289
953131
676664
111657
807445
888069
731991
211307
609573
395357
345317
60662
504094
544370
52856
88275
925356
688117
705299
676962
78772
902969
186431
537231
169857
394808
442516
105076
3029
379132
483927
974539
249057
718129
708605
729678
855057
408324
865294
48685
384766
885495
445477
533099
716231
219652
497747
382358
309434
679595
154020
552033
951531
394970
446393
933152
674471
528248
67860
474847
651267
417103
995251
324318
514637
535828
978707
226477
936228
916819
116821
603104
508452
956795
763902
679280
866297
969092
830489
610414
345365
606713
951607
228068
998460
936485
151447
503818
992188
974942
415776
994786
937979
83625
11403
365617
334760
119112
995293
829338
306067
746215
806098
281496
148313
481119
769942
734871
768632
74532
373228
524720
734849
172370
34801
136768
322667
16015
771643
310691
32131
296988
559708
925394
482753
431997
981058
29783
542967
309379
785728
278504
165411
169779
292263
65384
528803
293653
325262
64821
856520
586522
970738
875439
974722
74730
627062
657095
249019
843530
256075
139903
615809
446567
799530
201155
968411
271937
819518
822052
511356
41271
909088
110445
973013
195435
142842
466020
326981
823697
358221
51679
34412
107353
471693
794623
153629
912055
132713
185678
857970
792459
257385
855985
427193
879858
242353
358154
334475
849257
437986
561964
300989
208280
314400
627259
505648
447427
398510
323168
194052
450760
368308
527207
811625
159126
806819
939509
826197
219051
74607
411433
40082
61831
937659
306637
639279
332594
280531
228729
541270
275815
387794
786692
211646
367260
695076
268264
956983
426479
970022
156657
307938
360494
764138
521826
615939
336515
503830
398564
288303
147642
169964
732459
911200
711729
293732
683880
246375
900955
708725
341220
130112
935216
295986
271680
152641
23669
237969
85958
653549
406627
680200
550891
18853
544183
580560
590052
970430
109973
511820
520353
962542
370458
351618
746346
911839
598781
63879
338133
40166
202336
58298
446497
805069
540665
350438
345011
511116
108568
770507
173226
809495
808660
470775
804705
525905
912534
62029
35520
915614
282817
880679
890687
119381
439421
796632
497209
70997
299423
957706
179496
356911
37686
668870
586051
229057
619509
190803
253681
743266
101752
884213
227624
898425
530356
188886
32423
646696
454912
108739
646604
196710
811322
200909
232595
839339
301655
161936
796139
84996
155211
598224
433846
370310
421137
140734
188766
972319
715352
783579
807247
979400
346634
358196
419732
678486
786041
87499
13906
101616
94632
523606
815259
827035
533428
382113
69040
663665
623326
696526
200278
495345
534838
368893
51539
220911
176612
746438
872773
93484
49558
219363
138784
351936
462209
689835
78466
703732
582806
872761
77557
923820
491588
220139
199168
220289
874915
355398
693994
67821
467012
527991
196108
648927
87378
292980
470930
174831
450788
321345
210574
905708
834915
461519
677816
369936
495827
860031
98694
37781
928063
14340
150564
802145
122693
165734
250769
862492
78651
467298
906261
139810
129853
374639
361506
920724
375765
465051
420039
684425
727621
760532
650187
859042
81395
566083
305964
983867
656690
623891
165812
421054
386345
86352
391156
196881
826018
285866
773216
101871
666033
764888
600711
532245
982399
399257
928237
522642
821618
449365
236550
863809
857338
282082
497681
156948
537723
336740
593743
180550
371922
715852
669919
673010
334726
756800
922680
290370
8269
169115
441346
700416
134072
103243
154961
586568
271995
102937
290495
189342
513949
681350
611492
899036
939832
394832
506677
874564
641390
967380
899958
882804
694441
416717
18717
97015
985740
487482
280517
128695
446779
634974
251467
281361
786563
627745
59017
829121
606760
131604
717677
933820
590858
999506
433013
938525
353331
181570
12873
392887
637183
570680
970484
666697
778664
584187
574592
538447
108910
300641
313646
310773
140383
200599
419791
472935
768200
947901
471170
155715
822328
867886
209419
130928
190765
951453
955723
369096
572062
188570
159202
949169
540644
177908
785182
979721
158982
143417
474078
929087
166944
223385
315399
737727
336558
312233
242402
817221
879930
267779
918737
708179
496480
288522
71212
703357
591099
459339
168253
55906
612846
179647
764115
176181
498961
271917
133127
627513
416181
361196
685961
33803
987030
864262
772389
360601
640156
540985
469272
571505
917390
822423
408713
570228
977364
123469
985126
217321
14631
95872
420956
517037
368791
463827
182386
117448
447736
144197
788803
147036
359210
776376
820950
814327
395844
602188
179100
537415
167581
608682
574405
78509
405046
41949
846783
220714
379719
895002
899212
400822
459748
785120
251838
512943
957452
669306
776338
67822
419918
785122
383911
611830
529497
201344
245401
184646
971422
940239
954302
3022
298916
665505
474620
225342
304360
701497
670022
675385
258222
29590
895665
218792
747432
113935
54391
119596
21506
509273
124871
275563
510344
212710
461894
258315
704245
543272
946598
96061
595225
537204
103009
284785
188069
626625
340691
