7173
156164
59901
211510
831882
906931
745992
601511
124453
185974
33749
191564
97417
178199
841993
23555
631560
254288
408228
894093
296361
248470
408258
715106
419645
125884
102398
264303
803216
269062
141873
431022
265211
807563
851544
769887
90199
12485
892628
11176
221068
174905
976842
643718
239559
572221
708970
651887
431050
581803
171533
202566
406941
887777
756344
581946
374242
286641
65022
348028
601414
652460
757441
776859
170131
164294
407320
623805
895459
591142
108557
333372
499503
39437
900989
867674
38150
74592
732322
416419
996697
704083
264622
813470
632179
996020
511437
120559
149573
26193
485133
987084
335071
488648
333786
620762
967739
492713
987298
508387
473332
245065
497431
466358
528980
456998
141459
651804
66890
996018
264277
542450
380922
218750
90665
636456
538159
274628
970342
19605
802476
207185
380817
766388
17056
925069
329376
273663
341431
397224
423064
199142
412173
926115
327639
609964
224445
793016
632430
810143
959832
296168
499174
924978
799794
927775
245924
324600
824854
395781
607847
314047
734361
412963
747373
996039
726412
526320
139317
635742
141195
318776
893472
812249
969202
423400
693169
942256
632367
343992
819699
601719
393779
395189
858426
357493
310403
403882
803905
647971
541099
327658
547635
775810
852689
474557
258117
874329
651879
433701
668160
809610
621690
182923
218076
173968
858664
801611
360840
999576
837934
554585
813959
945336
791903
244110
252020
772240
397937
224595
86246
421692
332338
579497
737646
591283
12184
653266
436413
382527
87285
941983
493539
693977
264713
848087
926450
386528
165682
48321
643841
697974
408446
212175
853516
557175
235681
650663
932601
782807
116162
99406
949557
919639
5103
10163
924541
871268
444913
410006
393593
326220
662779
849683
748034
619741
673148
350543
747076
783260
258452
221118
461631
221535
761891
33678
785576
203976
745212
831283
971372
238174
72184
991632
42644
679113
156967
942079
816259
29546
470114
634045
841885
526677
11580
873717
108226
515628
598359
786087
584696
276441
375186
803701
942503
872231
686176
680778
628029
395390
637044
931111
163058
13689
95448
2571
677798
987366
672285
387711
429222
477529
807341
40251
705933
224173
385148
419320
51015
18136
588125
635603
237361
643434
78577
529115
147100
368418
816250
814583
84401
806381
315789
606647
69038
362556
38438
217653
541646
144640
668950
261287
303495
573061
103959
607493
591085
631336
991296
767185
184436
758199
120851
145544
20178
492963
483124
411939
432707
202980
647413
480586
368230
557034
175948
92758
38597
504251
941478
896641
150898
376365
310932
474157
804492
597890
451492
54733
752161
731163
829771
615860
296685
461339
425725
119608
455809
784153
382687
862083
422143
352001
604628
500342
431554
771464
290356
914105
819290
806153
296539
495011
114933
136321
235357
499011
227225
858468
312535
423689
500749
159641
832545
655828
577752
322649
338207
830745
93665
91103
20087
360364
515317
944973
98973
324271
757543
896027
372361
466452
661778
620348
27978
709264
45178
477199
681844
112094
666961
750014
371125
248236
563925
816695
468870
917094
461142
613509
841469
860702
944918
322122
404095
215701
554441
449051
189138
760361
367931
427448
459216
856858
562833
779046
833911
738938
885799
812139
752734
760881
45273
74726
146498
183210
848797
627144
491519
697502
736333
563123
28698
994491
144323
700845
654011
531248
646366
814849
681016
647640
812833
302130
869196
548352
937402
712477
48294
88919
342111
841770
539102
756913
386132
806894
242882
867127
805642
95393
958479
166447
732257
668023
816763
42404
580686
718365
473391
154034
491416
521809
315986
150832
695484
211742
847233
198074
428849
225395
314587
6681
279366
225055
599672
192210
410919
563116
813625
695240
638
297557
134202
131086
673397
400292
727908
815053
917658
347244
585952
251790
902044
134176
946342
640037
375602
678095
66035
12475
213659
477821
558105
205110
88448
448351
534448
968263
219957
937650
981482
277455
385310
830840
215364
92399
819502
187152
644825
444203
936011
742897
849681
553146
409742
756547
799414
453228
658598
890778
750311
34360
862556
977231
959269
958625
218161
118141
362187
261189
842019
804501
702170
872002
357326
683999
648754
136709
98032
691149
797277
758512
880709
174141
816774
600551
349201
581772
245191
727416
696124
918545
140128
143205
245143
356733
421763
66638
478204
706701
378123
935935
935764
255721
35021
471252
870835
548701
430279
444101
134685
198193
271158
266706
613100
408422
422723
633868
390473
691280
521821
851005
225304
650763
642786
921909
990960
681051
459830
321138
123207
786852
11767
462059
711981
957378
726087
412345
854511
19270
159624
985123
645852
567822
650982
999428
604388
489728
735693
166555
704987
529507
95420
377263
666461
596249
323825
655069
994060
54845
580484
129023
256501
366805
968720
811259
236689
919732
296460
541861
326311
233327
272247
285330
359951
160505
635762
409466
963153
258590
736935
414537
194027
630745
526823
813698
43185
993938
504786
873552
924943
177079
182959
285739
302378
583285
470684
791075
177061
456147
992095
487053
136064
498923
667290
607047
300698
712711
468189
875944
722391
846548
194198
195657
998236
569157
292771
872555
695479
650119
249160
834371
884124
714076
240508
805545
608779
462039
328542
909401
124429
105267
140741
964771
502876
264463
225396
355573
919394
417930
722733
5251
95194
10807
500764
518288
775251
514045
761204
662620
364307
636558
504152
194026
932248
716738
761071
582957
275066
552975
982810
642446
360108
774631
919426
680605
180385
42414
238794
131537
818059
824663
841636
183101
22654
279834
287359
607826
36339
106388
55582
342155
585577
846010
483460
68089
892646
758331
383115
332843
371868
828914
507989
298937
67494
847557
529049
265709
900465
806621
600479
73103
707128
424002
160647
923340
304871
586321
319811
818562
636705
522397
524260
713131
390109
696032
967506
251555
448683
600092
168598
623319
320597
197331
453457
640588
85088
446047
714128
352905
379378
245295
552823
615395
437645
635934
617241
369763
795257
63921
202282
787221
775744
662125
844172
727536
829395
271955
550341
825437
997195
191866
210962
540134
83273
824775
262741
295036
589438
755082
853161
625061
216838
520312
515414
670592
333423
387137
13984
143734
406873
11214
948026
53631
732725
688601
853464
484046
872751
716264
418466
22234
960232
586087
923908
927498
610140
754145
12962
277885
319011
921179
197929
937331
357523
365837
733953
774299
48642
701950
317214
475641
567593
855930
773942
406707
563364
110259
796429
620409
97557
475378
756203
379536
558569
252216
948976
456633
999475
138421
150910
790850
727988
45028
265172
706024
700220
209601
230395
38119
209065
270376
125336
936865
905550
286412
828066
730278
80880
279312
231982
196198
685482
727429
839591
636144
854192
304513
940121
460070
529648
865368
131052
357952
131924
330170
991661
495225
210916
117161
188616
101209
160457
611028
237842
135456
677740
63189
559107
541516
732541
851652
321729
971272
277200
732854
985751
14449
509281
515798
450756
855301
337976
216925
50160
943466
365096
613169
812730
66265
791089
758808
288492
953445
918853
178391
714064
495980
552808
866987
567964
963800
793392
179043
265224
174610
198508
464088
772544
663557
977697
957130
599669
768778
488175
534041
53070
55093
880659
729693
667709
690363
231686
781218
213868
241215
777090
548675
647125
839544
849572
794145
617649
104767
37229
244609
180232
185210
348706
478208
303015
554081
412948
743603
839408
634794
102842
850783
931275
828885
395194
262097
928827
760598
183942
38236
723403
797658
80483
615405
394918
858679
711493
404812
674246
639861
44887
465201
613829
637939
623895
650433
485391
951928
296093
438756
183417
609175
48059
533891
943594
66686
427008
508451
642551
248795
339799
357209
993421
368106
175117
249129
591687
581728
507952
516671
877344
317421
604242
37065
433090
539570
35245
699631
357885
343743
525408
179568
823059
6919
68568
342554
666160
804387
378826
447526
857911
429055
858076
615406
909175
461861
8931
130379
34876
346532
302279
486031
835842
930908
329283
82972
928389
777065
165961
25631
814580
104874
160578
296557
301507
374765
958707
624440
227999
799993
95995
343469
103741
577015
483897
384686
79052
882813
970826
334183
352585
378104
546608
169039
689712
885622
141966
538877
747216
86990
486736
273124
376120
939116
563239
752557
561165
202173
798386
833839
59581
487091
387320
895502
985614
739509
299410
369901
928016
870055
284454
800401
95345
712081
327117
984723
431727
847022
169366
162177
556968
900820
9892
338195
492301
577338
192050
592965
64309
365355
577655
702421
477902
429894
570469
510939
611566
512687
880331
833792
513991
982742
189082
457500
575801
754850
868804
625456
805826
114361
987264
795837
538256
782190
187562
36031
791351
345992
408584
116553
303614
948075
984424
732094
333588
341798
430949
574185
908576
86744
273096
462778
776310
111295
191498
166750
165413
771231
8887
254777
40301
428747
631855
884931
156238
190995
279367
662204
828411
929098
872332
123149
255086
57138
580775
307773
912789
794822
722012
453516
800554
651940
188525
186544
637920
102038
588635
450665
822713
943420
995148
548867
386548
473815
637768
85544
115300
643188
866013
829599
911516
32819
299363
980005
417095
851122
593370
779430
999188
852315
627183
954776
473294
940424
336222
758645
474249
155342
544881
427411
45880
357485
736550
94561
623452
974354
746094
707840
238935
557190
348754
100795
263263
178103
104432
52453
210062
112865
641508
967822
641749
647257
181954
382049
272017
358262
491839
552541
984886
739100
440111
176622
89576
593830
862440
114663
589352
905775
122374
251487
500267
652606
660168
412453
907143
912268
177816
535009
347782
616946
46568
253960
49885
949235
723512
274171
751286
220580
319540
987837
431914
824756
837817
114959
606091
696156
299448
164266
359516
170724
826355
807960
461412
264462
411749
844208
275095
279460
127359
326636
249269
844697
13708
510505
325167
807838
332341
617402
455619
446084
698401
590184
732009
155017
625844
450250
550757
293441
558841
88957
836733
99106
209946
457089
830789
628012
252812
179568
637846
546547
138887
528476
356829
239499
591155
780419
607887
890382
654687
668529
721658
387404
98346
877619
915191
252368
842628
612659
544380
100427
123343
855925
118222
866208
632351
595885
978323
980939
633504
680506
191045
704239
785495
600195
912899
64314
821889
117677
223682
223095
814999
901302
309152
251631
231091
749745
986393
8317
643340
182686
852754
505709
479005
326821
726611
119760
37989
294319
19538
381407
360903
333922
931498
870793
553297
785975
741227
995740
705625
724281
794058
430412
774659
530587
504441
591266
848736
186998
153682
562499
16945
992415
535788
120091
795593
321762
486416
74151
917008
1629
439302
114589
10148
246394
836360
758392
668889
421130
3160
222179
418593
347451
118061
894081
166215
545398
470985
221847
784661
518167
180759
28694
461962
599246
830794
284726
76030
460810
879001
579525
828617
251762
880439
579610
412696
185252
205614
257748
220945
343823
762181
278204
358663
214063
959435
606598
934105
301331
471620
109367
481640
901273
521197
878944
305394
250684
430380
526664
86032
952132
487577
812456
664136
601820
119011
131919
796112
668992
288928
189862
352032
111509
966773
998222
576498
67282
545118
34917
418521
119900
694363
692136
887611
586096
252024
520114
955501
354234
653431
252835
733481
562690
54299
464540
900270
517254
117012
64550
168053
321122
755010
419826
34955
966955
882215
656123
902160
570140
381742
431112
798410
887208
630610
681421
459558
31150
122797
573617
227213
727947
271582
417131
429663
737545
642773
701381
958991
102388
153790
398979
775835
588877
842759
399709
413030
984088
156496
81767
149747
586576
425070
173650
902976
902075
646492
423755
374781
276184
550975
739521
830696
901620
727125
108484
439814
531100
783033
835849
427519
849708
10325
699402
835159
194246
295332
470026
919685
206047
675426
212982
525682
274611
94355
196327
21967
325400
108397
464900
984211
191024
883876
571589
574032
619065
628752
628306
711217
757567
822972
828489
478802
294896
66701
526367
752636
814352
631053
872541
493755
692675
644371
519628
564510
630984
201553
816812
623627
81797
864186
276957
231292
833276
339470
712353
382874
571933
14787
533113
512244
848886
808849
814251
966108
18758
115418
519973
754782
322991
382325
773884
129822
56009
530390
525389
66701
516051
574875
880644
388744
651972
180341
165819
152013
656319
655281
9914
107802
335846
315042
489181
460644
645574
898349
848275
770033
279984
344945
985282
214354
531367
364497
812872
21761
840053
933663
169117
492819
613336
954982
995220
113305
210266
883796
2688
655769
538366
768962
160179
83236
178326
563810
706850
846420
862322
498948
579876
754212
609266
620869
590937
415852
457277
945428
240424
328759
519370
737570
263904
326978
451099
552806
693696
927252
365514
476042
907026
34549
825340
788725
550962
925004
101746
991350
408876
442072
2878
906121
276419
71563
485202
806474
217166
887550
479028
475827
583166
116309
891021
286163
57338
576561
96929
429070
107115
832779
501786
353803
884371
876852
31293
93566
827736
112166
503358
121233
172767
58373
982382
666865
193620
46520
938834
413620
237125
336223
632272
622178
285166
436016
470851
291239
144208
44977
561517
953683
115514
656852
369612
616459
62761
553322
683461
76176
563147
938309
775997
958761
143648
587503
617223
279536
263033
858752
436215
842103
947619
664736
791573
311381
585949
31322
701358
185040
964036
289752
457220
668584
974544
127041
728037
332862
556983
492652
243097
499296
582767
599935
689396
619826
604753
693608
371404
880634
805849
384632
878917
367559
113034
363415
962184
159743
180398
247464
941906
947844
912699
902714
685928
197762
904721
623207
237161
591128
193056
480141
687292
174625
139879
556198
163111
952734
215
219655
519489
137090
302230
258418
627840
332313
527839
696855
907500
513685
631302
18286
590645
603190
744537
442794
479839
560725
737955
372634
917851
327950
762442
844641
682930
91656
419480
352784
852762
698595
831830
78173
951595
60092
834132
189315
30507
19359
208646
748149
952133
458442
727305
540928
890649
802458
235715
272700
504237
500437
395879
386414
345600
555347
652824
504637
905279
901769
603877
422799
127889
677363
910003
792896
460365
155230
198136
883775
37067
663887
539427
644100
669720
922131
979034
60081
580355
691556
138075
819269
215060
247413
588995
773879
444253
817883
524973
131637
530472
884951
300211
933560
732303
897988
478672
720515
219051
912410
397414
289081
770724
729692
693466
219609
66472
715108
962525
405527
97399
154377
361542
482968
376602
880042
700443
863689
432115
47322
751727
525532
676400
304488
784293
741216
581338
308681
825234
825211
159818
730212
581697
474887
670522
872186
943056
895751
362041
279152
964343
475717
241208
920123
930665
905673
284930
924839
439635
768375
498761
647748
615617
41862
697371
146157
933408
129625
45364
373174
666334
67899
575852
951089
686509
737916
203025
68189
664167
349858
684367
790189
990348
605454
709132
694576
718758
305837
602385
200097
778637
42967
470690
494477
588743
427271
459886
278109
713799
886007
919265
352511
534998
897304
74647
76277
618511
475435
433772
883258
810628
628223
231023
905420
363583
879623
673077
442651
439843
753687
28617
415820
945840
499643
887553
712490
953061
576052
726892
544298
422527
677200
394535
412825
394592
2917
885903
575204
172811
118378
945616
651076
665036
338225
57116
27524
398388
716549
909560
760304
869122
481116
968240
918940
414942
534713
452779
172430
470206
178529
268441
794953
647531
984695
750024
340534
352222
391798
389782
645681
783812
480395
355201
12398
346593
832141
198874
115143
630929
44570
159577
463139
935721
98895
67721
776580
853115
95267
345700
93164
875384
904993
499065
752493
720432
601920
947209
312460
566262
923488
32498
313873
269663
101155
339843
947822
759209
633894
940142
428681
995127
166491
721755
715304
880442
946692
748889
906488
31788
92750
555247
518522
518902
834312
808849
847179
83762
173950
42222
979022
671562
652406
11302
386936
795775
5574
713497
300919
812870
595856
29019
567680
169485
668188
791683
375092
932955
768656
160739
676334
311061
717838
493394
580459
250012
548906
970276
920919
536468
168647
986043
765872
13248
13901
281399
261785
282889
489993
496777
697085
856350
462112
292133
665502
352948
145905
452757
397177
988590
554503
546091
968408
923225
907895
146511
218164
866638
376284
624310
933508
975610
471981
626995
554022
365499
497656
881319
521129
615968
226173
552405
887349
259283
743530
944336
39128
728019
912302
962261
418861
288217
673467
542901
196843
960732
748445
924715
487367
487280
878706
587532
955271
532682
898437
846684
414885
877150
484875
514812
483740
264937
555769
214721
553297
394891
737664
714273
28961
803852
423079
656263
402947
679487
690115
998534
339290
228675
288852
696297
423706
423398
456703
976873
678484
42597
841956
603896
821919
116751
670939
614714
509285
189895
971792
33683
569671
804776
56696
50907
548462
930243
394927
182446
530031
266691
989360
71521
921114
540082
546736
454735
947232
908564
102615
286225
764254
38129
841948
308171
433546
828081
168187
401699
741049
256287
306902
349389
244426
476944
783846
825794
183539
273373
964188
868112
114726
707403
599704
911690
497695
39244
377541
72671
484493
877151
980559
247944
159130
175122
257154
68635
738201
137959
612416
137597
86859
705621
174110
177332
885646
76965
588765
534555
256483
929725
569536
350702
705882
414074
792974
725893
540188
131382
794470
368350
951893
567081
992890
678931
796220
470571
338218
723434
434176
187095
14909
340875
121552
914124
565246
375116
411335
357773
20465
477737
406963
985416
6193
376207
792513
369716
333223
709527
433862
113299
957353
160912
423916
270231
173100
595253
684279
36897
22567
777150
57139
115108
101831
98578
940220
43432
701832
505433
933225
620715
628407
957232
882838
680994
975233
860086
693709
364893
116598
559875
232721
573896
128224
56377
907910
776077
130618
729586
512128
243543
513551
635160
309734
919538
399153
405844
573251
946510
527378
78623
638185
740771
457346
935732
86402
103406
645
665126
956148
783385
845904
789837
173872
110136
393952
902364
25752
93807
838391
29774
477514
243954
98229
164223
769678
734437
288591
634583
548376
710882
1134
524193
741754
759384
272230
744442
444905
918032
776081
543716
66409
423627
710600
9018
882776
34888
708413
391742
965589
220514
890616
814926
729419
995285
298476
164470
267229
499297
841781
29726
661680
64647
549617
411108
870095
590512
607800
286533
118271
144237
330297
862452
89120
868825
552434
717773
305533
661851
316171
720547
856816
769608
168656
461685
583861
127141
195338
167616
993993
465802
109113
171118
117630
230497
705135
560556
834206
712526
97291
641689
351226
36393
236753
40218
136270
180262
938403
937802
332050
484246
495710
107407
284319
227078
428052
493320
255036
753989
184801
434018
477317
160324
154092
691914
492535
93462
483836
793020
348890
136854
691252
329914
760715
877607
27437
88729
795045
917270
850158
839350
277068
348829
167818
752773
807702
420801
326423
421001
876309
751066
292358
570272
187909
700595
91428
864502
99727
202183
499820
84186
791160
649900
57350
460077
849513
944332
167200
546422
805083
316877
280744
786707
855839
687186
692707
561547
136135
166747
405165
955198
552884
908552
468045
182141
463997
502715
837940
410230
661817
665690
204307
871496
739882
429812
386646
374197
258886
449083
330432
514805
792355
349167
349668
798567
148478
29788
728509
18083
275495
128250
930283
296298
737037
418418
505674
115327
232226
858688
448945
660303
417386
883699
958980
769547
136614
67346
380855
823639
410967
621337
74719
408282
219761
448673
907062
975734
58974
355293
245803
726482
363819
950272
236068
501010
118675
50236
811729
862376
848870
486054
487598
71300
887574
172405
685333
985191
744030
667242
744189
222805
890192
603017
13075
2665
328953
507013
623475
827330
148402
493689
956355
5147
413638
926867
411564
960697
256699
398027
380214
975677
417663
300881
175936
510105
724273
158405
282776
10655
611080
131680
209021
173109
18212
227440
252334
615397
396975
737792
536046
597073
159023
397398
479639
761092
291692
107157
71640
635363
340152
816067
166221
613890
64416
293669
480761
762643
767278
166215
786275
147193
515607
393432
131530
293370
913160
547441
297413
2707
402376
639222
694780
455334
683657
80661
87101
451215
670929
803692
790972
686996
173824
138311
501930
159866
786365
112262
948528
106356
470465
792157
710984
757687
282879
798390
686584
706025
160623
18033
319853
584695
587894
410763
650736
174918
173108
328796
438919
741569
474601
153786
269802
966673
195524
890556
623904
521067
323722
100505
89527
844866
151392
20910
71004
349790
81589
117662
501788
895173
838158
820691
892216
772885
399919
918435
77022
188979
121571
141135
898506
168745
501477
711673
482781
332283
867973
530245
337943
893371
789184
380258
971777
257085
44764
134195
355313
144811
898356
472522
671378
380441
547836
537723
11248
193702
179555
199003
132659
426571
780305
650202
459305
252419
832464
187642
494076
822807
139975
596203
940226
624645
130144
429573
443827
158924
592843
400161
256502
984791
287324
499797
508308
118084
545296
163977
148622
93327
298029
4474
381321
57695
816839
518603
957735
112685
676830
990467
296434
911565
2213
36008
342002
824539
313502
181237
354270
192643
381280
248890
539375
450924
997370
474513
51535
657090
360242
540856
877425
872158
500838
550480
778170
416213
616596
820017
507932
273562
803125
811752
150788
992784
355908
926926
886570
945008
229916
312966
879109
711060
204159
877970
732321
863326
681011
537362
384712
644551
520070
433563
20125
53448
141427
664560
169161
389022
790813
850144
24972
329854
60088
458107
643125
77013
452551
308466
831981
281594
65023
704586
574509
636659
178123
328701
17040
473249
191977
650541
598722
80649
580273
427013
463768
129535
222518
324399
996474
675249
703429
338475
659515
373069
558795
873939
447305
871120
614995
745704
168128
988589
637036
4567
414361
902998
980584
800782
793919
450025
58049
20098
729466
601367
823628
295076
870393
434901
235679
150225
774464
875633
735144
964332
971388
806225
703233
970885
468277
807563
451396
538023
825531
153925
363777
211725
650671
241596
219419
336116
227563
357984
34239
775115
977999
731291
781506
714439
299817
650226
735511
460499
829312
898628
686506
824229
805245
375472
707035
789292
298551
797012
388570
612645
638489
328240
267611
813133
795762
92840
862070
430769
377369
326120
107167
529505
859387
184162
460605
117763
793667
93299
861352
447619
482596
374435
572100
825768
791558
880203
654517
577474
140426
933585
931901
151743
154428
9615
404537
127710
20
288530
852085
76219
906537
524606
696551
47496
426227
37071
958351
440860
813051
837562
196457
163685
203233
848562
164939
652026
830858
67526
618785
280843
327524
202791
542275
230778
928599
44104
829232
929154
948105
868958
744682
231765
402382
481671
513965
410116
386219
776071
900429
639000
243205
431021
429867
775998
626667
541780
771411
720926
559421
215109
131830
300044
728823
380922
451071
859479
703134
585789
547667
492544
477509
592175
947114
8965
314620
479269
545605
85530
55190
627501
912203
461689
916374
976174
725636
339856
716981
884461
625329
750489
240659
581292
456773
849608
178808
330477
841284
897373
820549
347796
298679
36697
15547
777514
649417
13581
953383
970302
792834
625933
539753
736614
170461
944388
707680
307683
257543
698786
688757
170146
114423
378352
177856
773919
588452
526659
230170
144612
652840
909967
597504
658416
19119
517715
999840
433586
752859
96370
657476
399924
644664
249186
819096
33429
188631
64637
265945
9583
487625
704949
70748
77079
908153
479269
717112
524994
273191
275522
36306
686212
270269
740144
818883
940276
309263
613617
507752
798124
178164
738168
162117
885357
369275
563356
409238
593055
518796
82408
931956
693749
708317
403471
562017
243567
401613
85948
287984
31225
985825
242248
876500
492337
350936
503877
28611
158150
32748
190967
803910
776764
138728
360162
653280
619915
623009
594239
89944
68775
948818
822856
775333
568859
877464
151410
62582
260367
348166
975163
550683
85928
696998
574105
327251
334926
568333
431954
71602
944521
629338
929897
162095
630148
22539
784822
86920
651892
398523
988495
148690
37842
1788
799906
138977
688836
69773
733349
398415
331354
586168
955300
613677
293171
793931
847353
625348
885248
463216
488858
948806
406368
431403
849356
736022
76331
944752
105654
63985
100235
768415
101520
138231
132612
865181
413050
47386
524499
286544
797161
933538
991476
405366
237436
776090
687742
209699
767021
193434
518250
307925
935779
276210
995249
660533
88867
475568
805011
621549
674919
35727
418035
871776
679175
732988
502623
171402
664852
475398
312814
398198
286404
229281
950851
778454
507847
856854
339246
575170
782392
840971
482289
431376
605359
187754
607647
493260
74163
190001
210848
332884
49229
613846
354450
794323
907895
517269
414858
273432
657331
997143
147576
994130
356409
459840
218152
461226
214856
146774
747557
841085
39902
29577
914424
589941
604227
391267
232270
290563
873919
238413
185783
173818
569451
112827
415371
658763
124069
937717
381159
822809
223517
393539
265941
718200
123468
136629
801098
474247
328197
816524
33096
242919
735395
493640
933668
962519
374434
439375
311266
380142
38474
719991
999612
460148
833094
229808
826306
576028
826387
220305
842075
326370
985044
476477
272617
609661
930434
39858
947850
256898
894464
12974
107771
735893
287436
278142
448984
929868
535506
382372
197439
551521
47899
389604
821330
938964
800994
87467
739290
872155
929223
320733
377865
456263
315997
453305
912728
27829
543518
229995
252943
366445
810366
444143
771555
354522
491740
648093
594297
157990
601749
54293
227273
554866
725683
73223
910494
55407
378243
701855
392953
176028
253572
904780
508629
953180
347259
122476
847750
320563
701988
11734
336827
816797
515971
554371
404194
42315
914904
578713
394602
531194
996528
224598
20772
796274
908952
775957
704067
57049
80365
395008
385794
168305
259023
943827
439844
282869
909812
896904
882007
821771
729880
912421
906290
380517
69266
802590
804573
758842
301954
371943
542736
94877
39911
866715
331700
69495
437133
224514
318565
801638
141027
697922
33433
354736
529643
242213
495130
238693
420426
272963
323055
494609
951551
580300
970265
694043
787888
916340
886841
736830
190496
468155
407247
593249
553406
324888
91933
65876
397143
782145
816874
140841
254058
681946
290018
886189
533596
96120
945370
911938
288066
159888
792626
354650
169244
697216
822035
162642
526882
830650
909720
983913
604085
965961
569162
82203
85240
663297
522563
240862
268792
601799
955763
687224
724294
682426
204545
886715
71270
884285
525065
608158
713632
589411
942532
669562
428147
294773
693189
701278
589033
635362
13536
287247
886790
206404
818789
810079
687322
782667
20874
40488
843062
798920
665383
706278
801787
999832
104858
508206
29838
822955
312330
131279
526759
318512
980873
324292
457929
183071
272083
889682
434764
560162
453939
659012
616982
614305
936133
16961
280040
268201
983254
131591
426132
313400
427687
679110
359437
123943
120337
747803
891735
136308
910594
464679
997725
714283
841573
479116
205537
717489
832516
828365
582509
947127
186653
760425
636691
996750
805653
699558
70414
985739
730381
848983
660362
615770
637357
303039
222939
14026
639061
902405
358413
895828
303675
6532
244489
164220
458598
142591
612640
843921
499142
816498
622327
358926
774957
739075
905679
592035
996590
169431
851888
482253
65553
377218
664434
470498
750512
324758
253672
902505
205873
606428
83369
49125
115808
768865
570364
597107
384359
762151
708831
776201
252141
306557
163380
956318
423689
935401
433033
895080
21730
585537
101507
82497
521509
328345
304870
652515
907489
290902
369539
736146
724738
42913
363326
436569
954408
82743
310522
296108
973347
202910
203940
801644
306381
215666
206681
453770
749892
432542
709045
739075
318723
610854
627193
609161
785309
7520
158616
562370
844949
652995
949534
150761
782492
694807
554685
692691
734568
870412
341686
165004
243437
611815
870497
691488
991290
964823
454360
687413
692915
255398
153222
57621
829479
198027
70855
251146
190093
546972
954236
490722
139040
329632
826799
79634
675092
260994
681373
216631
876851
888098
868644
455159
802777
601414
803594
546822
394632
347438
374631
84037
915049
912965
985649
755845
868192
372723
481698
267177
643978
449423
240136
602088
678486
226098
236457
835058
52797
116903
507920
539178
446111
181950
31032
73938
915644
609152
990484
466757
678667
906556
628025
757917
705018
827136
130025
8820
191875
346660
813629
465288
722728
2496
98222
493944
164619
159357
962944
786731
422764
983433
835275
635216
10879
260900
148519
88959
380969
89752
541811
204990
6743
621061
694850
788000
387771
193562
341155
507145
374948
120352
964684
650956
733433
978864
4578
713269
412882
355397
43112
607778
381684
964268
219009
341644
579622
532056
117283
653668
572916
805778
260890
276120
495104
969741
412982
802804
73599
114519
396819
31717
517143
702956
387715
465562
589139
658341
350042
593731
328449
64526
995861
183035
287593
177044
910247
753410
741226
256797
961250
514275
196018
434930
776511
730229
258777
49623
814986
131196
331803
647484
95852
557423
59248
887244
79574
29972
654474
168418
813448
566664
683307
69147
796859
921435
14560
818310
473713
274071
980445
580088
952855
970721
431286
595645
46483
533817
613496
941353
261104
809948
367202
772876
804260
235081
579331
190723
206970
560224
271409
81323
721824
563749
338531
276785
445199
861476
277356
756933
439186
62703
66773
851565
404918
419011
633365
118
941069
913353
208175
63429
420638
608120
23080
695755
676716
222423
631396
770135
594465
370080
870492
460357
132440
606080
78718
885460
471364
115388
489954
77653
950207
200749
36516
568896
97459
831212
935010
247649
778911
207048
444243
871599
516487
940916
836034
484925
138683
73214
113575
116554
881857
714874
762208
482867
254625
1277
760785
536200
259150
139077
194005
767547
478892
738870
91679
678324
310210
267775
918962
294466
746622
646555
792825
579821
483487
800372
368195
144103
364035
942690
162399
76705
27341
538576
382992
643321
887794
47103
944110
456144
988769
824420
504793
156410
603405
881965
281370
399375
6424
458338
229847
276446
950749
163238
333363
95553
840858
91868
624064
536844
562360
253030
478498
785695
512761
578504
417601
16667
453949
924907
63978
752305
910257
384638
643523
565462
237077
701367
67305
21203
138727
865783
220776
230328
771633
640716
739158
107440
962092
471120
261068
194480
908944
207854
374594
344202
247481
536772
212614
585438
660855
263076
504601
48751
525490
709173
68838
422547
469240
919799
515232
124997
589925
204324
539958
298645
365998
741041
517046
256510
640714
488884
302972
396056
473725
930271
58708
439780
370562
831402
164404
594437
243348
595983
51919
372558
362137
282735
498455
258614
406764
641746
43410
294376
752197
88012
752024
382199
955079
46330
693990
106927
889958
465068
777826
876551
87283
671965
254124
228978
718854
995933
365533
1876
269895
689168
991263
866834
558105
704655
660841
301506
143651
287404
862421
800898
192187
35154
415711
629092
294193
355787
627004
585799
750902
474332
277013
61825
107688
874763
54559
581816
964475
371265
127512
507152
658117
243657
3039
719806
939813
354168
35120
565499
51473
341223
102844
261205
19900
217628
196257
567519
927840
330887
874443
771593
720045
577448
889766
964554
58958
721486
50687
234233
261588
700729
507254
27900
641089
401121
539746
920983
9075
492496
124801
407334
394092
467562
19802
203878
343482
951629
368753
878893
11783
779603
805094
667962
119935
811316
124203
835815
235801
957513
757280
172091
366341
50091
30029
400860
475312
177210
328059
200673
456503
59897
752431
94342
714150
826455
401732
738745
362411
416969
3364
363793
182299
190674
7011
711710
220064
744868
785592
634267
663615
914208
213592
923136
200706
761594
801649
48372
132166
179384
508864
476448
34467
974937
18895
322719
445747
723794
56015
972369
546561
248628
377997
260815
181712
488681
48596
495096
235397
859037
710304
996266
541106
541433
564218
694989
85695
569418
595125
705161
714679
252928
582211
770391
891180
546963
701876
395061
946056
76096
564237
656819
68146
775089
138241
914859
243673
137275
653903
444302
591520
558017
424311
507224
521830
321782
584282
839333
254961
429055
744813
176158
308726
444150
604697
698700
878791
972555
802611
635469
687705
78853
983507
35555
737777
645286
750163
510890
652971
783341
66662
941154
518375
455541
304530
826730
962000
161211
414027
129422
652234
377277
786094
801783
559544
310013
348374
497473
257191
396133
531807
529322
288346
885700
980917
922597
611634
553270
569559
157134
581434
249314
926638
786553
8717
259741
599300
696675
556260
161389
74211
461898
943744
524264
713227
790745
846192
94010
522766
973691
437248
989124
476556
296848
348158
229538
266887
11517
298986
384197
367586
935646
614713
262655
269307
107159
39750
965726
951713
933960
390678
270319
674548
757470
749062
887012
335576
743942
985107
797520
409365
221309
505286
756814
657359
864323
26426
767042
494364
803246
260939
39799
276615
916763
973405
919016
103265
152831
126790
97690
683966
560923
383705
912806
631891
900366
283152
27861
702954
209412
597013
568355
363007
99021
368749
200230
413307
497992
458754
816072
104074
927230
391307
38000
839643
526475
72218
784448
529203
537334
689153
873207
780783
600226
726114
597301
287124
843934
20626
665119
760148
232151
35626
952089
954656
407725
199466
287472
464804
319266
880649
685658
406692
983279
72349
406484
996273
910385
191715
862123
51079
755328
780780
900695
19398
458401
610789
240961
695307
140561
385665
154214
456107
582145
881605
493267
366604
509538
916335
345488
869855
835478
173508
595097
741885
293125
61685
801351
492381
265041
873645
681742
814384
306145
84026
570143
216857
392090
412437
667310
330892
768556
431439
326478
180418
460936
678170
748472
978134
548400
96434
548714
772352
515430
18854
571180
906987
172678
272327
436078
455284
35056
625067
704397
585665
28445
235486
271348
820092
275539
902439
273055
384427
416051
996146
780219
556334
722864
584799
67497
654548
661274
245670
557090
978521
315096
24036
967220
531712
630324
900231
719211
745417
44881
829715
399179
208208
976247
996750
207289
482498
189135
651982
416569
7036
898346
913949
980369
77442
869179
788934
819085
743000
692837
112319
169180
776320
215407
488882
378456
369681
36885
26730
636963
473521
659896
771927
118892
184495
603957
724477
969617
917887
956370
568447
328351
662739
679444
735236
294068
748050
295215
835779
352070
804407
482517
490929
26556
33929
808304
45700
859130
437874
803370
437666
73466
359743
751337
514987
549397
865651
943705
103648
225634
2568
534561
169134
390325
944899
977975
370971
416585
338291
343119
297868
564600
986758
204078
193008
496806
770119
247710
554701
856062
40183
448634
48229
130644
774599
174185
473796
219690
87792
575335
343657
232782
860464
772223
406479
453472
886050
879189
377174
184114
806456
352927
330003
463496
716247
597684
384177
509694
774798
863229
741954
542025
318772
223880
479078
934806
40094
245115
194774
774926
193338
137765
23118
980987
294476
987504
779669
779012
895362
776627
130794
260564
786997
159460
433165
913433
480767
483434
957286
55593
315891
171473
772630
832894
9661
159767
172761
24610
929047
471779
281045
473702
721253
116629
881153
515340
848047
560440
965045
861316
91384
558228
998538
694867
696703
816481
750957
572496
447570
454806
108485
735177
830985
386590
919614
288258
758822
23212
275890
774813
6343
896614
270132
997333
96709
140604
388216
501092
533101
699100
314658
678149
778777
703870
691433
934036
971946
315738
91368
206865
140579
984378
792641
389635
770725
942889
167406
761209
707907
376651
94310
656108
521217
306438
911656
319872
55086
586718
34470
969001
220891
284959
226449
789930
353015
807219
350717
674041
989512
304339
866609
871743
951880
258522
54670
265787
877914
614773
976794
833478
91431
448887
634151
243313
788634
794953
44708
569994
418228
628927
659328
368382
215564
441221
997046
448088
701927
747384
433914
68328
922288
927825
307326
53183
294612
711804
371041
810774
651068
903495
501173
163278
619944
624758
813995
608721
121701
485363
809821
306456
801258
308258
851384
22535
556053
533203
546180
585139
845885
317585
299538
937667
409331
253335
111233
898164
524634
453858
965292
550710
727328
152034
930931
389556
391000
779082
311973
653105
540598
409670
911559
334478
442726
719180
389508
186216
435273
538828
74672
264798
715085
248897
108346
690480
709863
204009
915182
634498
470896
428689
421157
984448
900761
57610
191370
596124
520716
131320
567625
214323
326881
31752
411925
517454
579770
962817
787030
21829
347644
785780
110382
915709
394410
462094
488615
375313
540831
557132
70843
111694
316328
368333
465918
77657
739900
683395
964908
332204
852185
42627
869643
335613
641724
123325
829117
966079
528380
667333
844388
850625
321219
575119
971377
672373
505386
198202
805388
862028
980144
67971
276506
270012
22039
446234
469613
902819
579036
965969
936014
192837
966225
882673
16607
893234
538584
571111
930608
386307
726910
693404
402977
133314
492593
171554
166127
16041
859488
540682
455388
122435
504429
493842
708735
508463
618385
888507
16357
199684
755917
721977
295011
890318
40073
609924
325242
965557
654283
667724
282533
222974
902933
504969
460289
111211
151963
131120
178201
908350
510175
201857
635086
188700
706923
940093
199455
366540
588395
121398
904091
245150
804964
215934
209888
401832
237333
716033
982734
881644
130984
268335
911630
929557
301461
626961
584376
209504
163668
544573
155302
708568
880060
250021
618067
825657
986365
975497
625454
555830
52662
942029
569281
480087
700660
96421
328057
706234
396809
687468
262929
691129
314692
398356
468767
131692
585554
415480
722299
101061
889584
167246
597256
714394
352204
519032
538272
168320
14136
553209
310624
854418
13897
774405
940045
92753
187282
991537
795169
917157
121784
282185
766454
731842
586546
439488
210702
818726
183840
784130
144381
401534
971652
399206
752115
420969
1953
89407
649834
138708
172398
315601
575208
932932
566455
366945
295985
293746
191505
407334
852941
685136
815352
617883
295793
618730
650503
956086
581517
494440
343122
693746
429617
253936
100899
86473
240157
887080
662096
837438
190883
442329
188726
90198
363195
363503
518356
58918
458339
547548
125126
867272
437681
930653
567131
264615
819703
363221
822998
263418
292177
806741
693310
343566
619597
380989
161954
787003
738808
335931
710317
604856
109505
213170
937953
802187
434956
723895
978291
135577
84950
462901
15939
289243
423232
813488
953335
730737
268794
815782
713587
250705
738125
234642
452023
864152
282756
543306
331348
825025
346424
346760
222668
469235
975415
369157
211589
127092
768849
851841
904170
105020
230142
188832
397919
119972
152047
516654
237278
567677
675183
886083
587443
684413
45814
90690
76112
809877
747147
47099
584014
391902
719570
313712
783937
536817
172025
903541
170806
43669
946299
514672
165707
63763
460368
51264
964139
674278
323250
815675
966886
802639
626955
471887
20713
962564
940928
711497
298142
767624
374356
592308
669923
657366
241978
946522
147679
450551
790588
599334
512263
61555
713153
556201
470444
82148
430974
950011
691581
813478
652476
560570
939937
408362
328321
230958
655977
800234
245534
963725
315446
52471
452885
137562
982567
737966
868900
652903
102204
322441
451890
97916
121292
898193
524501
229968
836511
645745
822526
741620
499753
763238
757890
197903
599012
682579
294725
578052
446792
784305
778693
356400
494954
134052
67264
203663
381231
610472
748419
799230
218923
479210
150161
874331
339802
346867
396588
944328
445177
600255
221891
800847
995650
270572
367031
852703
859587
664526
588235
361397
838810
22943
657064
985046
328719
666260
586635
644856
839694
620874
354636
401985
224895
501471
508172
83111
950468
77662
644089
971894
523790
86994
591808
502576
334300
449339
397009
64910
687954
493855
785992
993189
472690
533495
678845
663908
708985
280330
227177
760505
761304
363480
365107
311956
774093
723372
250774
794436
193886
629525
891761
858237
157554
112686
456300
915066
420364
932184
159297
856767
792164
708489
70702
128760
921700
241470
722166
824573
617468
301388
201294
103479
891554
861268
246379
247452
424618
960341
442470
682582
920253
786204
971464
729537
33593
979030
739960
28115
937893
678278
954238
36503
997391
1233
407027
799762
820292
750647
899783
86342
487020
908252
326191
432724
995135
600004
322153
771196
400168
82846
910701
941185
904820
241399
191666
110184
728311
477391
937561
61726
721148
636553
19066
931065
152550
529787
840010
645079
576423
756966
957158
658403
141020
249407
931774
362550
679556
576172
778464
632601
590172
47178
80352
814313
650712
582379
492322
828627
312575
877853
224964
793343
822755
64741
505898
773386
433916
620107
493863
79403
474849
102735
394116
315639
823394
224249
482673
835967
819716
551502
537030
151831
432282
125086
830452
321650
453628
79163
292364
564009
49255
617988
547500
547354
955633
187551
623938
485997
402023
376005
660094
526834
429573
638134
346264
337062
257296
31182
663099
98517
874324
772272
516557
903833
935414
623134
892891
985024
502965
275819
353382
964684
506689
884103
682372
203155
246712
994298
197173
635527
684473
943724
487875
592144
512807
141280
640916
403413
310780
799233
724880
561562
541639
575061
442089
411459
36099
219150
724299
330807
146710
387327
434018
407520
600995
892204
147714
349134
266316
859322
771832
881659
313927
68293
861867
395177
682139
980176
998317
6440
338296
790295
69412
264180
19633
777409
846095
138554
709847
435570
370871
975419
643699
47612
280693
394506
119711
963317
151066
873455
336641
465379
851902
466158
175653
624980
365928
744802
349622
964043
250775
817346
932953
979220
838059
28293
474663
536697
199347
590242
899461
697165
420820
872241
275873
314085
474450
942957
756042
912999
417214
798874
213996
288186
102652
778115
175655
802269
401584
443293
50956
903828
347333
17864
903668
8316
56601
408627
147260
59328
331656
98718
132960
878500
269908
141627
751667
572414
130478
711150
428216
202501
22756
587060
984737
514754
35046
959263
936609
998307
941430
44735
440240
780334
539884
237661
342939
585107
918947
754145
248197
581914
786180
298003
507518
148347
703532
95038
551165
534284
453757
633904
338365
789653
593662
523423
367666
137343
854384
938342
796135
401579
888238
678444
64694
654240
936575
258150
108835
254492
559484
933490
779093
948043
78040
735140
813937
623958
144721
874974
144148
913362
631026
293592
218413
937625
509570
734976
197430
768630
789837
250811
783821
317754
101708
842761
236019
281835
942323
453446
110175
32412
899288
466252
953984
260824
402875
654006
157966
453112
669622
772672
470028
481684
578882
153930
701020
76246
503779
255995
863422
279658
875633
673154
416935
762513
481861
198456
779834
341845
459068
899618
522277
610135
177195
56594
767451
229124
216991
980972
525929
640614
368783
96198
388791
869655
93601
274473
73758
202960
335381
628597
347936
93599
442066
28064
991240
153399
818187
979678
12575
949729
227854
384605
158728
740177
358505
630824
745465
73235
300153
934123
978006
753508
345104
265366
975596
230109
177218
208026
27526
303626
111820
649232
285232
269593
509090
967737
76038
816686
113684
240992
334839
234004
832540
406556
871836
676493
810310
326385
6319
575178
75516
899734
302185
534262
24877
522450
655548
162348
961562
862400
337258
214858
461565
650097
168896
405917
726230
862640
216883
240443
158291
820064
215701
716400
172379
170946
658164
476176
338103
853971
726288
819244
543005
285138
165046
745503
236315
222560
665789
532936
292188
257663
569564
218770
742746
828349
932967
169710
927649
184746
162660
364642
158972
652804
342542
303099
883646
543412
145573
740958
5358
941873
595248
397309
953488
318723
952145
922725
19404
354274
521283
491059
263102
469757
108210
464807
552857
241046
295798
129680
168120
996234
365742
297319
37443
673326
998325
498040
164730
517717
883460
638459
863457
88047
709732
435201
30984
695500
778189
423946
719606
156286
644384
897011
993138
665819
820990
542220
372525
815201
444995
346184
792399
383605
39203
616846
882652
229892
767903
260012
197443
188490
530851
526763
817411
910769
808767
534781
968378
718865
481152
420051
296524
833494
96235
977931
902188
260479
495381
977735
412234
892739
517794
715225
567257
62670
872664
2138
940092
987561
308255
81818
488140
526519
265943
760625
532744
290651
496214
86132
454810
836983
204412
600323
883714
16272
439221
396672
712737
647501
948299
432922
691236
986782
840741
4423
330571
379898
436001
899920
370325
412224
94921
294982
157898
18559
224308
133714
961829
143953
420348
881002
91035
60898
315671
302304
210636
704718
119508
482516
853125
601449
355572
212298
704944
909336
546595
773718
154009
550044
208977
101684
511645
94191
683314
949364
217905
749959
995022
18834
329612
954551
825477
194468
640242
875381
175523
422252
628575
505142
693212
456781
716940
672949
739172
503835
4384
724755
401453
791819
153590
708377
233342
423113
297479
882073
880813
951017
375668
580722
243577
46069
836915
937201
995398
749605
281299
966100
464821
266284
965997
933291
311007
787567
226025
352088
288623
995601
651562
525557
41817
17257
683031
748244
423547
646037
439559
176353
564558
905768
761032
731684
876361
93374
823117
959459
814162
372401
730161
21285
74273
116708
216812
329936
758964
23036
798673
643636
742057
93999
684993
34017
938235
42484
174960
456882
598043
660954
987857
549613
213802
573877
117601
816962
880977
298739
515597
676657
957054
791308
781953
767945
487419
771736
280079
974027
176044
204794
654136
475821
117797
198010
526553
26106
638054
4465
979380
469270
489332
839389
336154
173600
865941
612180
979379
966384
610023
319382
885738
327424
813341
94331
270263
598950
144087
251339
212490
808191
713373
956012
424209
520936
989241
444214
267686
32166
930990
572771
202840
3877
605400
541410
506260
344030
9121
861898
927281
296081
773405
194283
509909
676850
588291
683585
414406
983712
911689
607298
15953
263696
648155
437079
199249
718664
175671
958759
27740
56136
679336
822414
224720
801987
520860
16492
394229
41162
545700
22042
569231
50826
455881
839288
569731
365484
38853
985506
649315
887962
504293
768577
774424
861282
145017
41405
266795
342067
910964
259984
577200
309891
54631
765942
17999
594195
568533
374145
942384
424586
208626
737672
796354
480062
712317
792703
922729
660690
421303
691235
745282
591609
493182
7244
620180
715225
635531
475108
448148
864394
460933
553526
614804
547901
988031
188512
761610
57914
895317
268003
979001
429185
917854
655513
279102
934738
253582
11718
83321
195592
588907
203590
959382
384865
199786
988774
754999
944089
877862
125903
996736
557875
251260
661726
727806
96857
59845
142223
773621
334747
402161
878615
245444
328019
302268
476176
592311
763241
291920
853903
52201
692147
883319
614225
25812
244212
827259
410196
497015
952005
954717
234115
610786
154962
280558
878217
587873
740347
955596
325191
637891
686042
695485
126048
25542
232868
449057
261169
161952
330024
313431
789406
925228
573685
947055
403720
145200
386649
892679
320731
800711
649347
114948
352899
73200
725194
272943
489534
862833
912967
557481
603532
782377
28444
726476
952260
347953
823320
367648
383681
873518
931443
591799
102009
801655
77940
525926
639149
198365
287410
381536
834044
253531
27574
37104
159635
456667
934656
50323
640127
167843
298529
438831
287267
120090
123973
572660
480453
437947
366355
844622
799554
502101
219821
694532
451682
86332
226834
192560
476358
122576
59619
686491
137470
225511
509955
354868
556535
406938
200919
447981
446162
444969
90540
124787
229007
723468
846328
423688
793256
127703
866361
300606
765818
189640
557434
83281
360606
476784
976628
929058
61591
995900
264721
366540
441891
266592
950796
669861
122420
122143
165172
711507
452729
316793
754894
141512
611157
45040
872794
545883
6129
163193
185518
587204
461165
841980
9535
870196
109745
958728
446847
245199
770530
185943
248352
108679
163185
820472
279734
277270
755597
795807
543482
338904
725368
319365
3882
864322
425079
655165
1422
98179
475939
822421
229206
982133
217501
573093
587424
504832
75231
421047
525781
606732
846701
755730
678067
509984
44329
153445
663717
476956
282374
272269
844302
854991
415829
109187
174308
768822
384059
558757
57337
959506
272068
397535
552726
313700
359120
618166
228672
231560
795435
762865
554780
882859
959035
901284
770030
94891
541778
501658
993917
466570
773028
296606
432403
580045
896722
647654
882336
284727
332004
963677
162686
793117
364438
249932
614800
447014
881865
581284
994691
477537
223130
169130
258294
201923
60688
293503
684854
636539
570735
629579
824930
852852
241641
715334
393646
814375
886772
777762
984323
183514
667703
693528
824642
122360
41374
918542
870633
997646
190861
413602
38159
978464
159280
296534
367177
662758
617969
739160
30639
778726
129155
377964
89848
424815
504347
16888
876994
49839
177663
745580
912495
52402
748471
84812
288937
741495
946271
964635
577157
727152
63774
595301
238725
253143
642993
275114
938680
617768
271329
360674
149628
798399
731603
270193
431140
734414
134014
757481
171956
48250
802423
277494
349321
785811
309352
881322
646038
556206
507615
935206
470536
198753
836162
982625
124939
946651
301089
489368
886054
713565
833764
160402
995714
766873
689123
108111
562120
168037
828052
228621
295976
12124
739999
856950
662261
130450
861710
776425
882733
791857
889696
317603
959639
696629
197885
538570
529861
522304
588419
658710
237561
19674
172222
907484
148388
498761
715319
528121
956809
760073
36195
591767
186433
7849
257596
236831
