3108
188244
473485
824789
172303
774091
778889
497833
539037
601481
409157
324872
96247
67332
260525
982481
909552
547414
850494
6495
317784
77617
858892
337992
838874
584943
561904
950016
580277
833671
105422
798491
748181
124828
867775
756592
623309
356207
554015
656601
207412
490357
102068
174038
328537
821316
615737
135761
998692
313830
287495
790460
404938
535568
501343
962710
145900
51821
396310
176397
489997
212947
135581
20862
644782
447383
266156
532696
210568
204412
201035
637726
676709
692486
472125
977675
655836
643565
639625
196303
257063
706221
80358
14264
215906
628282
849090
186668
177635
858257
462959
433554
984688
245162
700651
99601
235041
569034
121802
696112
555091
428468
643074
473245
694598
324031
273235
827849
753876
222915
230545
478512
396175
985005
184207
265782
228661
618418
472426
271853
333266
382624
917935
30196
698739
665616
247146
927353
598594
803640
994188
455262
945859
776093
331831
202809
371434
10661
476778
54966
419606
327498
757572
748056
209710
606059
717878
177884
253079
721085
627466
315070
983567
499870
245002
147093
483625
48010
595662
450137
398181
828966
235302
813957
530923
962042
776544
549719
19684
487996
24246
620341
203190
164615
915159
943850
352346
100011
8912
292301
953499
665310
109911
959490
511404
652303
648436
86618
172582
581723
336333
802646
915486
803097
923532
670025
348704
511888
736302
332379
860234
643592
815531
174505
417222
76285
353022
841994
809893
246768
240784
312109
213205
190169
283333
392414
442879
330935
101474
346343
782719
88391
190552
681555
485697
548883
565042
689806
366452
247841
523224
705832
304686
742284
347646
646968
356188
828657
12396
861341
540964
836160
222186
99104
278873
955762
416263
44021
509018
447577
981510
807584
576264
117715
727974
855285
588961
293528
559181
216696
777150
740211
805456
400354
620901
27662
556385
887237
827724
302501
819286
327367
162795
756509
373010
863562
132476
454253
226514
990572
477970
117498
197398
231658
722771
602689
82473
231903
856916
123374
849615
890155
623695
819145
717259
724718
43715
957840
857482
419060
123049
293919
731247
812267
488462
185676
734268
746063
995986
237647
570778
156710
983163
267422
419845
289319
656950
790296
474326
841462
736108
313943
986670
331466
943165
764584
789052
337584
948764
882775
939756
278632
553927
199779
330477
547821
912033
175440
129308
493587
710701
211036
439570
607752
474793
333961
418375
963324
135557
117145
247713
180253
935679
506008
244573
121723
107548
425683
249944
626955
824324
355878
626939
933319
526907
813363
32065
849074
775928
207535
545191
76730
314788
791638
162863
353654
167280
689279
919632
33230
957203
811530
747133
51257
179103
305973
633552
650337
651839
953038
731987
177892
888015
854467
524203
669876
216792
37461
740450
127134
102566
241131
18191
433896
299208
969795
372004
530387
208164
477315
506836
351551
250420
153005
643743
282862
289249
470641
679419
935648
396730
623901
183393
815582
985169
199920
896881
226707
228338
642252
153730
331028
628353
699273
255818
25793
741743
915622
41511
609347
261209
53338
204104
685813
235325
745801
133306
329311
315865
326994
320019
767005
476898
633029
830645
802078
66654
255858
39551
346568
922590
456988
967126
142201
914524
946765
828363
229481
988589
905859
967018
631339
376354
539720
3806
482770
775553
966111
616772
396592
290715
612826
216330
204474
180234
623689
251459
542983
79177
907789
171659
89655
600624
122826
757010
467248
694922
739706
482502
346500
763092
763679
806753
854127
757525
17744
13388
551356
403797
103093
703407
835590
377979
519694
245846
628956
274438
988077
78401
644030
304232
935236
143624
485380
31802
344857
280425
166942
751584
584726
155248
483254
920187
200444
395649
489970
202820
31864
159685
249557
431947
510222
245615
642437
70541
320242
698026
953703
497387
555061
231585
732326
723981
420060
669482
460883
643218
607181
357072
247015
994546
651619
528187
176291
915379
88673
819198
693208
671493
468354
29053
73667
691450
868590
114553
709776
10468
1609
848250
902591
149325
629094
814744
176548
737677
243481
566245
239048
700812
387178
330298
121709
232981
46630
831133
275375
599314
702351
178188
899462
810730
877235
650536
718760
489076
787610
72833
119820
724566
614041
717498
613320
299774
122115
154841
735323
421372
53887
192750
882439
668027
930933
12444
371799
470683
704546
120649
55103
177836
339404
47774
251360
158280
717647
447547
639658
291021
223317
420731
221020
886005
109220
530654
594791
645333
298257
727065
941040
236271
257938
156855
306741
359923
364337
176490
124423
23705
59677
807986
133365
464916
911515
758249
310473
468403
981081
197992
919596
458905
750435
157722
811940
654551
344751
589467
656574
433123
546130
1356
960903
116856
645973
738486
54580
20105
561571
113816
894689
580578
368345
792719
683766
850142
563264
755680
568358
935679
738071
646565
286545
844909
815560
401170
76042
510158
94717
746020
159858
486078
698508
559845
677059
171179
360846
286686
375337
29584
251149
156505
81802
601036
810267
231313
775015
977310
480639
882360
47578
771072
997323
60069
404543
824349
778697
483865
41903
550703
259092
676396
109672
973753
477698
135833
342088
179166
631871
175906
163448
571165
264885
331169
345190
206378
790503
878701
684138
202986
892381
122661
767242
610442
651834
467612
763609
769147
837801
628833
376122
962958
562870
983785
346562
572393
357497
890972
740987
154020
303148
572793
300805
991171
802398
42726
765976
310223
922177
646552
238564
347923
875165
883163
912985
693552
639335
876542
361027
507806
839788
368415
185292
343231
421352
454607
834277
984993
747060
712097
673792
316113
28891
696788
628725
83990
576909
628058
724932
920785
758828
218180
164730
548591
606340
189133
158892
457288
640664
689600
497568
546391
974551
56966
667020
642198
876910
627728
112310
366966
846071
648157
846586
548216
975694
571112
938474
459499
41988
233970
696591
905538
789293
847463
465550
466961
616724
866224
308326
415716
90575
966996
397782
439548
806381
95115
770012
573863
603787
582113
360791
562747
501702
915844
919630
295919
610058
587690
173129
513173
630409
466913
759837
705400
502344
763444
706310
665806
360147
703927
152108
421658
210129
536880
363464
824417
737458
829410
121440
648710
984388
619319
695662
731652
253221
45321
774559
916680
796627
242317
517175
930025
943136
719836
926545
831429
844673
726239
591044
374969
332101
153303
31138
666044
253410
368967
332954
702681
259690
32702
545149
540167
900766
386437
461725
333734
214873
561953
193426
55832
243309
3909
795542
660410
950411
16087
252112
925502
781339
639581
153006
677862
86892
359300
132715
640543
873925
378317
424560
836472
671322
125332
879831
238781
950426
155518
272330
21236
244517
389887
403978
340403
708059
935750
662284
76828
208400
399621
731325
505399
118748
445472
366438
866922
607694
792753
73067
321623
738048
394166
369454
810642
581893
42456
289937
408894
893695
510745
145048
308291
15950
628121
905964
714349
356323
516228
164091
602596
538866
744155
557885
790212
528198
977374
888786
637529
320366
831443
148167
768824
643669
526198
994104
856060
914671
744061
941967
598428
558096
577607
285866
695270
278871
277344
680027
58906
690823
80755
642505
939749
757110
337549
554803
857337
766557
62794
675157
320069
296656
744606
288995
977174
434953
924802
526770
208458
50269
371128
108086
134828
523344
241597
518438
87729
506180
626699
939260
421646
886732
561288
331096
736116
862942
721614
99268
650857
195623
198872
821330
663044
35769
306373
946722
176517
455008
677132
51648
359119
696658
626237
765930
390467
132548
294448
812783
637305
859737
173068
870898
563357
215541
847030
3918
498788
214512
856211
22164
419626
884135
895612
631855
974442
664236
132798
355305
803225
278301
227978
623558
710303
187794
251263
494926
250547
931184
864210
40808
426257
863578
298392
567842
629979
70536
828272
769869
881354
230575
538768
714629
104847
73888
624810
465743
395914
99693
294970
469275
533285
948293
903727
628392
187919
639457
245875
901511
368721
334167
929497
733175
24910
559116
316003
179247
44251
884743
708588
205755
119417
591968
82680
627518
59243
261207
403926
421718
535224
985793
655728
697180
373311
494812
510191
902218
291634
17348
601357
922616
174257
204351
248376
161087
310979
818738
824032
923902
685939
199543
418398
445947
519749
971526
898304
396129
617619
478991
502005
670247
231497
852650
351634
212114
812921
54758
935422
899921
4124
480638
389696
945478
699622
306282
469539
288612
390725
526929
9604
937139
644597
658459
780536
414512
934210
132389
685660
972306
260636
455758
845946
141480
678736
368558
96660
737758
231273
174439
440849
269663
752226
735891
851649
100052
159622
409757
10959
729802
134822
566955
711042
562289
326327
602553
908015
595712
320006
169217
660543
316406
884696
746326
385305
409020
100386
882641
147500
329767
586977
649826
859290
378777
161815
633736
258308
236935
252836
112027
218926
478229
750653
191430
365455
377564
682123
721811
157560
881550
448226
183199
745182
678385
246812
321260
837318
896903
912978
575125
25164
567247
9334
744668
513999
794531
799184
743199
353404
365314
312723
531818
229174
510504
100123
518566
779743
765594
593990
111918
897094
990398
469804
1858
341357
340646
613692
193364
325045
315117
440820
800448
963624
804986
738364
332057
626339
749026
418720
168799
20062
168874
181033
754700
173786
391145
472150
59469
819685
538508
160636
968782
476173
60788
727863
783598
715231
466362
938636
855762
846682
352914
890845
201493
532981
901197
769927
348445
280970
9912
451804
476105
77342
687394
381816
313798
992077
718715
166082
403841
340695
818264
977409
335607
265089
554644
492888
248808
801129
409552
759008
887849
637994
666074
205536
820441
22375
358827
562219
785579
10488
251594
100119
631139
203119
690767
501397
291036
201734
893442
13426
256837
585702
874402
766761
709740
27734
662721
297122
828402
551614
261452
268683
856479
464023
605609
979794
693326
644594
524153
800188
962185
937569
766845
800997
244463
117574
218709
483412
970066
241206
856930
612410
314205
824713
635277
133768
414642
879488
274209
838954
889874
968148
178772
463907
319606
254871
207715
190470
728634
206089
264347
254030
849913
922106
842419
551899
247348
860310
263830
449929
593387
190610
669696
148015
423182
945138
320254
123121
282573
62516
546647
453827
331724
965468
464585
980474
641522
605341
474220
251472
233121
343969
55156
244660
580928
880310
795218
254092
356275
229973
169465
633864
736556
645647
28094
343076
548955
800150
647256
868474
520641
240677
589063
991617
837154
400205
627346
69734
459609
716765
365224
136261
205317
646638
129320
170564
140577
76104
286908
464524
2226
382900
138144
706661
237529
486368
135425
478509
575944
958760
193984
10549
18385
128199
581909
5817
947098
678489
930897
684153
929965
104588
631291
407672
80044
276003
551452
157968
143586
519078
266391
36080
597364
110634
36592
733620
808502
217208
414317
610015
881946
828381
269081
403832
289667
350542
657381
251070
857911
684405
86122
832520
140915
878940
841482
864190
83993
153205
837300
157934
860741
498243
641669
198732
135677
825513
115148
589897
39366
750925
253158
821198
263443
531945
35080
879445
725273
730222
700187
361700
907582
32725
400898
364840
756335
627459
185527
511786
198929
449687
15827
879344
845455
509780
644972
627186
196434
94310
768984
873335
730831
829203
462992
640460
666490
222911
75889
263905
159704
131867
359644
67520
433778
675180
38972
641323
375909
518259
569959
217616
932182
674495
137566
521643
680004
516811
443631
818617
896054
945364
17530
506900
651859
723644
252112
527024
686992
285652
248758
781104
265027
732234
14922
943462
771351
536686
769853
180134
157913
972450
488382
107525
243822
197726
872952
827123
419751
923294
411505
38642
13869
756457
189203
59954
12311
704253
525576
37067
392922
195740
431742
801366
29984
104173
886218
180136
39921
283089
311273
542060
544462
425987
538529
808924
52189
821163
909765
547420
255166
43455
580760
93747
295227
883478
193545
406311
843550
755595
120669
575347
563101
461834
653739
235367
811441
921786
229888
535389
685381
602503
711715
259347
831049
824587
942386
724906
575973
170584
604075
131450
675595
187236
303239
541135
281317
837138
482304
199237
741422
576793
850932
212475
18973
776531
472865
726071
856635
963172
515984
626902
229718
421957
227407
615918
871246
691628
516886
284546
771020
684314
815820
343905
883539
241280
706657
888539
250926
298575
277787
970657
902729
312859
551535
185784
20124
536235
900933
871066
816002
152607
369631
503913
872872
350206
788434
759184
76640
281948
713074
257145
472853
37924
997900
170596
939609
964040
196876
649706
983258
584898
843007
661775
40436
988101
416883
14909
720096
249861
445435
439139
504777
998432
847631
109034
623039
957735
24720
826767
453829
504845
654888
879137
215685
583403
502608
556249
347299
580206
271339
873489
887406
953630
953680
294243
108723
350731
790501
170143
718636
800214
763046
453736
844502
37657
511621
855659
540640
733876
783020
372093
649215
802165
148318
208465
789854
675427
625211
978194
982899
867239
542114
594019
920173
938840
124593
7345
874057
739682
247143
420913
576132
914322
463339
819707
667755
29120
934566
291715
281806
11929
236490
674096
416403
795591
853686
775258
377638
561152
930290
401573
145102
279592
357525
140021
517723
9828
423366
850188
910588
493436
741663
737031
489901
297132
360493
849650
317261
447687
807572
715459
271885
473289
517968
123770
509636
503479
748438
329170
9248
706165
217112
972324
655416
146788
182440
561433
831932
647029
907764
260042
278030
315663
435631
419126
998058
679833
104145
817183
428351
14436
708980
943041
407394
135928
880415
200496
163352
196090
269408
13837
597201
553143
800466
189796
241780
556367
773375
202598
784341
354944
912030
426494
656580
182862
590717
167377
198079
145996
611066
860759
669319
495178
342955
609873
610000
438236
479198
172390
416017
402114
909114
605278
192764
363833
946884
686329
5704
114461
366974
458157
621033
124985
276905
890811
844193
692461
721580
928493
640112
503163
908685
979822
468903
182126
407643
943878
523419
807207
67054
935472
954676
488197
844359
628377
918885
944688
659025
133623
41782
907586
245065
322692
736060
220883
461369
351254
998315
83744
201055
779101
120514
703320
746733
348792
348836
643906
514602
719732
127751
354701
892662
896994
901893
971510
567914
151763
157904
841360
66397
723378
755203
505587
862148
377791
864979
414019
114417
350756
305380
503004
772028
456565
182840
406935
202495
756105
308930
995196
737786
168623
914969
927236
962840
677455
188808
307209
519817
748191
801282
96716
582478
611198
266226
34979
767699
769073
292209
188477
77622
137847
394769
6931
413478
926218
100822
628589
537830
812021
137349
16462
115697
454540
916436
447358
90104
307725
158016
23410
754439
427666
270462
863257
897093
680047
94409
260741
738074
555246
683226
265204
749611
860900
729590
6459
531456
210479
921633
75214
402631
797839
322480
440494
462962
269599
487804
59503
656699
179439
367026
749285
123527
507134
214216
128107
22632
136153
798986
869327
474301
949002
94098
95901
881332
484671
258262
605447
216816
705337
121948
853358
2630
832941
955400
311055
422496
897787
782421
920269
294788
6856
719650
590678
945967
936570
362660
743349
757275
424463
964410
145652
222048
158875
24094
774124
896759
72860
330359
608747
697049
627899
775243
581632
31877
68770
233937
286309
957921
332340
531172
87498
315832
123757
118100
947898
742562
339608
606807
667052
234753
460199
240157
851305
343015
861298
161985
785300
448149
694863
167579
425115
854879
663882
782834
323129
955115
847809
408271
269093
86552
90463
510828
275802
827195
791795
90188
615620
908484
150828
234788
346116
243967
245363
78519
143904
808503
469861
273535
821130
78517
731243
435463
574091
875558
615352
197910
341260
767386
307743
328133
145473
987240
336399
318834
809011
859568
647660
322765
906728
934393
212874
295503
956976
896760
801352
43019
50511
709810
452999
70109
269378
184056
868806
370239
989616
189841
797468
547898
740974
423671
885201
882488
850159
930551
832664
869304
53510
567163
874285
235676
509210
728741
404807
347869
271781
803921
872058
429278
465832
658109
932525
865629
382511
887557
978035
39110
189244
316742
370055
347938
966099
294821
428201
753389
925730
969320
134223
613700
852298
373313
27210
494653
785230
292523
664887
108561
767959
730157
106590
358388
318945
233852
396010
280070
154438
473406
98373
639329
527525
551016
483599
998226
600303
907976
77372
833381
990477
98719
676232
548122
505329
352358
323351
433908
32184
978865
691756
583471
559481
273649
398022
150033
683053
162132
591890
567769
745275
570055
822225
996116
831326
681243
909128
356111
573237
33413
755870
473447
183719
562240
104725
977980
397744
942477
395624
581188
989709
883034
294781
64955
309888
959169
669062
782584
119168
766503
152890
574044
679617
312325
433964
33955
766491
389123
769925
855580
153945
121280
75234
558005
36065
627183
919116
454832
494523
862107
346448
478066
243263
490250
717115
194554
712288
839424
493620
632943
864719
50651
336758
832977
109197
512795
767784
381330
873872
744772
51482
170686
833105
699228
653726
279637
317168
636880
423041
568697
450309
455411
267109
635394
684356
650150
960764
793391
885708
91730
518115
590776
870540
993106
978968
711743
849042
616814
336922
596004
16562
350530
500700
942711
639695
472766
432357
289929
210313
336198
954311
396187
847299
175930
637753
816696
89359
227280
986260
274399
142201
671964
653287
714136
101037
600625
628151
859623
961669
182946
861590
941982
947443
260642
303326
83981
52168
386505
985162
981
144351
637303
972274
738715
303016
564691
513378
874968
238612
594605
594197
887628
997338
702210
778323
677714
166373
527453
311716
23695
114778
663386
355696
270660
673481
706054
830517
530947
89327
518946
696355
295743
821669
593287
907927
630972
189802
301091
852082
15525
448456
352097
599638
481980
838885
693671
601020
115308
832296
100409
33269
718266
970629
807930
677691
68122
103847
922131
516467
835550
963001
356396
513474
872649
387153
812056
806025
508674
485818
264589
14846
63204
381917
822928
688360
649074
355211
921519
448503
16552
763882
328104
449277
359084
897977
720744
771021
377700
978433
134317
739759
460577
295962
285964
18365
580856
923991
45391
279005
777393
459791
185526
727706
122905
723273
291102
49633
285426
654595
536895
312086
756235
114207
283280
146705
153194
166635
573381
656121
150309
916683
64952
31994
396944
999749
245670
623206
808016
476009
283664
351014
426190
69019
724993
477083
826248
392894
49392
756245
183937
660607
961659
888110
406809
994107
534675
714372
937207
980942
101431
210130
306530
877625
376025
192043
230255
750447
364701
568018
793237
396860
58431
384824
107740
870995
340051
302098
389812
978802
639656
855639
912866
714740
405830
193043
487253
688755
17431
866219
385687
512215
561186
247214
259167
772928
789682
145811
333059
960844
277141
977813
156106
774789
87168
611432
295968
837610
930832
889238
292194
126744
936171
691963
822233
357013
347653
338073
642308
173562
207743
907353
37134
253754
600745
353887
696607
974803
889960
358792
506383
514063
40307
335683
736436
733303
256695
677129
295708
879189
658523
227514
344406
277797
904990
520982
272299
411928
907419
296212
692651
540420
997678
121186
271841
374827
623857
508602
728552
297061
471456
412381
812375
960877
628443
950128
199127
160262
948745
662447
878934
787464
839576
951506
215572
815435
755363
839547
538523
219694
765677
279832
550027
174213
808842
179227
590995
880861
355613
874579
423356
616300
667324
616615
339871
347674
129136
838319
433399
410982
671512
412911
354769
306615
298220
826673
384672
625536
185439
942526
324141
140110
138718
790585
699563
225201
242678
857495
298600
805316
162514
56766
576928
900827
75169
401145
226476
286089
384278
570902
651736
472459
33353
47325
233362
623253
344251
373485
743805
418678
536375
710644
629093
783466
520467
83530
834446
995196
714902
775595
615461
240470
476275
433935
487704
199847
113204
30056
933697
809903
399154
630840
446717
3498
538816
326924
160027
17174
209128
117464
463984
530787
655181
174832
128456
448695
194224
401761
704951
70555
463054
507818
999757
301765
292133
405850
381415
367426
956055
807495
425762
702528
228776
184744
384043
385013
628706
980048
188530
480112
107352
527111
381629
165946
986119
795143
841817
772200
994456
625232
956331
238144
21825
651496
579556
931078
97932
297331
809235
419682
668144
25386
634196
644463
83291
786491
135206
678946
222353
11582
193819
364437
821550
610447
458280
757807
501639
516172
442972
100274
158575
657388
893614
860705
267733
267386
693806
797068
714187
628333
891934
273914
949409
369254
662554
569713
8752
140486
662706
48292
954867
615081
74840
97978
782031
35906
48437
616567
829171
955283
795158
686665
75930
775050
653507
388017
735341
891763
577968
903628
917766
622686
308493
284477
947792
131534
956792
136505
74378
182747
330450
634799
720362
749541
743983
510546
768158
75381
724263
14660
184749
14513
126601
450209
708540
101628
623344
811108
437421
273384
158125
713658
721826
435673
712483
768161
847584
268535
19570
759805
331406
254351
713867
250615
171804
475463
775779
964946
104192
587964
620995
41676
535195
43514
882555
41261
229178
690775
77815
932143
800057
682156
440681
209865
373955
267441
958310
202394
40884
461108
319117
274479
245727
141750
753442
789233
396011
217186
423993
295918
895192
145963
593933
545154
567136
393472
381168
697121
396600
700655
833821
897476
258293
622547
625001
241966
396108
646203
173464
216730
329650
822745
