8223
560939
487683
286078
107693
80679
622529
578005
51427
541008
171692
212560
544734
264224
698358
710943
829079
17011
999582
174719
741709
789118
370602
520128
671686
4784
477875
367472
702899
960035
572506
399657
622961
595327
924824
449716
934252
708524
61428
646425
218270
104177
165197
762117
132341
404846
920855
250453
277203
68018
731107
243333
604655
46778
3734
666672
630616
927943
725307
385987
460954
744794
258741
847938
242489
47375
801101
139638
439578
189716
500970
549682
281538
752324
493150
709569
298101
900196
502428
817967
728832
266296
499272
570800
990867
215939
435431
467760
834758
475098
340726
169271
600508
594916
854998
272504
899941
599216
255396
375671
818077
513651
62311
285718
985458
264669
380067
354810
372419
368918
840010
590942
187267
112538
962194
2868
250589
124974
365282
201459
454770
523837
335973
911362
586493
187412
41089
354815
471640
937847
652258
790636
123927
837406
450864
114102
101458
309263
381599
86180
886593
516505
689060
221913
234943
704426
584709
89669
388785
742542
264329
879150
721408
48068
133583
419095
151682
573439
36859
527498
269686
262390
102667
501127
623790
637992
231751
990537
198471
852656
400151
339633
223828
461248
987439
329746
12761
945853
643237
581208
321267
799863
859682
205333
580757
958531
996791
206313
6893
899383
369287
690574
480229
143618
166434
470398
391813
465573
181043
327361
487733
739346
382991
809046
209632
93151
837677
618109
291125
70503
642933
933023
276743
754046
16753
21787
614996
892814
980256
932143
583523
358867
636201
523902
753670
634159
157933
39747
888767
294186
748917
749587
451199
91658
26442
936904
605450
51019
487588
75536
792758
712188
463802
556944
635665
997814
120696
396150
297570
238841
757775
154074
295496
757732
590182
588624
113792
312721
698862
984716
528770
218699
278483
627890
511754
493869
195278
623418
894516
346968
51031
802685
443712
936720
690168
245534
13110
410291
51709
998615
579299
238680
552456
104991
768129
440768
800833
188341
51508
579003
808938
158028
262833
683867
656656
770643
487033
382285
250077
732384
552707
125465
932683
888504
810744
140662
447091
857981
229400
703242
979651
384693
612666
874878
362126
719603
619120
445883
88190
953892
355785
817219
759972
624632
888368
477870
786096
696682
150449
350399
155196
266414
160668
455330
770946
495351
695810
558788
772975
532514
590172
42959
883343
984322
486924
157249
868967
619400
755515
307432
567201
540687
645537
941116
500578
30658
88098
356056
940152
616171
961366
529175
76463
953368
935521
805319
52162
378540
269761
89357
401007
356479
472423
16661
372835
833523
101372
872051
95317
477844
190084
250523
430639
180459
769504
127737
327910
850016
711277
331054
553323
606665
935178
366056
46905
436755
71160
134429
948623
163915
297754
146340
305720
948490
285403
874544
589189
692283
853230
666217
678301
147850
308273
936361
924843
927339
710891
612560
548277
832196
620788
207556
796621
431864
362420
191688
834784
779217
661635
51320
802091
125257
551024
960286
527566
465525
672093
599989
152505
872271
208968
77624
537795
398430
719972
147621
449433
78468
458085
575251
548307
942180
913371
750765
555746
457454
373430
440074
781542
766216
171496
137514
438684
588890
244968
906128
762613
71158
634578
739063
474881
450787
475755
351346
65098
766469
627267
573923
849854
870698
445555
54103
756867
436147
705734
34109
841327
340445
548276
787265
293008
391979
234505
339722
809125
968946
696293
83404
197552
443200
932700
58186
736099
547370
423677
881836
672247
534001
129840
857464
30108
835472
797305
565552
435787
461989
228377
420616
471159
782905
372243
459843
464033
596590
933900
558633
460363
364420
392012
636007
207940
964488
792161
26499
224226
248281
140770
244858
509198
918744
660817
967671
45753
527916
820378
621554
8493
213870
485304
854372
700862
510136
56695
782050
160159
930629
731156
692381
201745
237829
408320
291637
301749
731072
984003
544629
208131
946468
771518
888047
861779
644845
778505
672501
549785
266927
104698
50161
701102
160643
737799
654818
224649
862284
983491
187060
396236
627557
654276
72698
315130
302825
724966
509962
762631
112734
213544
79925
887496
231294
488179
91105
815626
570276
670331
887813
784190
765840
585534
730305
590610
959127
168554
170200
993690
159466
253148
237963
524909
381632
971074
126803
763341
297187
275041
530362
734718
98196
331634
917270
194871
389980
763816
839331
666294
14577
914573
705148
924398
937601
597834
966262
645404
179613
173637
901145
437304
516805
503717
661948
852870
435468
671025
562812
40651
161000
86486
864856
392669
774424
822663
496236
256980
360690
943551
581256
915485
979720
117794
617709
903980
426998
827777
472547
525713
428811
965628
65146
599844
531090
382466
426907
34267
791356
366709
362633
21626
453035
479144
305082
69609
590621
762058
216652
708065
846387
633884
965030
144256
398365
613854
71916
657661
801061
354312
449438
892725
186900
255540
533070
98660
31812
543001
347580
793775
412100
36529
553103
386589
754081
869884
825394
568422
690903
919710
297801
597092
749524
873892
328079
988710
595365
104036
184462
844580
80960
653314
621753
673868
74733
245903
206569
448699
540305
73163
152371
590343
865752
317835
13538
143545
792126
313142
450966
234712
548027
332905
367672
761440
865609
59067
230936
410898
678547
522266
301286
342693
964795
11860
564490
993370
835144
284402
447392
789933
760555
801215
177811
447079
574316
445094
28821
694032
972726
420601
734584
860290
182139
574222
844204
729049
28421
712452
777046
72199
920731
30755
140297
452356
130252
519585
893603
320610
228059
632449
685958
14142
490694
581846
7346
336275
440949
287526
682684
380968
827452
147113
871405
413738
229645
554353
562938
505300
252477
73827
944027
100042
874801
325066
805638
71525
470158
743641
800105
188760
155937
212656
163699
853592
395063
606946
730574
146533
129903
741804
194885
154949
439404
618633
372562
564388
856373
327477
51860
941605
405373
602812
891679
898249
649790
567677
272238
754490
758078
692288
570355
220085
418356
246513
844175
562578
6659
52217
62109
308402
971045
765624
60265
145476
685603
467616
45951
121779
186688
190001
68509
192880
631734
711757
278602
156055
797976
144439
381824
904257
332758
291884
911492
374821
761503
957662
359895
506283
925217
268681
93060
693967
81836
706996
84058
812526
674740
359238
531828
20529
906485
491075
401524
3155
794673
714977
244366
385872
114133
53451
546752
209067
517114
211377
28960
694044
370311
930698
863309
721429
855283
749095
965255
976368
80936
803957
867931
760759
160835
266191
984631
305551
130808
342078
885852
218113
744019
337678
617520
625190
128153
465038
382963
927663
899789
534307
338954
784719
194446
614537
743671
979077
545181
833000
226602
446921
237309
766094
527984
777362
584115
351247
746314
824962
424493
768822
264793
736751
257663
429095
121716
282575
219976
435795
765852
125567
124595
405590
586119
500400
468505
533296
62232
948143
196
963294
216432
269583
355855
95444
98334
406900
847785
508762
140914
440831
483960
199680
929007
589201
234330
489855
531742
40062
757190
751982
533375
216720
318993
579613
561115
532277
958157
163538
95925
619526
253900
988702
133342
175860
373506
858586
609448
669713
768264
449475
550578
341305
546685
327471
412899
204571
897159
312364
219442
812199
166839
101940
473185
584982
256267
284430
872457
815889
452044
990787
91089
372927
406744
574075
625464
250798
473018
756789
615762
829213
548277
521376
449488
522979
721120
635992
644919
519424
684523
338304
642035
340031
10303
25016
277125
158148
803908
307387
547159
266424
397884
683352
60272
140749
706444
427659
63234
741168
5339
745464
463457
335435
890707
368195
941262
87219
527941
914766
889842
407093
955433
514704
932902
874424
639555
960591
492335
996431
523936
625786
652935
264286
784319
92581
240022
829157
444685
250657
334592
176750
864265
173687
942103
752079
815175
644097
319665
543197
394448
373030
510357
784109
447590
30640
173135
625160
791077
688076
857955
218986
108484
193565
102046
18295
650619
206908
624456
836219
830207
601873
806325
742748
186025
185607
545658
474271
853749
984239
230909
22995
360293
709235
387942
135582
164485
905332
576242
103138
761162
416067
573030
559371
450964
142201
156576
260919
423891
579508
225224
245443
325381
353838
742438
63406
468445
674619
378958
331693
145599
227743
277494
470731
187304
394249
712104
684985
818923
38640
608338
424569
518870
131657
466363
357155
970739
235746
17232
206675
851434
578910
341853
665456
795652
31309
986775
877017
47754
819559
510037
917037
394444
798438
223647
711031
778749
361021
428895
531957
934524
596600
603253
893828
433070
180657
261094
916841
769606
838188
662644
875262
597094
662288
976712
326839
155167
388419
553612
932816
125781
271776
935253
996053
594110
887064
675006
138701
839177
809826
926992
401796
274715
892064
862173
482868
388084
173392
545004
499151
812848
455083
223118
710572
759786
86174
972943
661579
407035
770082
31560
713862
344096
22330
153745
995735
682297
627720
810837
509760
556270
583501
546558
781211
27820
953212
117390
785534
546125
957881
868239
228682
621974
401971
572195
499025
278042
410906
100789
786849
630715
228415
313680
734641
170192
691144
674830
90471
60578
755660
139560
582596
876113
527441
776621
796589
934100
783391
709518
221271
498334
49408
161238
339597
893915
530711
681590
165537
838489
573339
481342
340589
364036
423406
689960
377221
281546
176158
683791
948091
9885
775671
823165
409549
284119
1346
726177
413103
939959
243423
318111
230065
546249
29370
116546
181070
664612
951789
317837
352464
703053
367730
925999
319522
350585
762243
782356
171316
147248
240784
804120
459397
743309
964636
926806
667920
310178
343029
832863
409045
506680
527118
667399
749506
888244
47674
54361
913598
366357
592519
796650
261715
40089
298677
515211
301685
877951
421010
809496
580211
771048
748787
789229
225721
681431
433745
400824
452095
925015
451261
296298
121938
315516
906433
236359
683069
420033
163605
719262
834260
494928
38651
78994
959708
657889
325880
805526
991514
768762
408815
210295
910455
17492
99099
376019
415501
685086
122984
242663
523344
209819
902447
363462
518939
110950
455372
747686
650518
956502
241182
331733
654466
137788
630107
146889
847393
176713
726221
596052
862021
642445
743213
80886
47539
583130
209946
166028
542386
510663
240822
652839
406262
851664
604574
175224
973604
587483
592580
955431
664130
34901
911914
414274
275837
530299
650812
15250
978645
184949
167819
839562
505065
182620
988194
3161
282650
165276
539399
119391
965215
353653
636175
272699
73701
559387
534046
46659
465057
316478
86331
531661
701491
204772
379468
708778
871416
636529
27378
441715
354412
899209
803267
276539
529658
256972
485216
588516
743395
243136
916851
461901
891270
385805
230024
769065
380241
625377
977092
406635
934469
651124
976326
186397
106015
317477
357144
286736
759336
627267
605521
723438
770907
645033
320139
952235
331886
42753
979517
642138
137599
925673
345524
819356
585052
93106
313907
729587
698607
54981
919459
974964
933124
285920
794360
115483
400377
884222
879971
430584
418305
448021
131565
159176
258004
874233
363511
652895
765687
455710
808651
748160
133795
542650
386974
895823
465877
574665
293604
839581
206513
260074
842576
245987
238484
277927
701799
550923
58485
368274
667840
995303
197430
218826
648154
696452
71693
166365
432090
774041
234313
133703
166175
155226
251012
786073
327300
503082
188964
929845
495921
238765
925517
803894
733406
144315
983847
140780
703910
57392
977799
545668
977731
319136
396796
822151
144108
244008
276729
54265
179080
846304
715354
207393
764045
631980
639956
627497
794554
10098
321022
966043
838893
773925
377590
324491
500770
987008
272369
982228
421256
545679
459235
898234
974273
836583
911559
740847
134839
38518
850635
964529
55830
140469
657372
141968
151913
394042
53385
138573
576084
980137
646486
184030
466987
496907
477344
345935
56302
683319
49960
230786
134179
32300
116349
911575
942222
887681
730442
600551
947854
872819
443322
949353
138199
609950
810115
784183
467847
197127
93398
734635
501543
129814
584609
698403
445953
411361
172799
915301
867289
659106
684542
758747
384329
50635
997770
85247
729852
262256
481402
994834
971527
698531
625335
533317
34079
618142
959045
578555
231483
534360
196975
288806
42183
253754
73683
533710
259137
530219
609223
545648
174132
84232
385959
274179
267535
939055
737021
684374
485218
744250
962507
465749
158004
122890
177271
318826
39043
617657
658836
21567
666713
836209
480201
603746
877703
209563
860448
143106
396161
665583
754093
501142
581589
726506
430360
76573
865481
518942
530058
785216
427089
685347
170928
316179
907626
410795
129455
222842
954902
196211
125924
121512
615860
774614
575446
884739
179387
933820
478651
498916
808467
562031
930659
904506
380048
239438
159813
950669
270604
911322
9381
127584
203103
833389
153630
544881
723837
766603
581137
570394
58285
943569
424362
194457
270818
798666
137932
406893
540664
132833
698201
242199
940876
311408
198175
153920
305976
978423
720994
5689
913322
743400
429506
614044
602719
255518
68745
129682
798657
637486
400787
172207
313883
234198
679898
247607
175541
61907
632670
281796
329617
840910
343341
633151
48256
463862
484116
711307
450657
832489
160866
750850
769911
715723
330773
681367
341030
97849
454180
949723
303242
780184
222248
291803
188661
380039
5608
535270
45507
97523
307135
934636
434202
816904
287084
266177
153603
969413
236022
651009
575392
970024
777786
436430
552585
304521
63571
867829
811847
890819
772324
990447
674412
382028
191173
145795
194381
215334
135623
349385
309470
950574
91494
648073
396712
128402
76298
782017
323945
946592
374394
612549
156744
181817
247838
761921
714803
341028
111022
736410
329879
592959
645629
220339
57211
945360
203548
842700
580154
339001
123244
335492
919131
607178
4676
751167
326478
221361
85882
893602
489542
634444
994130
964731
354605
687135
555649
333374
340681
595169
919260
928426
407593
311153
237474
815819
227083
742566
730978
724120
204238
567043
779851
174076
430158
717193
586126
38578
685473
661031
303602
630985
195373
720653
556340
955591
95844
406302
700440
389738
562206
236228
977104
573065
906705
275677
69192
992474
249839
485459
203468
144461
621277
878985
243607
721941
449227
711985
317049
671302
597428
227514
291171
710681
797812
336679
90322
557325
146177
761723
239254
860136
213383
461392
436030
925468
322468
844552
786146
151748
72189
48922
978957
332877
832443
639758
739909
68018
188902
313796
583671
856735
284572
395181
579780
25975
626285
978077
173346
682609
846678
461753
990960
755549
979481
772363
881435
844357
393525
893492
392678
699374
817351
23361
321305
530238
603837
799254
438920
467447
421235
727622
80958
108385
544236
905093
307271
98118
171886
542773
84119
194007
805818
329372
675546
276972
364966
583351
258649
851049
975385
169767
50566
695612
76643
706954
95844
757378
709430
269221
570261
222793
120965
355517
791041
121392
32952
15621
387872
877419
561097
778161
668645
382883
641662
564649
295944
257978
189251
993497
950254
191532
10531
64357
248246
562769
291683
443066
309858
792959
62395
474048
569376
574348
474738
226091
402101
874865
877845
617137
341829
407114
219987
944278
314369
979769
843128
535650
709869
872811
803012
759860
393676
479922
376616
380721
951787
788050
328796
462869
436040
429783
738271
464425
62813
759587
96268
299285
818316
186502
291734
573965
141224
804422
274464
754983
316573
895870
681404
519501
591358
227938
414077
500238
915497
148768
445754
907407
290137
36514
980514
40414
678984
809904
82743
172199
852479
343347
993065
198911
593915
722964
286608
28510
199358
137091
140996
149674
124143
848852
76892
619054
745838
121027
35778
612905
171448
226008
325680
536323
738484
775718
691977
603866
828440
587245
515030
777147
124347
586335
837211
624237
360183
233600
619733
318183
958074
649830
304339
761249
141098
719776
647150
368071
455154
167027
610279
426186
221358
337023
426459
315665
90607
473985
730789
191886
702763
234418
514000
698603
819652
149772
20407
222050
889139
887084
223676
985324
618641
337170
802081
763665
891138
408774
644934
675550
437758
771542
336127
64949
660733
386170
160017
401342
707327
597784
581770
415227
211829
431778
267194
248058
746895
772957
496721
817635
52067
766013
803543
654641
856118
415277
510658
899390
156203
291050
208055
458550
289798
726031
7264
997870
99867
208683
30630
393997
906775
829902
366923
730792
813930
476771
986215
357548
660112
286967
311486
328244
251195
431704
630714
265275
775391
42072
491017
304683
27097
720689
335829
32404
992317
362882
138012
817976
437946
189496
276461
254403
114412
504968
745022
155480
271998
964824
499500
452678
725114
215741
983311
264409
942447
843167
242169
170381
817982
67129
201164
292766
993537
651133
242741
320250
932055
652436
615881
834776
99152
499587
483834
989986
802034
233065
614390
390606
287462
621349
347932
917771
402946
33428
604955
815638
213108
535608
48873
264299
426887
480820
251997
26009
299093
303475
471402
172782
504714
23401
140345
638034
161872
750194
138082
436080
23004
387862
229894
804367
302613
405294
706891
771071
335772
688992
797301
523950
639868
865669
751646
336986
694896
246060
546386
440353
982731
951416
768265
56372
682760
27108
607681
734762
286382
166439
761592
808305
285535
717426
926915
922975
344126
665687
425614
350310
486459
656259
316785
25446
463421
516204
600683
390621
640107
123654
961533
58745
570774
721326
431205
433166
165702
725162
896245
994339
633759
407752
472080
866023
538543
205090
488449
198081
2391
798659
762168
659269
280596
316644
548642
961474
428970
486031
175140
921848
79404
200357
898227
795175
520874
959931
223635
927810
593015
953630
16041
715907
517845
162423
579007
297880
77312
151114
570133
766523
255764
663128
268446
437279
714779
834597
653598
859718
525047
888276
293789
9583
678184
796078
857032
7469
349115
329665
760485
669779
725072
826981
691441
601996
146566
487066
116569
816519
881861
602509
637585
68111
208615
660473
370771
660792
722052
365738
116727
250293
773784
684638
27499
721287
434515
819076
946768
246352
345598
726374
689650
971398
752133
85858
824545
576451
481829
18323
349424
409976
489586
291088
157898
423042
59845
670986
649580
866005
601730
823129
498818
235412
468546
260944
810082
710339
954017
402188
354527
384084
202085
571852
18251
181469
989577
102842
358989
351979
737830
282312
411226
236848
849661
50486
656275
950999
403427
392688
232955
419896
288137
910803
393684
261351
593831
971344
749077
360807
642821
405289
780681
988412
130022
346969
496006
358238
348369
993680
991689
162122
612413
458076
785067
292594
548184
290467
575874
900820
890228
733133
470999
63272
552911
166398
300543
925746
947261
974721
2200
410744
723956
264192
835426
912590
210740
48687
45303
117965
60945
59465
899496
144738
378846
657011
302262
235970
662264
786684
2794
452667
156460
87238
174993
467622
46214
401854
153304
340025
90999
588806
157503
286393
524641
287541
334909
777868
79427
436724
666609
270124
698684
530505
248384
151544
455933
238064
179279
339428
468496
625829
226974
832657
597055
569983
104703
482232
435042
120502
699507
239743
554313
354757
457184
365870
266882
169323
238768
672059
579655
524235
103176
209985
26567
124787
619427
980239
871247
220665
507595
665053
198613
80705
102836
416346
438369
233244
151285
460513
184216
685067
568867
421129
767463
619425
926988
273883
547208
433030
709261
93407
300724
87063
235793
516047
51301
875435
380838
647149
875655
471793
781693
527984
682235
379061
245822
144666
172166
204801
572102
760229
48924
109216
675134
89051
697669
540670
283865
498373
319722
836715
557097
724987
732735
253502
916703
370266
4748
289110
911389
49748
327065
670652
330938
891042
69493
49508
643153
928724
256227
295123
601030
773896
177250
149082
889303
531193
412632
832384
781914
162095
600986
866302
776153
36180
559194
628963
951814
117735
906350
675288
769884
153353
29241
178302
305941
275765
473464
292019
936962
432461
176235
526324
528906
198479
924253
887516
431681
991078
182610
514315
869284
246941
31053
869666
752303
2094
312635
664682
38427
198201
93567
519060
166967
149456
872539
325147
150562
539247
594359
147526
768803
746057
257938
161609
159461
384317
308738
585611
600722
194344
993705
532419
299722
587668
450678
377083
339136
813581
455189
816055
367601
217044
494837
861295
448386
458349
929715
414071
530294
69267
747176
888319
698441
920844
938700
107831
251755
727127
83461
223179
737052
844929
279568
220492
956960
638486
589386
382574
927904
123445
469340
75822
632989
806333
608897
689612
880593
932323
804598
559670
844388
74150
583677
658501
733064
42137
142157
916640
305393
302751
62489
142974
942516
741814
351739
246794
748219
74473
802429
327967
482467
865001
373636
329586
286066
337911
357466
500239
898744
288696
648406
628668
63553
512938
988906
786170
881715
32758
694025
511593
397643
94043
512947
900235
648878
94602
662878
271137
112431
263953
467651
178673
986716
57775
117762
53481
616069
615878
258738
707166
689738
645294
585545
179949
700448
316517
188389
960130
836512
576229
906421
95607
814283
231566
836614
797716
294366
812483
284974
250485
179342
928529
496655
104073
406049
603784
984328
736054
109033
166382
212606
869338
270365
998345
585026
407661
236565
216347
193375
980226
777186
639851
72515
882476
216007
55357
217800
44285
529752
410275
638685
356906
543342
739500
858709
733258
610373
234491
451788
322173
664242
925044
770226
634346
802371
639311
192309
632992
2037
766030
842319
339486
204300
731915
646057
263470
147603
92395
659178
148075
885104
502319
535777
27684
73699
585577
284363
564441
647643
317515
933249
250338
540725
488986
80705
565551
17106
30466
543255
184554
544531
101316
147687
510713
830388
856907
462042
510559
566338
371484
983907
416834
547834
11562
858221
693191
404928
358729
47203
982425
658808
428475
492763
995657
128453
897319
191328
202064
295324
750247
434714
56367
614596
794816
337116
966775
114220
910509
478730
882021
680424
104788
160293
143781
19658
704858
164853
571511
110745
796882
310866
331631
561521
102736
19278
886102
96758
714588
24898
904047
889270
217474
611828
209172
411163
30919
585442
454398
369353
517878
207981
650210
839386
255832
625445
515129
466611
606977
836589
206233
812867
812039
652299
629887
375256
581198
829006
162798
752989
937023
776028
94384
283572
616151
46551
263803
508908
293659
88236
936239
450399
762666
52472
178876
767211
23210
931478
104993
980683
322596
730953
5583
587857
653228
84867
952236
315202
572473
209104
26163
680270
70931
17250
122168
214762
82794
14649
936009
725644
407490
695407
819184
13570
326604
814877
308182
265648
563601
972462
91970
370980
524423
342462
139198
341528
646086
806766
259290
11203
492756
906119
827978
847132
452124
609608
169706
411372
414462
163917
118050
442638
607360
402654
981733
805894
454433
793810
854675
809340
826702
854046
161215
513684
480110
439615
240010
448682
94296
834815
510062
626287
467364
39398
798359
316379
384671
388481
134187
731022
882712
315464
381611
446727
994391
533806
309617
724927
943853
339146
902617
611107
982311
958301
513725
682477
778012
240447
110936
360414
626854
76139
252044
354970
901165
541027
853246
360415
422559
170241
618271
828771
790268
288924
643846
258058
406413
68435
292153
194561
542580
124921
144843
62714
410271
683933
110175
503172
477270
64692
785738
927686
190836
88998
430359
17367
686771
373554
453156
888381
52448
985086
993449
91649
649965
977087
672985
914219
772197
823873
479648
376736
10682
332563
694861
678484
27834
316307
505610
692589
554848
73553
914822
274230
39047
379619
190515
549436
334458
921413
91499
148937
904870
212458
859758
973626
302641
960803
724358
370815
880547
782507
517899
313711
498818
35341
235907
865350
950973
89202
533153
166908
227838
838923
668718
869378
814114
839127
900229
360092
158085
578385
866872
228502
497334
328186
807185
374756
493770
307902
630450
645850
567692
109958
690910
193668
395538
42201
739344
261155
9451
343663
316937
803461
540020
163732
319336
117503
758282
232821
615793
878794
29913
443339
37744
857848
407763
135969
409910
708177
323645
945091
472322
260430
868579
998405
262716
194033
941420
426477
101786
801279
243016
9406
912037
55643
438149
666338
18774
598337
274369
894963
931034
257435
60602
989990
726517
46851
979841
577876
554946
494934
352525
246566
155993
906929
102828
200797
589065
448139
475797
513980
155332
451631
669592
503442
659162
770324
47094
34280
125086
987419
808653
861443
74597
844452
11628
419798
769516
511244
589509
578247
101721
842887
546624
162908
635610
282647
826476
710338
897386
524199
770448
6906
243698
637254
452832
500320
68236
374723
852939
689241
209250
980257
633969
273369
487925
878647
953010
348623
422010
796711
763490
884845
228894
322616
133784
83031
976171
765395
365542
745319
320259
125719
192098
632539
171464
271897
956131
283100
129310
233083
699400
605035
707208
929319
725810
185834
167919
726313
235217
111109
372673
489319
957084
492475
693878
145661
627034
687373
710190
287289
633630
944641
727991
140720
239312
895059
170154
163067
163301
253369
439796
340114
175856
340562
187698
517442
669458
778410
875830
632398
255437
620844
711207
345312
667639
612901
328645
386922
594314
83185
354057
435998
949592
319620
167530
526854
555356
901207
204732
272768
953003
603756
922547
733274
785993
938368
330566
144070
758231
741901
339759
367802
472618
240697
558222
539943
239992
96414
317421
509395
596076
898359
185631
303253
851801
802019
649537
610733
799114
223641
911394
517245
321591
182185
262143
241832
508053
587243
873703
766150
959237
197638
29053
292609
667820
12702
582876
548239
458530
981467
808789
802252
836355
788179
508563
560818
683556
711891
90848
575992
926560
805455
744960
938757
328912
2275
481083
954768
652056
790661
433977
582678
102942
374794
667589
995318
100502
832721
862644
915884
831225
594064
793311
703016
596180
155321
818123
349130
338621
756232
23338
914621
912032
33196
822970
736493
606967
847375
685132
476390
75928
240772
264095
559435
489320
624012
704491
798959
844717
115461
598137
760147
209346
29936
831919
614845
380451
479005
617258
295281
679784
398389
72644
616078
298319
301988
561141
931144
75186
684257
497621
482558
313047
936603
268991
895480
783206
352578
974674
261438
857717
371567
555601
611863
517375
899056
951722
895325
134580
308340
134164
860025
182954
889103
556113
319681
735601
618347
776595
692395
120452
105036
179259
450156
895194
524158
56252
748081
613660
779549
996702
640889
71858
242369
946207
85581
433079
936580
457972
52957
403531
283057
559277
846841
221574
988426
432374
623016
832841
374966
360441
849129
147249
480645
789729
817987
652325
11554
795130
350347
142415
448916
264244
322546
859176
930352
33030
309000
563307
196255
76976
49745
527915
14664
478104
272706
60224
480089
468246
837273
547101
614135
221899
95254
461757
338752
296428
288217
756796
542521
11485
616217
303618
275289
272952
79806
231834
185393
174828
147868
151713
306486
655426
164301
168025
766061
529147
335530
553949
925809
979286
611174
336239
397732
834478
280135
42413
707952
12415
912065
228067
192121
158601
425584
496313
733153
606349
107505
480653
104951
532084
804638
216796
276157
1359
222693
413977
122388
774009
194245
458656
983110
82009
805604
267780
182192
635460
74511
193476
948042
465151
28622
149149
657300
287458
429475
915513
95007
528215
111391
738821
940982
340674
630818
803616
264999
699771
709933
838255
394929
70582
41765
61709
708363
421636
687783
603744
365455
962034
590210
85063
833986
823375
889813
245423
165888
362060
568070
852357
329416
379259
202524
761669
851618
716986
313082
84081
452777
906345
732857
487198
663417
347734
761697
809128
325237
797050
56003
145414
322549
357085
375349
143480
224075
976788
589419
953181
149617
641515
108782
214625
47952
931229
462332
147987
626863
579712
273085
570900
422070
926526
59869
782187
838814
13885
41418
802038
912952
908448
651212
635835
515030
346215
396027
295325
530842
370098
292706
105258
619225
387043
978927
852817
595691
381792
796243
32113
228241
168504
539132
310924
607172
511069
717740
137754
946262
299791
970806
871482
174407
904090
368341
954948
219879
264309
844457
159993
128994
424460
672015
655452
401709
439512
938587
786458
641548
503081
359861
930148
949629
32133
151693
28637
740228
485995
443260
129647
108372
186160
679097
391672
58711
147851
303540
757986
783194
808044
97106
997841
696920
164230
159302
601781
981538
220014
629832
654207
526632
300187
306421
475184
392038
227981
720643
798092
814445
197131
528415
92398
421644
265477
908325
187957
496284
753175
764667
520988
427941
350510
786699
672168
913456
529221
502747
334074
302122
633673
80586
449732
628786
437787
237609
339352
445120
540083
901875
214044
240753
256354
520427
750490
729459
639600
526801
797684
955657
174307
888768
513204
200955
367329
540583
334146
702686
826861
976801
794863
73147
716621
888628
710317
739871
562252
230371
561249
148031
744988
542000
575185
259909
487955
995186
729976
386299
431446
240782
211321
563795
858259
804565
594864
408592
657576
127290
121571
670485
353505
994414
999191
619912
996894
991066
860415
720867
457299
279672
413008
138775
961578
807823
17520
162524
823875
407561
652748
624218
587163
533618
515528
760685
274186
983695
39954
642585
676198
360665
645968
187210
704710
438101
367735
689478
304161
597585
909821
620657
95124
800893
868966
270332
146818
885795
725243
444396
850005
178628
464090
172162
521315
254033
983782
739468
905389
555202
151646
458056
628545
641111
846347
662128
803711
229673
418835
766119
391480
192812
568428
425470
972018
868292
64938
560547
61000
764352
542712
926374
752302
925175
153573
412137
372691
177150
101654
584356
396703
808771
320986
445523
741787
287113
278491
13052
422640
233280
822895
474400
620360
153408
519374
984574
404881
709346
260958
661630
927968
971771
663915
5761
463026
795318
833138
657410
652173
51149
555996
226793
468293
661220
558088
536812
265754
856706
221825
647842
134527
880748
233935
328038
261621
983328
76073
886756
595862
353387
343688
147075
15790
560423
755734
937647
206788
946389
502853
647426
664758
551250
60669
386830
468482
377145
237677
835785
101601
873686
189123
804630
176269
64834
32566
697196
506724
712864
128448
94821
592485
536114
930410
965349
10519
883033
642367
116965
763080
227047
75746
583003
545651
366498
309692
143432
307451
154712
29709
904989
708948
962010
802852
952971
193345
885590
427882
56166
62199
850453
473048
79925
114017
791117
849160
998424
179581
648036
972585
906838
514147
936258
443149
861891
234022
612113
636125
228362
964563
998292
495276
838749
255318
483041
8936
292086
26301
82876
241837
965832
905492
498258
850611
34055
691566
182799
351272
16017
459077
930460
317337
500343
921913
786488
60745
870956
60852
989106
798372
530761
892911
587072
155021
694075
233357
999232
755284
571658
182757
223880
281475
787462
107549
20523
334807
843984
739825
422539
634636
538434
232595
200278
381010
877628
77677
943775
411611
511436
790786
40537
504918
907065
964786
201586
33526
577196
614684
240650
393259
911612
31070
256654
811890
229397
496696
908405
10184
914436
909838
495447
99386
709601
582988
953445
93976
665624
262628
821065
539015
231766
212658
318555
680950
136206
379777
260668
545385
349541
438823
479699
158385
944448
130443
269602
584316
559655
193031
648516
66696
334486
824360
670341
946995
529632
235666
491230
786095
256641
613825
432075
907153
793470
602282
262539
760840
565691
532032
498100
726442
760409
258898
826928
308586
956553
733649
518872
481318
167794
984112
402411
568989
507643
225060
536682
479102
646645
425803
975188
855963
633320
833705
367609
880701
642745
962829
660989
820625
648244
905554
69804
35647
878972
120513
935028
276251
835724
426196
276163
782516
276329
701973
9918
60490
863526
371493
424730
805150
959059
38809
859355
324897
648708
357887
44967
532302
851577
39358
569798
350803
522159
961371
496953
920298
789442
11864
172980
157703
50365
519863
395385
949290
34112
408732
417873
71188
778509
400976
950762
151638
777135
92962
147144
599236
430919
664616
481705
36169
762676
980131
846970
607508
351390
372864
892463
272048
618271
683515
692035
85682
402191
549982
634316
30027
693867
485415
498105
329406
512545
972936
232940
96555
344059
560712
829230
470217
628453
558855
211667
455026
302045
419230
914795
349272
552758
965541
507042
456981
20744
488462
445493
873825
359671
428974
374993
231517
753439
143836
94602
360908
740505
808754
912116
503521
334509
499441
727906
871218
525396
598017
19705
15052
217384
173269
851055
603105
488554
423213
271206
523869
221615
173621
649375
256726
681321
318091
935580
980066
213902
743582
107095
341058
230503
581489
326936
315707
810871
488191
653239
937989
768326
910585
73390
323229
245769
392107
158618
652661
595311
149564
878862
986508
613258
495380
66068
205784
939864
671768
313665
116062
539758
81105
320180
752548
665792
184746
846699
16767
124239
439256
285825
695430
126639
705428
389768
138087
141748
709188
733247
251927
141497
961528
546736
980453
555020
564559
892393
455080
565177
385722
553748
160023
644786
582040
138038
976055
835672
736961
71104
951535
207656
232094
404053
112759
217413
304821
378969
952047
536605
944003
738738
479244
741499
905346
282655
183149
50217
753802
921585
70348
206336
732116
62505
261135
220238
753049
711856
973886
264290
710105
540589
411856
846838
107639
387015
785246
845434
24769
10295
741625
272505
287822
967688
267799
14890
937152
280622
435496
624341
981546
178880
613511
997984
267659
999188
537420
284918
184055
391094
37374
175763
48534
797188
484069
441262
466694
127337
49726
438594
487836
702324
947464
469691
557896
174996
739964
132794
693526
890162
348825
179013
42065
576299
128285
407438
692290
613801
294607
77598
326358
18397
78201
668254
543069
603163
694324
62850
912367
88849
112219
771410
70697
253733
687650
232087
869525
544171
21887
411422
610216
130688
293190
79851
730340
295750
427026
659070
66334
176764
22175
942395
206682
195512
16181
969656
162514
895684
931903
717608
794709
708755
158394
78238
169740
47198
168137
889729
958361
897440
443685
760011
679896
878250
338353
572925
692871
322147
878507
484707
978242
438112
300799
465279
982503
745692
194614
771413
640408
415636
621323
708626
254110
788034
476126
356506
379371
744947
810114
428653
822456
653127
768945
274037
558093
499205
477983
951470
295327
737560
398827
902258
201619
514666
421554
15073
794268
343038
742056
535571
523423
754204
267446
479469
350258
77259
477881
808487
322808
90832
104783
79958
526837
228071
617423
726377
287077
453716
731058
994126
583609
492311
738590
41204
404847
80061
907985
136556
365836
149331
504423
998825
819705
39094
901255
14182
619448
298758
685680
309670
530497
166777
532700
261015
12605
679051
33678
650896
699166
215251
927869
594041
452185
77297
246045
462474
996865
618852
264902
467564
181377
379192
341635
111611
371382
41884
328570
498925
564455
968466
187635
461004
690402
563135
670982
4639
509748
957602
211429
318311
912708
627489
763652
460677
742540
132991
430497
263033
991989
893738
491379
559621
651855
506865
948531
283631
742506
444179
712513
174822
431571
419443
716661
297084
569774
743719
86211
466
778733
420143
778890
897873
344298
650178
219065
717076
679399
843780
538462
962211
33759
786517
359181
924507
228360
958659
231977
385897
597736
677791
31634
372469
974481
199725
801451
923483
813435
328949
178950
704660
108156
159798
5551
297267
808998
477178
817490
911564
801213
531909
190345
895983
719571
563687
606342
404882
661314
384049
352858
779276
176134
193540
166559
81470
443509
630661
292488
880396
227867
998060
819203
735305
679926
415228
361736
681073
740811
919309
773570
506191
405667
956805
672726
931967
720101
306661
948628
128014
165265
572287
653433
758333
402902
786054
673246
54885
50193
897149
728705
291636
945956
137490
231279
172757
776366
717892
154570
530158
954732
361278
470332
32643
916268
566280
393145
807992
264745
828243
629546
522803
845576
749426
957179
759840
609838
323944
755714
157710
543996
731740
24970
279158
24872
755241
451644
539484
571065
584978
407337
212751
568286
27603
235639
970634
591724
16274
42981
868733
447475
242356
897916
83429
579771
168012
688596
953879
188064
150447
892672
537693
715271
401699
287639
810103
891900
494262
938080
521347
892458
114282
142297
900215
13686
142734
447204
228362
836280
642472
824719
98866
669782
732622
23998
712649
709823
44499
816439
246793
202305
922143
245386
589238
624840
904408
147163
129499
772468
493564
300877
466476
923989
510289
579853
125322
496902
112755
453304
574374
238371
782220
969066
201469
485800
98083
792228
197249
156391
174859
715033
568600
904741
470971
654037
870461
694418
498430
637003
690885
900708
897409
701689
272764
426063
963146
388346
717934
743587
921416
789352
893505
693889
950213
283755
71039
100859
824823
630627
877618
794952
159542
332654
88616
890272
267849
415318
198870
138106
861145
622298
254361
679520
48711
309015
274967
58091
753177
366547
219652
610145
129487
759207
41409
388583
897172
959494
631902
755876
869328
20590
351360
319285
463258
212585
682846
922438
393227
648512
151141
993107
131118
225789
286332
819388
494035
937692
716642
444350
864899
595022
937523
530708
121165
279657
39497
185193
587711
989359
169342
346936
738801
92408
985488
915906
345723
337599
427678
498859
945734
573639
355983
720434
544320
770792
239250
714123
123753
359482
188991
954395
408330
634652
698716
280207
372038
122338
319420
516890
479433
812633
993411
218121
126621
697399
331844
778692
594523
441572
279947
669091
604926
116447
223798
437546
987795
917647
34942
828067
58381
634151
556435
907158
229685
546868
375078
24296
480446
353414
791616
103694
655798
990328
660879
869420
99481
404126
932866
532558
965440
431947
652489
461185
697526
105340
240511
8399
598123
604645
427940
934678
735490
627989
979907
195268
133125
91848
206770
332530
834872
719753
61496
240601
521867
686914
915401
386933
388713
585698
579628
464628
621101
475561
503101
175131
672500
893267
927119
412598
859085
698782
506985
784826
775501
749050
361457
12921
906368
715725
666855
412992
881209
298272
306184
810576
575819
249129
283923
559224
364112
496565
796711
729867
629926
162610
24651
670531
308538
760854
330696
939250
195068
163568
240049
110113
466290
640905
402947
971271
859241
650358
837543
695719
58757
895549
946068
934663
808762
427490
391313
912200
399379
276877
942872
266087
45168
203161
881302
70223
264973
38843
566671
692632
998268
125965
543071
121312
543029
642166
536987
284676
264196
383864
196566
801084
499616
906838
460544
928721
343836
309344
800424
913787
50871
626204
956770
232475
625998
299923
307523
39889
266992
848245
474313
373499
798802
172970
392216
792779
652249
302646
53727
377156
244373
661959
431577
824273
200590
376286
384112
217410
540086
378264
733883
449955
693373
306712
718504
706555
360708
69907
844405
320094
797801
141560
356184
339503
254145
612730
492543
609270
562084
116219
550834
559706
79969
441814
279124
357563
507538
934793
577480
169262
302923
735934
772271
150422
289324
733940
572560
773851
409942
175055
298513
997834
294266
845368
732706
588425
281485
638258
990201
229557
958616
761275
579319
95130
511211
409435
260842
541262
137649
37196
97260
823594
990175
999429
368616
403942
713159
109605
15612
6800
753929
821881
658170
448745
914920
689514
729737
889692
107514
266374
741033
932572
766393
623273
128916
882777
812472
769671
444223
237982
448751
11673
857024
218378
492023
877346
404681
674217
758161
994845
963986
754606
259744
666309
166869
437071
811447
850240
30323
289661
879373
146537
40948
143871
760717
243129
276588
981738
124618
214225
166008
235583
311952
924838
468712
831969
873813
872265
530871
87153
600335
392786
669621
920456
419871
505768
164805
566160
874411
116400
426754
928703
676681
948688
559869
162865
769494
629471
740002
753954
264167
293099
296505
89797
133207
324453
777288
789315
676416
629357
580629
835091
10181
918710
346504
386162
994443
376470
178735
304960
695047
902317
871388
682999
633778
300847
188393
421320
395802
13071
12380
976595
470546
186057
917477
995523
543626
667020
26692
731077
295801
91203
284807
721571
21494
348735
798449
87681
4646
954307
557943
332338
288720
849131
644132
536376
946701
756665
957212
106134
2971
432445
467709
796372
630160
73761
24609
297807
787755
270158
882560
832762
52870
520767
962419
653877
733608
288800
920851
156296
400887
811874
293120
908348
583498
207390
698557
325910
23068
280035
549113
117169
932957
598110
563689
431095
307747
941605
643536
31483
166143
302688
504480
3126
826154
559508
60410
759773
250525
254861
974866
677979
663871
560872
348654
726832
735801
775418
863053
668517
967654
857761
818340
552875
889126
882341
884227
647760
901714
237961
584919
616861
724937
397620
893256
781646
374761
604599
767939
902958
688090
873403
415442
132879
145860
817928
177830
729571
243872
717044
835063
457531
661804
465766
771714
916505
134072
489478
894129
824371
24990
226755
449561
518663
548815
400960
934877
415253
675143
90460
348847
790014
736290
944092
40823
871223
279433
506743
300492
787306
757509
902398
644831
794985
858420
777831
851447
366479
786456
490101
82390
951797
107980
645381
887035
191822
751891
383670
170433
52384
529865
801974
581349
57823
838651
655462
950629
753000
526418
500009
30915
440407
718314
579022
683304
42949
223617
260567
450790
334497
900170
460902
654166
252074
514465
377091
71648
827014
522906
698252
164633
730754
124786
412154
981319
501543
959463
662731
537983
856757
710691
244818
751791
571839
761619
598743
330360
990434
361239
945516
149619
475235
322386
726797
258517
56868
592160
657651
333805
481155
515559
618613
698378
449744
407303
633243
485625
603176
484459
835009
224811
868530
91137
982565
371126
41654
432582
491213
761650
426773
882170
522071
509892
532841
72307
725087
683063
949562
654478
165638
237638
73049
129600
475493
76278
422045
347594
108623
598944
331511
160267
799227
747532
23540
851183
50454
259833
188368
180293
60516
577786
928689
972847
238351
329402
702535
178675
520910
617120
651133
896942
614323
617805
51420
235175
956945
741890
24381
635393
303687
484255
242665
134603
218862
669575
728015
681330
941019
52127
520800
535254
377489
808372
537483
943161
606534
455420
712784
554324
928400
865396
71555
793860
456108
578921
640672
787937
355307
877075
25605
645295
817402
222491
753872
67950
934796
378878
184725
523532
214310
181321
47868
728379
229702
738372
682614
240860
785329
252843
17050
682330
815832
630167
235808
782484
761510
68604
660920
789298
593705
537995
735880
804889
78362
957368
914113
927737
95691
443030
796764
245059
717164
376542
380599
878904
483513
527566
413638
543453
963140
403310
607991
437323
983770
276717
342694
140003
406933
798698
442106
300958
519166
95376
629466
944002
428828
431385
602704
788592
895773
383987
58680
408794
785952
542015
53860
754643
34589
685046
943952
283903
222130
555046
104764
751081
710859
650907
83820
984499
986028
289177
345080
157416
557022
793156
921296
366894
691380
890658
355536
733335
269432
294073
62332
652886
625591
851987
456792
453966
892518
336800
535591
639366
566512
107450
266558
347897
388957
847299
709827
501451
349984
743850
729607
798165
697341
62349
2686
389217
541781
609849
168343
825457
546063
355212
719036
68730
672037
359035
630120
209198
82824
413744
597727
182647
300913
526284
393679
291519
858630
13066
389505
843244
2212
114179
274620
797865
293583
535054
347190
663328
978932
491583
313144
313156
708886
781200
14669
737354
712797
432478
155814
209847
232120
502026
158925
316820
187434
244544
187588
732671
317624
733268
185338
770588
121966
380424
65513
483496
644233
231914
791951
550126
404804
514906
713478
708626
32258
146858
850242
166026
958228
866782
750119
383725
676328
679186
134853
339875
371023
930427
367665
370044
347945
353797
452737
868830
893295
569948
66403
314902
935709
417031
387290
599375
997690
160110
783766
647968
904709
460348
177072
948671
354494
179807
628799
263315
513678
594348
387993
521448
567188
668000
394090
79164
130380
271234
241258
538870
397534
58276
875774
770550
451905
822536
458285
207367
630026
198942
860157
724465
899669
916715
455786
326508
330958
450246
608450
940846
631709
338045
66464
580645
697900
145236
816642
385537
293974
421997
668553
144744
974637
58243
899790
578445
694056
311696
783644
834011
497767
428495
95501
488011
646373
747420
508036
554261
305593
214071
234756
396034
129993
301351
283883
757728
495499
500027
344079
458512
789433
58540
910772
837689
598993
326494
259942
870495
185478
493445
117369
880910
392454
319524
880411
417904
497513
652977
790163
970366
690227
645461
908440
526995
167814
144783
562000
286876
783719
140856
441316
14828
528299
724833
936764
602284
625981
607128
85660
714736
735695
840842
147866
743332
652123
641154
342907
708965
735445
946064
961450
519916
555695
600516
390996
70181
854728
756505
647075
495518
661298
94640
196244
357339
46046
133361
956855
430022
69351
390806
188419
120067
938487
695555
348883
326946
853018
352845
276033
900206
902173
826779
357981
497954
280482
461802
857163
92667
984323
934762
539958
239337
362721
976390
779765
94495
414600
561537
811640
198601
380160
280187
924590
869789
965811
743572
882359
901963
402166
636263
693121
767758
471670
819319
277441
614692
539136
492840
843536
118746
680044
510564
383584
61953
505191
387934
11929
93117
146076
378547
748308
325819
207487
154476
86963
311298
791862
507744
745947
872995
132387
129015
811023
223883
645970
726345
685866
895543
561596
928036
129464
599942
243958
645549
629554
10410
496377
520221
652117
275448
796878
895405
267806
932960
13526
103821
468644
490934
98547
148045
521489
304558
863575
716511
111934
316711
591719
359219
284395
354014
797707
892674
259352
84739
492437
602791
578498
371560
877451
602919
762621
871510
275603
410833
39402
364538
350330
999297
357526
794045
94752
893118
917232
42161
573956
238275
414948
915943
218728
884059
932568
81181
499809
803621
670210
731732
556413
241847
552356
31552
826896
623007
796261
228313
589661
129413
108109
766607
925534
381804
252189
381146
664177
197783
845577
458223
413727
523464
928083
819406
13449
198372
849861
460856
965233
502002
238603
620607
684898
372290
571243
76341
50557
857962
273761
427206
459234
726508
267611
956002
780663
19251
122829
96594
165336
662652
843634
760876
779611
438930
408161
578274
669182
87025
435400
350388
860400
866572
851079
792070
735096
994986
694955
727884
381510
645227
54341
39841
886293
785449
824166
413559
389241
233594
213754
206057
854474
548881
996607
25709
486509
299204
752096
423013
65532
957864
571570
34324
655761
642712
714122
536557
574580
205653
287288
972295
700766
580743
974053
306734
362026
365154
493317
888403
703959
26980
5368
188259
280764
538682
654915
724981
745353
739970
663333
195420
881077
160428
676633
947484
658697
268474
530984
124474
359369
666022
846887
425580
149562
855650
782996
160112
389077
472698
458633
453241
738118
716118
685019
257411
820769
254491
817682
77896
205346
986162
331460
414091
6239
47840
822992
269009
157260
465300
640052
72623
789483
122816
22540
956735
629774
472991
97448
349228
347850
764436
923016
876397
96122
627379
711926
907215
701549
376729
179136
251178
187949
34485
121553
444085
785581
621802
989996
736758
645518
211341
52804
401234
887566
10697
31482
613826
563213
249762
716275
508070
775741
374102
109461
961203
907430
652959
87199
250953
712084
552918
259619
478816
50654
263281
760352
283680
864083
273581
833344
365391
643394
93895
616810
41636
976998
233828
647685
692987
488108
600848
756043
678370
23139
198371
721669
496464
905791
416832
972648
964917
370634
905399
944780
515757
291560
989514
113925
324494
993669
755277
752544
515616
114461
462694
431164
136428
510119
253428
371138
659437
365407
624652
764866
709604
805999
374815
501291
330887
297465
883511
661863
864409
715011
428512
429521
461717
751040
387683
462164
408580
829239
279790
409569
23726
576338
60431
419660
941229
834309
615583
519940
760476
787673
36028
236717
826863
102484
955694
630556
156701
709319
314987
867374
115767
163252
820853
570117
566108
423385
904929
717600
179013
266718
73076
931094
976636
580118
323302
156399
266090
422645
268680
372575
876045
832399
237377
6368
461256
462537
904948
329643
580756
89438
964797
909138
695445
415440
239707
739197
690503
110825
489000
271871
890967
319660
447554
758164
547214
144029
224206
849145
387688
591466
59475
461928
643011
850613
367873
946671
666419
694207
389141
619564
708594
589490
505812
88295
419701
425930
654068
507148
883033
40354
345114
819203
999932
374359
549822
466862
278889
843547
851372
156862
501163
2648
862179
854067
366082
899902
556256
742702
961076
381163
777141
541428
48698
366902
646098
576705
155931
998488
956325
310022
610327
257528
603806
644034
14201
114322
178571
981688
594063
986563
947875
968786
355318
365363
140894
480658
71631
80031
471873
935537
659598
391426
417400
279574
544177
15967
511195
975412
153677
386414
672531
558336
585027
662944
256022
114574
837074
274193
858573
563719
202759
412298
637527
762953
584079
275375
243175
37915
413549
94731
177417
363019
112262
119158
189378
420967
859225
689825
247188
356180
622669
933822
13088
699662
250851
178510
777190
411580
307915
161160
403112
675119
669650
826211
726126
730039
450232
351937
676002
939170
271072
134328
279899
550034
531616
783101
832567
118458
178552
47599
422881
4661
848800
434494
522034
9538
765114
621814
887731
77536
265639
776876
863297
814658
12150
824067
221769
542064
834486
381403
949363
317626
100524
468183
899676
979417
146784
909002
984251
161379
425106
408766
972901
97578
73482
368352
935915
663219
351373
161227
904417
833742
229291
452143
220538
131479
391477
935646
201615
468167
407885
889267
598462
50039
77142
972447
355951
763315
878474
868689
543922
277047
958057
987393
168836
630601
394575
371866
321137
855858
469663
126274
38867
636058
568347
467655
662136
846335
318422
841255
126625
939026
245760
751612
642727
445038
892704
269506
768441
162485
538145
184903
779136
143369
623683
78894
483
763876
12466
102431
806438
170837
389556
169806
443501
31256
519035
122087
116383
680016
919386
58835
470054
236323
559637
489706
739794
272498
925009
286389
859165
538740
966122
794654
143561
116014
868259
261239
585126
450961
915960
402083
110192
127343
195280
399909
851796
817435
977806
47875
756307
56541
782535
483734
114048
369231
321614
349297
776291
653784
30442
39340
23232
769794
981289
78348
967281
281145
73038
483280
19632
903650
364261
240730
179185
328917
481080
961720
64108
357881
624474
549199
311992
699067
413280
137443
837971
141355
104816
63045
284414
613171
708401
771930
377733
933748
629474
461891
826589
124606
598406
781998
809637
889260
4989
56825
138575
438426
707567
941822
315224
297093
502369
612799
835187
65981
622697
481583
345924
84553
783614
652379
615431
588247
372457
188531
334353
939614
498136
170105
687919
592082
50129
756037
127083
896515
108420
844850
320621
655891
633849
271593
167357
28370
797352
195720
305190
147000
656103
875438
451382
354302
835454
206822
938979
183257
509718
819309
699144
656404
878800
553121
313036
216648
58547
217225
710243
68475
470461
58491
604590
22739
312538
920430
703102
785589
73842
218588
236086
746623
640093
82387
415502
557342
215026
22873
162804
652492
12349
251642
943181
242985
93902
694896
20121
186357
508782
696493
592116
69480
464557
907783
351800
294318
389463
669696
727488
748162
258757
933937
445384
865958
867855
370835
762672
155324
150175
269418
580191
822853
233761
525775
836868
525555
991510
431192
509880
446508
669448
513318
471295
170078
278680
922890
168174
573433
835443
176532
368102
704782
533411
352890
987518
317186
435649
245794
831487
120878
575561
529036
437832
197399
380486
625823
771474
772101
251628
682383
694734
709250
772356
666855
460267
265968
268546
264696
261940
544839
884658
938526
586197
632235
71441
210411
732413
305574
4984
840371
868383
300487
37107
316788
165972
432662
563312
193503
542427
220146
860371
842887
560320
595977
588838
421413
796314
180340
463214
47302
981677
470765
117657
809874
20464
414766
37523
309049
10794
244135
177591
192635
242230
29786
587043
540308
176165
578711
667748
246019
754434
681359
264912
805558
546416
556248
260851
131860
126064
253052
350433
760166
760191
271038
652843
254883
487068
27562
13868
48406
551719
633944
832579
960366
783333
808509
345947
421026
223200
209325
367397
502207
139308
899441
343463
591759
378436
533952
841262
279719
719954
925790
3679
153102
428045
880590
900844
120261
132477
697269
269282
849464
839706
529933
141790
341311
661650
391362
408224
291281
818282
184109
87479
549318
626428
468522
990620
230854
94
442712
990811
749203
678563
450540
266924
417137
63739
207922
525472
275566
693494
206498
259767
52049
345829
203163
998286
464035
3873
454910
963637
434324
820837
398826
398687
297932
711446
374031
452339
49168
440292
643249
802495
281228
585224
110395
797452
82947
828013
305533
451212
223376
57259
109956
651568
387031
178414
839509
155734
598734
984309
484165
794976
251170
434423
200376
557408
244807
126688
773940
923439
855519
264824
7969
978845
232774
699557
112735
872066
895032
40455
690372
626355
61279
797633
480113
961296
536125
91352
402128
329979
642419
556531
398700
410019
503020
995714
691884
927230
540201
260732
886125
280277
503529
995008
405755
973113
514228
597277
27436
862035
403460
50925
876250
218201
831825
658716
277051
300253
906680
362950
79391
397055
587591
404094
398469
131395
913255
69484
800537
834237
183270
461454
952590
174057
317793
529375
643156
65111
701258
867284
832054
275203
884188
673411
88979
47555
420504
432991
84343
186777
337466
614174
863894
651496
199869
303099
483748
271684
132424
918423
170132
179682
799924
88251
473323
579438
413178
663096
22015
302844
488190
58799
952977
114006
591410
931053
611716
200564
194536
172142
18170
430089
339577
46467
749642
612026
679115
252878
678431
750057
389825
795305
300016
773872
352517
284198
663
867306
943403
479665
222673
25963
766850
496466
495313
186191
822140
461711
829377
101872
156983
505070
518806
729329
268327
906392
60302
403895
529506
149337
992841
924984
860936
511876
574145
329323
497421
726324
621544
881887
595557
389357
836317
673256
948811
665632
534154
731443
829165
587533
517724
863227
5175
641411
831712
631508
226490
49731
297527
172261
929465
611971
638965
188595
41552
379150
536540
822296
907138
932296
516592
345810
112029
138064
255607
139255
560268
432894
463759
131527
29881
692235
668011
675162
57308
64016
789228
851832
571493
699687
767512
104903
310530
771758
272633
326175
132109
940778
475092
62650
109462
94279
305221
851271
640136
299389
149044
480285
47610
934927
408118
256460
932692
131566
621698
310608
148764
390586
830925
469279
931932
271848
178565
485985
887026
892606
749735
800832
265204
594171
768126
17621
3773
50965
336761
760897
396569
253466
875367
104221
208457
786232
303889
541385
653619
65944
806132
351457
396585
793444
906329
321038
180884
942314
435155
777400
9148
437336
229525
58009
259639
939303
702829
827565
698157
623253
865697
145670
872131
845258
416292
407803
996908
406108
946613
117696
405192
244526
747605
363537
868279
850099
969123
501129
500287
700816
501077
861967
303318
770976
824661
336943
799436
564305
827510
157383
89047
702571
656593
567128
671421
817009
249280
283196
19672
631840
774710
707575
91913
711444
554554
925349
249596
206666
902782
378003
853075
696064
393696
699754
766769
21177
696444
665478
975846
42397
841132
239910
310770
219196
375005
962043
56312
985587
804047
653859
563008
647335
34984
56431
557865
561583
841654
23456
253097
253838
135808
232689
62722
647837
829063
178958
133060
961480
16926
649250
385145
881967
180195
705934
411248
732396
55257
371381
509929
710324
277347
879668
186650
452694
751327
645103
711964
520417
124061
301639
705589
746531
73915
546727
300546
387787
449055
478014
642753
117104
121487
58695
654841
687978
913968
40771
315846
64094
256089
771721
553477
589400
96915
93235
266776
296401
591279
907258
952534
573391
38084
774812
663762
174444
254532
779833
598662
532398
568570
942398
568669
377237
299363
112312
813082
727476
467878
23690
599144
5303
809520
201914
67198
479427
743664
503589
360686
583035
470380
791955
436811
968414
548351
265893
404917
821581
285551
346411
999619
382762
315439
119826
728075
731741
323694
172218
668240
739120
589849
179430
61193
935258
290292
508557
831498
743577
608592
663757
265810
292664
87082
733311
649776
267888
628576
340133
929554
962219
604497
49088
953707
342051
28751
728383
749440
194217
750339
619601
711568
179522
242910
630811
980894
676844
111224
517510
703004
724798
338759
58543
933109
908461
711804
63426
785207
224811
248957
93217
77404
713129
440187
325565
516468
527102
566257
364808
162608
718688
341752
528001
801101
229966
642632
577902
853722
199312
142927
111656
814568
545686
250663
787024
845902
208830
357496
