4429
498501
558015
843822
970305
209523
448655
82808
529459
313731
892956
769306
167673
107373
752476
96718
649406
30810
128331
62617
909084
468988
705984
514034
653307
445832
898459
412170
496336
53969
286747
635325
603591
847042
405068
688979
74492
903096
516445
758002
210914
869754
77647
865444
548102
10646
969354
864897
700398
876313
741962
876665
984923
408042
819446
254720
172142
33219
493073
485206
68711
412557
260873
908914
691592
750872
113645
435274
8152
74100
708924
457154
275267
977454
967128
41070
738271
468522
260378
451590
489161
577114
510399
402661
997166
402904
492927
845566
502438
35366
622270
204316
217082
762687
587356
61523
871174
241817
566311
987784
162297
553786
665840
983514
294778
874676
486651
934124
758245
144639
564624
431057
266803
834353
978990
962578
58360
1116
921951
99422
756741
807556
609703
272527
537709
689211
855062
970517
247077
185563
666237
837889
174789
783200
86077
908272
16747
283104
3130
805650
723327
639783
209263
132822
251536
67891
828828
153332
36765
113673
184602
677142
702832
127922
691790
618532
626341
949333
55228
2282
755657
28210
704755
219561
341470
343160
372582
343799
951610
840132
931739
455507
927630
885560
139708
977481
445380
656115
573067
613566
164802
391538
616691
531993
337868
662147
138105
335118
318662
605217
14290
45896
214614
222961
272845
147571
922792
838232
107825
432739
41547
675575
354593
295396
389433
95108
219516
450911
614004
210438
766210
452069
28363
467308
175791
169755
348540
607435
934636
874754
910579
617267
479963
957986
119345
46060
203664
282579
636808
902290
741856
941928
576578
430986
622289
811576
501986
790688
374576
713418
8002
822527
598978
883420
64347
647244
503250
270096
526115
2847
575529
760500
740433
515998
857116
160621
888124
838136
640767
194495
694817
910907
45496
735674
994947
521939
934830
766661
178797
617248
807071
298240
378131
280818
358993
41625
537175
723172
204000
574573
231015
800658
32182
70424
783747
534584
302553
552283
435676
602088
621023
838249
605144
946151
939644
157646
865586
646693
454460
176636
588031
716504
119116
59444
346443
808820
956914
680845
572578
332873
628125
717668
616042
505976
347158
51809
60846
819987
214870
669985
810037
895569
168754
624069
905105
402794
24306
455639
402036
734037
914239
641428
897723
756188
473466
78362
293391
838104
834729
341551
990497
22095
1036
95531
546322
577382
241934
378052
24309
137476
115927
615412
863468
727174
617150
536649
46638
945048
385628
533192
642091
72118
176764
901631
93766
134272
82158
401190
829761
623219
743290
599985
391479
142474
55410
488437
696130
395824
29345
117108
341053
555616
665759
166791
280995
583707
761030
914215
471766
457541
684415
744087
28092
811037
354038
650674
325060
289303
346668
153357
719174
22104
581866
619528
395017
680013
848211
8374
891486
609001
958099
277222
621545
755449
814388
720206
577599
657381
302287
760147
259947
928581
620767
79096
751051
679133
393841
253024
256024
702071
744247
615873
352707
634780
41532
301735
229498
854062
308403
800354
145993
913189
345640
96910
125406
771108
988952
998397
773157
73271
126684
230851
736338
360363
319
748445
560829
171146
194545
136062
109798
3378
463893
547640
739482
525777
310581
419140
925039
483328
871637
716014
811625
694200
175781
461279
152511
772853
417743
974536
715895
800358
873329
172521
978990
997005
791077
352763
660276
819257
88315
22592
555284
740446
206728
18789
951281
370254
583767
602448
825227
351318
780222
126476
69921
269303
517388
997198
704817
412352
5919
465380
83611
660933
884562
736057
90723
710333
200083
867975
261653
1405
598034
935129
252163
831181
186965
71740
148522
602084
666280
440322
832563
208006
470066
223858
21781
308406
342436
811151
702871
628632
315402
233731
935283
441832
768643
655336
435351
187153
838798
87860
547141
283435
333690
491774
985049
95316
460800
213425
125675
83753
799788
466252
325642
287266
335477
429331
19561
954312
616046
873238
956694
499923
227285
564059
489509
685796
88137
603626
154923
627099
359257
560438
422438
331222
227896
6563
677626
957063
325068
898744
274518
294577
681317
192611
359093
75007
352011
387939
663169
605889
14832
625622
822162
686980
963140
282015
486035
453836
497575
598899
4166
405488
113530
949313
641758
487442
492623
299644
708489
355450
11134
263430
164945
360847
671513
999098
567960
847793
44471
37270
587521
883957
139245
171715
866478
209726
985051
410627
257763
414901
555874
618102
243913
181348
480179
856137
693199
107636
816963
442748
427115
179009
644762
364493
641726
251479
646667
166470
838486
658380
574590
648416
848589
292794
485033
722515
931726
527958
803613
721339
738680
324786
20733
129512
557403
486795
436041
969922
571871
822544
318808
149079
618691
973552
788644
219139
793539
364638
589183
666555
683348
124452
977636
71606
35401
998945
523176
623672
174807
791841
886672
339964
476597
799639
719676
481213
705437
277945
991232
357345
346096
527032
188499
484035
587318
723355
832672
769499
117827
149047
338170
228364
350581
17101
2349
503178
627801
371072
244591
541606
890989
43633
254006
861944
869248
544121
484835
625896
237110
352706
385819
530840
29608
648130
282615
449266
188072
741909
32273
162185
106978
181687
496703
480622
153309
685211
197916
195602
531105
604394
107649
426579
510067
425691
74643
457125
856124
939563
148022
120030
710472
409978
469856
43229
861289
819522
599048
240408
608252
865012
263676
502721
350467
763825
80978
501205
114929
344993
571575
499521
274757
171572
286947
954929
147214
470515
401069
934774
578957
923266
148602
655570
714039
844916
557649
507299
276441
253387
963850
312747
835862
589898
41701
924792
123724
424377
358840
992052
704277
205429
911488
685323
2345
743729
841239
297332
457249
397069
487814
994335
269014
227793
103538
218873
300136
767366
850931
11103
867355
453297
984898
865820
106203
33069
189072
36256
591072
654180
266675
599360
402604
877097
360123
64036
511154
970613
280739
529746
109009
292925
148836
691156
684797
173036
990243
298503
186367
625538
270858
605379
68114
238921
184627
357986
970286
899567
284609
810799
913635
220549
662857
702637
491355
198675
522094
953153
730242
829013
439115
494269
366913
662422
862792
218761
292901
556648
422415
302000
917983
732733
506073
23172
83428
562726
46754
119791
341365
721893
762939
790936
938617
458032
643198
636462
606341
281413
240731
39892
84542
248548
261201
727849
5206
468206
237241
389747
999282
64536
407868
890727
282028
301196
436901
118743
934132
154844
78545
964600
614225
77667
825795
703951
342598
590394
627540
381112
865551
520340
654408
909523
879242
240311
444475
62923
649523
316760
286138
465924
74632
74065
748398
105441
715083
280897
677490
473263
452390
894528
819782
283569
311656
691389
455773
938248
388909
897975
90129
300351
475933
339796
692663
938417
635595
950049
479884
361303
549245
555559
131662
621682
662859
715686
437991
958993
381024
967089
43140
138048
393566
107877
965381
366797
770974
965895
241677
948984
524564
694265
446648
700918
299345
291225
950188
162850
348899
665143
546440
534465
842583
416112
937594
272944
516383
843628
186733
721644
340494
151152
233695
224446
759423
43104
918352
979905
972182
750741
855382
491409
787486
788119
199502
602706
930194
48823
582381
185498
665207
131660
772468
17212
23526
748488
783362
555698
798184
944885
361283
255270
292282
171026
311302
16797
427311
239364
260205
715841
209973
801915
307581
234441
791663
500450
239765
232519
764930
626626
349820
188493
561964
472372
383315
109501
646798
154561
318697
702828
12554
728344
763629
876658
504519
21290
426942
866641
154193
622182
880607
765632
38174
249548
822342
816403
718827
199280
243859
663112
485125
42510
364190
16880
45476
898500
764777
287992
652914
261808
260853
537811
100713
364774
597488
14982
768730
264718
890379
773519
919369
8793
991786
784499
607094
371422
105013
215587
404407
225749
488524
372042
597824
785390
564887
303221
90693
375247
249467
967520
833142
944873
286888
735897
279593
276150
854735
783891
510998
36177
907121
197962
478523
274673
704083
758669
77088
956227
581774
530285
684725
338467
15234
749568
905815
16760
86379
662610
761329
277289
982411
970666
12671
589568
252167
12852
751150
26777
503950
216976
475040
946118
273268
913910
452683
446339
2589
869443
621249
678289
581588
139045
714570
745073
343739
140832
518829
255294
650589
994234
637710
416295
509599
192521
922737
886408
607702
819543
867420
443621
902770
614063
46043
43714
639255
773191
464989
553442
866700
5129
406204
389082
71564
754048
186266
972240
51386
288027
278310
828501
268274
336993
745086
476637
282235
457202
660143
117527
470744
480438
682456
707629
659518
1828
728172
967002
247839
993073
943189
694562
274404
753875
227446
805747
752954
272944
715337
355606
770756
306856
239464
611218
834606
733564
436839
470301
47457
922393
868445
522176
148946
1477
829188
674246
587830
188901
517558
479712
757328
708712
871831
672984
735018
848148
24658
985584
743266
687339
676732
433559
732955
161081
17812
694663
713621
746621
229100
985534
638423
773746
153697
639254
899529
125624
848581
746691
823134
288100
206942
482537
88110
695841
242888
2776
804769
802689
84277
910117
586311
175268
946005
379174
82053
442435
807504
793289
635115
983514
41200
520081
36384
467312
509276
630319
658366
254020
843711
880313
286843
127509
520392
927433
739964
358350
456074
197429
196238
971405
736515
658918
815663
217615
901753
917783
284230
942970
616960
65836
613107
305797
452953
59116
446593
745480
589749
259485
938680
451292
167895
721467
926863
416110
16151
853524
198079
722597
966658
977859
707123
215981
125151
856518
493212
480288
685836
668223
340768
303825
339783
739588
78642
818292
884106
286819
97149
717293
993805
722997
314105
349171
725167
295709
436641
830945
983087
97118
907963
441881
301204
534038
357334
58837
373677
127323
203026
720332
143091
133233
579417
521853
428554
18021
648620
870042
725222
526280
535320
163220
847179
652043
424199
748735
533740
928628
423474
440610
556213
352251
110132
62366
837156
385859
312698
866040
602194
339960
405847
392389
182352
982721
184180
114417
789420
438818
76260
671276
874387
313074
744918
969713
976400
514291
695140
441075
770995
683283
866056
403111
374861
225470
956270
979049
564823
297630
500644
645388
628082
826928
994157
828161
751561
953476
368886
11234
155666
933521
804896
824156
839796
148082
630332
788215
800771
155969
484756
439172
81446
866767
406822
163554
845466
739261
354348
620460
867919
693689
77910
809026
1072
393689
528026
116211
168768
237965
387297
718852
805984
337540
285154
149407
182765
433054
870668
693147
298822
742665
557213
166564
497067
896763
868112
311751
528768
313354
160627
159901
64497
644011
459414
453137
951025
950213
220575
71119
165339
777009
925371
630410
892537
634513
731951
877674
461218
101770
205965
744209
340157
840671
334849
318857
908004
942891
217611
5068
197029
645626
649671
233390
319266
998085
879016
831083
859416
703049
153283
772169
219644
139651
42631
124393
695489
585610
324747
587696
578999
950280
962688
998604
928269
380694
94149
518502
792823
444404
175834
51171
270378
685346
135020
987925
283588
343517
831566
565636
323401
617017
593737
387605
668361
372312
946634
390421
389213
256708
814906
509221
733776
48303
174827
813121
874138
343876
389805
642414
48198
147945
854657
457920
250230
407892
613157
620101
688637
858183
694030
767250
809002
372009
223092
986664
559204
206210
316551
913218
734961
701587
412799
121789
541841
947792
264401
210596
897159
199355
455613
622743
398263
243679
423428
708568
819242
616421
878263
408563
182575
823574
129771
891399
249693
171181
916937
22708
699507
561112
943490
749027
317920
190155
278239
569196
441374
456321
481078
503529
91448
645905
284408
626133
1517
635945
355176
602207
421997
224873
725670
589649
990080
548062
671914
273048
750470
978841
821388
367
158809
113003
370879
976556
227086
592704
741598
951591
239899
723990
803102
563843
466642
170520
717540
935066
735499
861339
831216
205065
192096
535220
175158
759573
946706
82163
220685
178168
302730
60673
629761
199308
320121
288914
466051
456723
763168
727430
30144
335136
874796
346082
564622
637222
174201
747557
762435
207708
966455
75914
947872
301641
680106
283482
168491
217905
355595
114795
523610
401564
637324
84472
540011
614719
352505
423774
410129
217866
556602
445745
372232
188365
416117
779257
740553
516168
873616
387532
239834
276301
676628
657097
343229
152916
960621
425262
901256
125019
88206
923159
249556
799992
441265
941460
510863
372668
814076
566437
651821
51654
229951
164500
475899
987041
700698
387952
179860
675867
333180
55393
920748
905827
11141
972845
560586
558173
670989
591942
79890
862470
154558
791053
365760
567807
843420
611751
166001
9336
643622
258426
279515
28794
52180
554245
450717
860176
208575
608090
692593
252435
687008
176824
313214
705681
666160
700105
668427
903770
298351
802740
263949
494758
419393
95264
788577
349798
231154
266759
415189
643365
380762
765618
291872
447451
973788
772502
136754
339151
636104
420875
568998
533029
795808
448613
389717
805387
212984
794161
362372
868348
365623
847438
198973
564848
369594
376741
304507
482080
786903
481158
854270
946681
545790
315360
384831
766877
817340
369437
778686
17168
195033
362136
337911
190213
812962
662204
226035
330502
747073
621754
643770
115002
29320
343206
300005
892950
413068
883631
85074
750051
421102
649081
267634
139239
444277
335577
88060
71859
718039
124076
688772
57096
26519
809044
604390
675367
534216
373456
286428
577140
989359
548855
529328
352454
412806
109265
380427
290830
359709
909778
119147
758049
908699
862708
524019
265891
647715
666608
417820
940626
301458
134680
771337
962476
471908
384148
995833
741886
174710
298167
267414
986699
810598
855741
919146
88853
965846
117539
342129
312074
884752
376163
886281
652558
422019
707659
476678
850017
702700
324089
395618
359917
144016
323317
905297
713263
294949
604075
736371
676479
544081
70147
136931
335549
462730
623071
914028
401754
945116
826545
398428
656256
592457
273206
104112
136991
685450
488082
805934
960086
712372
103753
566930
978106
356150
194583
835360
132037
956991
645550
911512
78494
296060
110602
52232
241280
462207
749042
225787
466122
84539
476812
807375
34212
160300
346013
429349
258248
657299
688669
800689
169332
597343
868083
869361
52651
964583
557586
372218
196706
229140
290671
262957
543566
863580
539934
636681
851207
631273
133768
167642
409
255768
834955
235920
843816
599836
640494
847274
935805
317123
611648
696785
862961
98065
158540
17217
637492
580808
854906
552354
100027
759305
571269
640949
666372
952020
939220
618922
331079
111340
962040
737614
954299
253078
513729
921889
404993
499967
808765
655109
426097
816701
538126
405267
438464
136558
456935
849992
948427
672445
101987
172253
59394
205123
625218
601268
45811
463241
932096
765550
634162
861356
538835
151193
663587
830042
60866
212103
70628
968632
275421
977274
365913
932710
711581
215739
918869
403226
739672
419274
1121
637161
949856
765871
135085
707300
153722
627055
707409
330591
969142
143450
423358
382989
870384
48769
763077
598983
689313
702086
314947
491499
130402
743691
783785
850337
812991
987724
844644
623161
197492
301193
943469
224752
645703
407451
118895
798034
606913
880808
331919
170233
383626
322802
920861
447155
216224
701385
17559
796674
808948
431777
312276
554492
817313
650942
272148
117779
610953
317132
709345
727407
862542
98251
693281
885687
894762
539367
12987
878767
552172
228389
515620
6972
231504
778938
812741
596418
321401
342198
459851
429166
166989
970269
780682
216015
777261
684566
94799
29791
914128
158013
641217
703712
270139
486803
590450
729442
972895
592597
546440
100321
189006
793194
902210
267339
984539
300277
81065
263198
299534
914507
897878
217456
757185
720062
512218
246793
724635
42456
324301
763882
887974
870372
948662
705073
511502
748262
67028
860244
642360
534122
798343
67083
13948
651513
182878
363530
360513
46057
923646
434924
614260
109004
761515
471339
984869
593992
651702
931980
780286
135751
594563
749336
837344
272324
271414
903172
451995
67974
299066
773554
63562
435882
342253
205200
311881
574424
66091
60958
490197
642840
699446
65806
64382
686781
802111
247748
404555
813567
531283
375485
400170
572583
367013
436044
320658
216419
752180
279486
725879
481337
229209
679007
862825
709016
980847
405782
117514
623434
631903
756779
352234
479879
732678
68265
579969
607907
131782
437279
778824
727142
900710
950208
677748
604860
648423
263466
697232
523139
944804
866948
412917
71234
701860
818688
614377
523194
67328
266688
519634
80084
623275
836372
512085
396089
822435
469218
956752
576577
664435
651551
840560
36931
615266
734137
343727
139659
385852
480343
555245
922217
324666
609144
589610
198246
936400
326328
674590
374866
351636
609329
533621
196601
121926
777278
96170
245748
578304
178715
368767
711963
798459
522408
696598
823832
203067
92364
172272
631895
764184
262646
572863
63705
921131
153727
882409
727464
145681
918316
299612
775205
511519
143119
734984
444029
612130
716620
455614
208634
363409
923449
270243
217397
82898
285599
144
235817
569893
310366
535498
123364
664433
67821
710937
726167
68585
165246
608135
961036
394459
772799
115254
185078
528533
404925
977502
581412
43508
543971
810467
560656
259658
308961
690191
207956
92587
809000
313649
588604
354452
340497
462545
195766
57337
352669
355214
356262
344938
735703
236503
763542
701217
724246
484738
422539
847018
813471
970508
26227
216367
261479
485422
221626
444191
981301
399896
470971
835835
872614
175052
162579
519293
501642
330586
873874
459621
43884
888244
289099
14241
216432
988909
491211
379928
515284
581522
480870
541523
482393
228197
693036
616968
353083
446130
567291
169797
80923
891345
933998
240245
442174
354487
797555
624850
455598
511352
671611
5416
855870
465501
554698
303938
565931
406493
401390
10739
494814
392700
237388
972866
213646
41597
198806
673459
551811
172293
312856
156526
18037
777614
306
334607
645459
428804
281888
339145
71199
100544
941109
416823
812150
482846
594151
120833
282542
276477
898563
781415
406104
558290
507393
67117
700516
338921
340210
461731
99812
765946
431830
103632
834537
971492
722634
927163
258569
833992
474014
499797
983427
700869
462789
138694
646777
731851
561893
438162
304027
240350
391439
425000
941285
493929
185096
279431
910974
437756
101126
635725
210241
298404
244470
612702
756569
384166
680954
947245
411270
431640
800113
91562
654716
869723
789358
470664
442026
984824
406858
964778
393880
760342
921172
495529
297
316757
500775
853764
713344
365515
866709
69285
250815
6873
541567
133004
170155
853097
829318
865050
285931
487878
902428
194428
65839
875223
249076
634482
597038
12985
154200
191099
625351
153272
335256
239967
847049
832682
979360
963673
682318
810089
200355
657054
580162
664299
230644
965198
663554
942784
464947
676662
519199
133671
729124
298176
458049
731340
350107
67512
130856
1634
351444
331643
737742
982681
814303
775486
159337
934396
613368
116280
49164
900395
729140
147053
524077
798896
828184
221849
681985
170943
682756
98037
113604
237582
160333
685608
188437
155855
327784
102477
152893
300359
846017
160669
204880
198220
428139
993785
721260
806047
475635
920983
479454
551715
755661
328518
37285
668666
696304
748191
830862
140283
533885
709770
568254
825297
239258
84138
22094
709299
929438
258918
733200
733755
694501
678997
143152
404390
495746
738053
525750
120423
808020
219432
413224
510120
331185
735068
537805
471134
707200
228630
340428
350407
506147
827178
35826
878915
325009
505
766418
791308
54721
18999
103686
534612
756098
706647
284564
523706
39912
478038
257965
715752
419104
318625
716303
59787
636965
88676
943177
857136
168395
57265
629854
595192
871993
353864
633219
68536
366836
676681
662339
399727
19030
698675
481155
419364
130397
855704
534623
556508
45727
552095
966770
592053
557851
363253
475829
978466
826859
873426
297535
745220
208471
426852
32746
40289
776643
426010
778518
157955
198216
408782
150407
263471
123359
803215
868458
998593
664889
912650
431733
153441
199341
809237
568043
223588
128969
778457
492479
123137
563657
551961
182288
792941
841830
214499
203859
853398
226437
876625
296079
499257
723408
323644
942849
672737
978082
994431
91935
486397
339484
953763
191418
513500
626773
236396
856188
190855
900590
73855
14993
583931
245635
9838
619555
848641
43005
667554
72765
998316
719236
555940
933457
365039
385490
67464
954133
264728
67747
444150
38983
908333
171720
549846
266513
735009
916763
600151
510985
194099
20941
110429
622351
795300
148827
93509
890009
863891
81759
206358
995084
65398
905859
602565
613760
467639
879696
50212
472102
441321
553444
446569
877190
673637
31682
704023
877728
819205
274500
491915
129012
870012
978283
499749
897310
19217
4823
827153
778073
917238
122450
125297
65124
298505
893574
439977
779713
119782
180943
438598
769370
709543
316203
835084
375487
515193
526670
231706
576522
512284
443027
420284
668644
924535
652
400653
149472
203861
363450
370311
182469
796736
862168
508841
978921
756472
966162
625667
309624
680336
333011
835617
987988
235750
336060
625298
625110
473661
213808
37140
360115
218297
592012
306845
403259
617910
284404
709896
511482
926916
841928
458139
252225
366723
785974
816945
640447
442136
495082
170888
590472
674185
937440
126889
784504
838971
599577
593328
607857
955013
947819
152247
237055
364976
301235
578211
353437
663949
727975
355914
84753
67187
871494
229632
240882
304084
977264
881661
834570
729403
816274
582252
581142
582757
665721
78994
993578
616185
55624
916761
869809
577508
7685
868281
828562
774997
217101
47042
743727
768978
945384
248200
941959
109878
68855
22123
115067
520648
577930
991361
94126
274232
232654
824867
679941
472184
693219
588241
790350
6772
66892
299971
722236
608432
842112
498957
551248
39229
869277
454701
905684
715800
301308
166260
662722
212895
752287
488335
201409
889649
738247
386162
601039
125536
80355
589088
516858
644949
254498
66968
616648
70657
262505
776543
547958
510396
175648
269095
672093
862716
291175
319257
591025
603699
774951
238788
693348
292356
147971
163361
522408
240100
798316
906370
863313
901770
273492
929751
419288
194578
251194
192861
958780
623860
17188
414308
20418
659163
733611
383803
526558
896293
637040
961466
927274
117110
747372
140395
370579
967225
577445
1365
948627
622516
893821
921319
942424
552967
10789
823486
580484
583809
719662
664979
405518
136799
331520
599364
526341
269154
196835
92349
608949
573644
700987
254339
234466
884918
748433
100573
638577
72209
851660
264095
327270
842551
891454
542036
874824
868333
960730
385927
607137
93112
612804
257390
139426
522712
306049
837172
533795
843302
840653
579746
858631
433989
916300
99753
837182
933832
480024
793742
429924
866272
326009
764658
394374
265984
101490
565245
611141
405775
92216
170535
449556
874441
278142
43042
28508
74355
467435
198055
516670
346937
501805
820316
720376
933861
256679
144991
933857
748734
864326
427058
903374
423867
514801
724739
826903
924322
901791
603094
313012
265090
467394
643665
161920
260873
282785
784420
412832
839875
270211
83539
471741
553200
680519
677217
465964
260864
35985
742682
814255
361709
982815
291070
600341
754485
784953
241797
463996
826355
655303
722195
553143
701337
163644
610426
77834
263244
516400
108902
746194
728732
417868
833321
377666
465311
807007
480292
806280
571113
740749
52558
265038
564393
327718
508132
654364
974115
870741
500525
184474
86661
22639
941353
774899
163625
772203
398550
750550
740902
477553
236446
63574
507731
392267
522272
861041
459418
388408
13401
764654
875828
212127
419311
192671
148998
558689
661914
853894
819480
206151
626991
535252
358190
600858
369418
916749
690437
346066
25752
341191
439339
1574
8319
852688
428987
736962
114410
222639
955252
672983
267508
258947
188086
795212
572144
434441
919832
637330
820883
209017
148776
209109
90815
852495
467328
793806
299948
132711
566849
571701
59701
288001
989359
622740
82621
522405
878825
516151
905020
670688
389123
194752
185002
977580
384130
452247
838790
532077
955507
819774
599491
469592
366952
899650
495312
297198
320336
270285
364226
612262
469106
840985
945121
907241
871238
312575
300044
504183
658608
240109
672585
979751
231066
966198
169773
95115
422956
228740
762980
850098
805163
92520
456734
532871
739371
371858
817559
801750
692146
457564
59328
77999
452843
514240
605263
791459
824067
368810
281824
434027
122980
737321
249670
774888
624460
355199
653939
601926
567881
748887
867199
336633
33491
564438
901592
966057
146374
697866
872903
898218
123002
688127
432667
448164
297857
632560
477812
74002
736444
327643
165229
836646
146266
525805
770919
790473
331438
773533
364911
55167
646252
612949
688075
178025
954497
589450
837734
189412
824332
620204
40085
621135
246524
865401
206981
176939
82055
821229
341508
589019
47747
830420
603944
922826
397221
294655
725535
270635
71829
951509
518293
943836
278442
209473
440700
932388
361223
557961
978619
937819
416785
257983
530933
30377
709260
299088
832884
497958
922641
577017
930034
864993
434542
62682
389636
503484
311130
688547
334051
311668
266003
573226
38169
475135
46870
945823
537349
720462
58682
837207
787402
964658
593834
470596
789850
37467
587069
92166
243482
639931
266612
811994
532851
948360
687439
278448
822069
951521
82828
816923
696871
280648
269373
497954
408879
942222
281477
991667
186074
797324
98415
249527
101705
762509
948906
333377
281273
819273
876645
599392
889389
461836
766723
781203
415994
642422
840379
216988
765807
633179
128143
66157
234399
823178
749159
342143
619596
62315
170762
408066
909105
697730
12472
961199
86956
656976
980134
270777
112582
822552
320342
568289
508512
765887
870291
750505
935485
59980
424966
735648
357350
197904
246136
989212
382590
398303
847141
98502
903906
863484
489273
691407
43004
278675
847146
229313
587173
80863
349105
785136
143092
199276
567782
704463
143528
258999
411703
15582
215981
525873
526276
753409
915214
559714
733402
243565
612792
820778
288459
115707
826919
541795
748775
768351
707696
851939
418137
493810
255273
476190
224223
777579
993912
505768
539943
17516
861431
224727
434115
144760
71105
891335
963721
410499
147612
835191
68362
926754
223363
330512
309101
762338
330894
899846
416807
987380
273600
181143
12632
621893
917293
376561
352389
562604
864006
61552
31918
140349
982403
712901
14860
769211
227371
649202
273385
153194
366851
38385
162075
992897
390161
865589
143902
255230
579339
173896
9869
463252
748577
19731
410941
170560
396004
411708
797046
474809
476049
506602
714383
265542
651006
956068
320037
335337
51424
944599
782712
420217
550391
85174
113634
615885
635990
600828
169716
237460
308690
89549
737646
868994
244743
676986
224219
932325
52098
198051
371847
71190
214030
854775
275614
702282
563870
336343
630115
986312
450068
386457
35721
254325
572140
234409
146545
568139
329992
886153
223553
167912
363992
175224
218077
195267
266981
961457
35397
629881
719355
635082
707979
958278
325233
589053
380463
468623
654166
128132
143769
20251
208186
819933
277874
580898
535126
191341
918879
644158
285849
352385
543195
682494
323919
271471
30895
957274
179440
701467
921617
148672
841027
865750
566167
312972
379373
958624
966102
536983
252698
758542
785435
346727
244743
834247
775109
862660
405225
680552
47101
419754
840893
301012
512218
375213
461589
309303
787275
879260
675741
812561
81918
581966
930089
684222
446447
890231
866819
707559
631335
369311
745561
660286
101678
45038
231418
225239
421406
746265
262909
69090
285011
517673
858240
472833
209407
112933
616334
948106
991002
746396
572058
648538
780854
109265
82856
581844
29040
514563
59019
754613
644931
738327
284745
127381
162550
109156
263130
552573
201270
788891
40271
522719
682110
715473
798352
587446
561586
171883
810878
621051
6028
284325
970487
341761
684717
332287
869815
188398
907285
995268
385052
900118
126062
696888
480962
971189
468994
125725
344844
664073
617230
986338
571524
45386
35118
886185
98842
843847
780791
365619
872201
381918
922147
4139
158423
733592
737703
811211
868027
944287
614625
263599
779800
790748
318957
278260
130536
707633
596631
129164
956276
170512
328810
453026
290815
589110
629927
805540
197571
239944
184338
9458
380499
238344
707494
483169
101023
126068
954856
575916
119382
856123
892504
122103
867366
601885
952580
458177
344671
570270
169080
833191
568181
618214
262544
20879
71716
42104
924526
845047
530542
938189
494406
365530
219264
760332
627478
248764
243443
940201
656691
825939
326253
992791
454207
184722
799784
336683
355639
426834
76107
402063
653865
496863
304564
554975
847042
916829
744535
613091
972933
371990
255552
708073
432856
239137
128436
79743
369465
287535
501173
399498
401806
246453
674981
320838
824473
946674
686594
40219
483018
268636
454352
907160
800366
483243
565780
237390
111302
319681
374012
556684
763122
986612
306780
56498
320396
566330
708115
989876
294866
281648
435020
372973
490107
368839
905120
13469
192938
980683
258969
121473
203008
216657
605906
906382
141516
801533
903418
590601
544670
374637
941111
628805
537785
567238
136615
467706
232614
930777
39809
436031
495077
183153
195930
243365
713087
129019
71940
811439
121335
844754
190097
590385
12318
412967
348469
174724
490374
341834
823369
809443
140174
636247
687084
948581
774364
570815
402884
363799
545898
875634
823650
73461
327671
900902
785283
869445
125661
176071
456563
46865
682754
148987
552013
533567
495528
80144
239325
413390
533152
158789
938790
277423
395740
969010
508799
524862
853601
108692
343320
593051
393051
562937
838810
281705
403594
856109
155299
646811
705630
300179
333398
774802
203130
510449
759807
212322
394882
14062
483713
580639
447843
469492
578050
400650
425458
950932
287332
99916
924985
546374
220571
770430
456931
214221
697264
21925
459967
444217
648273
681787
429108
620486
566482
93736
503042
574370
364100
394576
641968
928524
964912
638085
890520
58520
307633
396253
451083
733071
167787
993951
921250
311155
297708
874903
289506
924384
620893
924809
974475
822029
874724
409602
420541
786802
426458
184393
601672
148932
977828
973109
70350
7452
588208
313368
404887
33269
529486
421913
713905
971796
685992
109792
747266
599938
868384
641386
886060
62773
655812
696188
649947
86093
475504
321012
811822
726458
708097
118394
531519
192186
773937
930646
578641
163648
674644
109020
297749
434736
996910
369794
711833
708743
265583
420562
519886
514392
183116
59258
436980
373041
24314
866241
827492
514460
242761
323668
267449
537025
636636
411647
415388
528041
321793
49847
37291
158429
220337
807251
527686
7661
501221
321115
841142
395276
341970
165177
313657
266265
921027
591244
596846
