2367
347495
212240
331419
702505
110246
792006
174113
180234
275284
516836
820554
119050
320347
403840
624773
712932
378570
173087
787819
97932
666349
701804
691832
677108
666328
723348
460247
440763
851459
613312
15382
158579
852367
109104
486777
74829
7783
841841
727402
435619
199681
480699
889358
77858
299268
245225
659570
462227
194372
580501
295204
952644
830504
176271
803294
384471
860077
420218
616158
133862
170051
950212
100305
291986
992725
206336
702125
268135
185190
366306
445726
701357
977047
186774
63576
677326
939781
743421
86987
778463
85391
635781
983989
215564
49013
493411
976081
79141
493660
936432
128877
822335
186606
531358
217241
993736
3806
261461
423675
286699
329097
656750
245888
775068
331000
758986
81261
587712
139138
534416
307795
371004
469262
328771
274721
36889
894966
547132
518931
741905
339848
863432
382217
605753
986534
8544
290098
246730
195981
900545
236327
414669
650354
734824
476884
115811
874888
992620
688145
197102
788639
187575
304143
559136
13798
360226
290733
865118
16209
24749
842922
389072
290133
196056
616629
657160
113616
199072
789601
822924
437063
14489
599668
523970
995335
430564
825182
702583
714476
881486
277703
430667
688832
727937
508733
212475
729720
445725
94799
514088
281226
99993
236821
271785
107250
540471
408864
548689
741682
772649
721729
772783
297585
526376
919036
665962
458999
474787
1931
885896
333829
745556
349451
739721
715407
163119
631431
648880
722263
197493
416352
352801
704231
914469
943702
347813
815147
993809
486773
95883
355176
868366
158174
541738
990301
428485
787249
566401
407541
943782
760724
880127
916901
528957
81187
278622
597032
467165
757300
815849
682645
775032
93445
449951
821273
47504
385669
330352
284311
119176
586043
558500
565465
279700
548311
661211
117169
193487
382419
607535
434480
44844
973446
970037
692162
246148
596037
242083
698661
253773
241078
238027
992260
588139
197170
477573
799540
834400
189142
675052
502986
101216
938663
740670
518934
862528
528031
211239
92417
362892
748568
758231
132990
71287
543828
787471
595504
520813
199911
279228
522392
487493
5442
632762
317305
224850
480348
631801
884043
973081
633086
692669
627223
315164
75180
820415
362357
540437
616299
869425
238944
285886
144051
99679
720691
270605
800883
88433
38915
988158
970812
336333
437400
252232
485131
858073
222984
516913
110518
727454
515890
470973
407217
270600
635604
756802
80253
450378
676426
411479
748271
611294
642340
662891
489625
362986
394722
249201
545751
251966
344590
355257
429111
290938
857142
17242
991750
964365
895557
127692
461299
777624
134142
171986
771939
199024
432596
201364
822224
779010
926760
125195
936478
195985
532703
64213
98620
437148
528735
344488
985651
65243
564007
257507
634511
828263
370376
207808
430374
418745
877572
920678
475017
898186
461570
311067
378183
170522
397098
94871
62041
297549
484899
49715
547181
466543
387046
551168
398354
72856
519039
509941
329468
725995
678496
169344
353397
465272
731298
724349
51297
47554
263769
203268
952876
50138
474002
583453
234258
351594
379628
403343
117962
411214
764880
94677
926800
435548
141262
527026
900941
811396
890901
422236
623270
967635
923151
496595
398174
915154
803479
217173
488169
53387
975576
234794
867342
303083
17091
921370
267191
496835
726444
998207
762456
999720
766274
840565
708922
668987
508201
788525
648995
723843
119414
813921
214756
597942
204806
272162
4287
984983
461051
858701
798578
848441
561684
675228
700196
903841
459496
621912
351211
831241
654207
548652
387448
87553
347277
3733
151264
906416
536140
905334
525191
957113
357685
930057
686571
127737
643354
647791
633930
781100
894627
871336
823730
864239
979107
781789
770083
153632
26198
215066
126946
311649
716985
564634
721885
52604
387910
397179
407926
659233
789707
87505
389550
377738
101606
694038
673263
682303
658079
891071
562741
545781
325410
618218
99610
759442
416663
62579
36670
901068
749984
781029
804112
754415
591086
685197
366715
108093
650560
939563
962415
816303
58618
60738
695050
735066
409118
160911
728867
682669
111913
113110
409523
350679
673100
737047
21857
54981
648006
612704
57833
196553
455898
974972
75048
793174
886834
928137
463942
414056
563344
676327
28672
358528
401453
364236
414608
275021
121456
901877
692604
195174
98828
83191
703673
676276
631990
549364
13049
650925
394370
489192
678168
948027
429273
821219
142558
768251
990745
988753
52274
370913
635401
201909
465692
80760
684535
172725
766517
455047
991729
421582
359918
18191
789148
355879
173625
142450
249908
512900
623575
385134
216864
702993
517695
934342
247537
960158
407656
897089
738423
950890
720371
379083
442176
257560
340024
357242
357742
475647
610988
142316
397236
859421
945964
600652
336237
321579
909480
928819
235480
753163
471407
310123
934836
315165
224594
270926
99380
115506
75384
761869
568800
857752
201406
715276
562760
83092
387400
463467
823524
362286
318121
716896
24525
338086
658219
501504
422866
118596
763003
378908
29880
801613
664500
109832
992018
84754
495430
618615
300408
785378
133123
307074
254375
786207
10502
5639
185333
9646
56832
457902
977455
664072
921440
436167
425617
498030
996126
295439
803553
534073
170853
424914
377960
413071
513051
750954
544974
188146
244942
426533
943313
480754
148860
88837
981986
9795
474431
233824
213724
839081
748179
103784
891041
153743
291909
507973
292243
711864
937851
84958
519276
250060
698842
483703
761979
40660
887895
692405
270396
686337
190494
16252
581010
56935
860184
838009
362403
730631
640669
345916
845840
431689
239734
769020
149711
101704
532109
457727
503144
1032
625139
746129
173576
13059
9422
853297
400133
324576
705245
911116
509167
834757
553386
20129
626063
945219
779467
20291
503039
736496
709524
422973
914854
629587
54556
464271
784014
389239
423594
753303
242211
116066
967997
911499
266570
148704
484789
966115
944155
401912
57569
936915
161981
239104
109414
242678
299421
673804
458952
644678
525834
659522
411032
966792
55088
708553
49531
375493
986800
77024
545362
207538
184024
384523
296523
301169
590340
647079
404036
724464
905232
648543
601623
703728
856312
886455
938054
941536
131919
707142
255684
872743
402969
225473
323166
204225
81605
361777
230596
18305
776458
366982
543608
671220
4956
526278
932562
78438
296715
913310
194157
660094
648185
627609
461810
475268
832246
956974
488191
367939
793082
156275
789043
268682
499390
620976
3992
537420
292599
244751
986926
239655
446127
666607
458128
372866
92482
981783
775813
168079
993715
154183
169702
626928
728425
182635
972455
456245
230473
27241
309763
890308
792817
644121
963528
6802
785997
171476
810428
914509
985498
339493
485867
521180
155189
497565
781774
130750
998303
593219
842458
533775
867216
979111
477090
899625
182708
606423
902697
641575
517382
603243
618312
860997
961352
656187
618744
268835
759644
398769
432829
575144
314114
461689
937776
129860
626863
892309
543847
375245
122374
765900
269186
32651
27510
571714
11221
772623
260783
921891
971245
736638
214209
979577
623553
869931
965588
111646
679223
794914
680958
709387
469007
487554
973956
267022
54320
439554
955376
798490
642893
232724
722507
47992
335156
130854
332024
559388
889587
15941
594477
885843
974567
282844
992206
944663
978274
3035
440168
674565
545912
428147
355463
978918
8423
742205
581428
655145
991136
197946
650062
971378
138038
583285
991363
125067
400290
679877
785772
100664
643952
413231
225923
490217
590474
17768
359297
877577
220192
873079
834840
96180
503856
394617
748874
865285
26871
186046
44709
770956
804084
931665
789019
226911
404181
310870
589826
814728
345153
684747
614180
474332
707905
156593
171332
637227
827851
277060
876270
76435
236013
622629
713017
617455
724371
576985
727453
887149
274997
431594
14059
436221
389855
296811
278893
764518
213022
716505
182362
410674
25284
420381
299190
468106
752793
709166
294852
991836
119070
729044
317289
60152
136703
699399
766623
369979
381524
974454
83474
780322
689875
139299
807450
113088
169110
600363
322326
399626
30789
901924
977825
26832
96288
801439
385844
367174
933996
138956
201624
877313
673015
118397
392646
585405
253064
669123
511069
935258
461224
189044
718462
750120
587847
223823
611847
912407
541389
685238
475179
316881
438014
185497
239531
389027
951497
387764
88627
546070
240301
887726
22675
766364
339977
760738
95704
669670
91582
866235
918535
353299
422978
679993
562485
289154
27588
235472
349126
421384
82552
600687
427776
216701
733310
488542
284427
979569
514035
225088
315463
340284
884435
11128
637258
560627
802568
242536
866805
198647
279764
787733
313137
871335
783192
848230
651211
472821
307263
247308
530218
321302
161162
87291
343209
498899
44728
819349
484245
178429
559697
837672
458756
390397
378447
337550
787024
334922
245802
192051
963119
703283
537150
168244
302512
461980
518428
85218
37140
951045
762730
401061
322951
210118
166583
265533
854266
839639
690527
145828
272094
371787
992343
958096
538686
847709
3094
98196
660345
739043
869537
320998
194523
655775
668529
602043
389528
277749
743042
586447
211428
156086
183483
409665
928242
84314
188725
753434
846342
838157
563881
914926
85625
893664
682811
605211
695305
568736
478429
24942
917530
544196
945505
53606
414477
869759
1055
395344
653116
776886
919359
31185
908943
951884
915172
816706
202686
287256
342198
955061
120995
540472
832393
26070
348346
516671
613167
703021
32889
73098
126487
854016
604422
330608
102240
844630
697050
582999
392638
998230
527472
752868
695047
674061
71081
852298
710683
16270
236671
18692
542126
229043
41700
418397
465332
255170
969270
259500
100839
145836
231329
72030
169784
846511
441490
221675
187280
280986
850708
898987
749633
568753
748489
649665
756686
237478
479237
262645
267795
356743
564426
147232
826259
809720
445788
421760
271900
812501
168129
292588
557017
371641
993431
178529
554612
165661
713873
406458
389989
643416
749071
656318
468636
731140
914906
617171
924999
699521
644153
257425
868224
710675
296882
747506
292246
575591
87648
904165
185463
351155
113262
611457
95991
349051
488173
835287
328383
820015
922456
996128
974357
800817
318561
75221
969347
917109
85879
81310
233575
399042
365911
832290
317719
644949
17292
5693
966766
988644
897157
556560
477047
978560
139793
677425
162421
719635
368249
809795
607181
430665
421434
381345
206994
244492
924765
733748
700586
417639
575029
309029
634785
36236
33461
306667
118346
318641
436139
169861
740749
11796
671261
247044
960082
783968
329534
669376
656713
190312
332621
358187
162771
597071
464075
341826
346064
226122
899351
386527
171974
919742
329959
618796
852714
539459
594789
586162
582095
203210
390564
966799
465384
131803
613501
417542
313723
918070
801994
892208
529253
113819
943230
119761
952644
570598
751328
526022
472580
650130
916642
211289
426057
400862
475554
618679
797878
245772
332028
608313
987353
112134
250249
63646
819891
327580
306681
452122
626343
672232
203593
861767
356413
384659
725088
549434
334932
493936
806860
10033
284514
586118
706964
767144
601513
991915
828281
991818
547193
398667
209102
229893
643995
183688
824433
414262
536289
758459
631589
307844
475848
495385
555149
677256
836359
974066
716743
113578
291767
980946
371299
834183
216926
953930
841663
929678
969497
34441
221440
342186
467494
737507
991599
199449
805132
427892
969709
330268
363239
750686
955349
960647
713811
690413
650413
873912
299317
780444
787783
540132
304801
262385
73850
396813
139371
377859
18424
505104
930253
753564
801420
653146
969714
528057
651763
571387
232733
939182
666260
273298
837817
118310
880284
466600
851837
917384
878266
243034
235771
635190
726836
315757
108358
704751
286628
276678
183102
278868
934611
337585
613690
190472
4081
257247
308496
462704
316782
270701
446403
575130
82295
371935
345418
200570
164304
805483
504569
892622
145034
583218
224654
173027
841890
786313
258267
796914
641910
265398
890827
521506
79140
226423
342098
38129
567553
320699
947061
387309
633011
582900
142387
849948
368556
241604
373135
299067
299907
339732
180219
992740
671409
771780
363106
210568
134884
922620
545618
91612
633987
508385
783685
782481
661439
74788
311307
383675
355986
35316
680085
348691
59032
245524
393824
228632
310214
561862
312891
798736
330123
121127
866103
407340
922177
963604
194347
603849
152144
689546
644449
163795
596512
757708
832545
153796
909880
44541
519511
837706
539832
677965
92899
697671
738159
948496
439485
668594
159770
793130
163715
721306
545082
878247
125217
327499
312465
77479
555356
646793
794616
694838
767867
360313
117280
315194
895570
271327
121763
909893
947244
537538
38022
959243
458580
669356
718030
115949
737408
143694
7227
330676
914587
929856
644453
106393
504174
584805
628530
279040
988074
334189
254898
859526
845524
148212
377559
440303
478349
808776
919252
868098
17725
86407
611024
141553
873244
829671
102471
900655
672413
703184
618686
150886
891831
151396
845921
67201
255952
842526
257786
882020
5001
747352
110288
851708
807648
868838
445210
579056
42054
915296
904030
65334
791998
784894
470507
60867
312878
286555
812079
910874
979462
774684
459382
992902
656266
977578
681536
792611
119293
335450
100669
697046
467372
337006
895463
541916
4884
959733
459644
541376
52401
18509
903447
161382
960804
380041
23530
368837
542847
414573
662618
927794
337264
805846
668791
32535
413961
872759
969047
514882
282088
96446
742670
798745
301384
648981
347531
287276
54818
580
737874
466787
92993
669299
746193
929622
473121
557645
813218
645884
301763
246081
503068
191866
226768
731810
540310
993437
525799
192878
922041
166371
401413
117228
340929
256756
326992
626990
130704
171822
406080
972214
321455
222174
719467
686581
949602
608394
641323
468591
430438
283690
952493
892154
155145
516216
829081
297700
829094
365021
530649
891572
886012
658186
323912
675721
803690
735976
875705
940000
298762
591975
329121
176177
26279
653299
25186
762104
616348
124165
203125
63761
236426
689622
374834
244540
575989
263278
319103
141505
172028
508570
136531
106285
729587
326715
411878
532218
618911
158843
619063
10572
622669
379931
108217
334616
286095
170280
686107
979679
693716
131469
990963
783128
991011
809601
776262
478444
658804
501344
165878
281051
15723
837400
823496
464316
378033
675386
471569
226721
557489
171440
186110
427545
754092
625038
209212
448847
982522
801281
397066
310799
729694
957348
492761
216937
226372
489265
777052
548910
805721
24340
763250
845015
238407
950619
512622
170758
67340
767946
836287
924964
509302
122572
311681
26985
770429
33091
34015
838265
265021
998400
787234
442924
416782
231758
471067
121062
722625
571817
995241
906277
687674
551500
132648
273434
567269
808232
683190
496238
60694
367920
149795
587621
95745
879377
969908
612192
424914
728896
265300
872508
710187
428139
530776
67800
756536
200465
153453
306357
81775
899565
258785
172534
711081
822989
21578
82374
369560
310786
39639
981144
732709
278640
624625
917130
447783
319429
5837
54563
909057
851463
830673
334907
405592
95813
780064
600570
626287
331439
252356
914872
854434
535810
899319
102148
187900
359067
878030
294336
173749
83885
306563
359785
665099
913102
66141
594997
440379
397739
203198
549845
254748
76124
744457
675418
85529
258323
983405
809844
97417
381741
203347
635477
444781
825003
705824
987444
696133
598842
835047
851053
80783
405614
475375
528069
881181
548046
985947
165900
412561
988360
784892
59035
732344
641861
248816
796733
511425
383447
188852
878570
410521
274255
781902
240942
921124
836780
861776
283049
241817
251629
702025
208367
290938
633160
597262
969487
320751
905971
801184
892145
245758
431711
29498
133593
502889
142020
414266
533640
453221
283031
150761
826817
414706
755033
226025
548073
153755
517449
156666
256648
997004
446138
188200
848108
749707
27071
125909
322732
904725
257858
737631
607754
189398
692980
706029
310834
619139
820254
294235
508959
948120
809047
438784
430749
114729
991310
384536
764713
858407
708999
566547
826100
322866
706723
878137
70150
745749
656471
839224
891264
676643
435583
367755
91962
463019
709899
42953
279178
346138
727959
604424
970150
127598
788953
447724
52577
616851
368372
436623
743441
934300
940969
657998
939218
532319
596653
341294
152419
595181
349077
180010
810861
246508
430445
656346
540452
925779
547817
293441
940614
346946
288819
217843
969793
354492
393123
795361
803185
633474
808845
473539
556743
322253
89843
975584
590853
806951
253851
862781
758373
892390
460540
339168
