4910
762438
803282
288255
810734
751394
64273
958794
366922
187919
306613
824914
755668
379285
839672
621141
779251
131787
741789
749671
560622
510222
778602
507453
931698
271709
659059
602521
843250
330836
852112
561614
304745
86532
262448
503727
59579
556011
380871
418776
431097
676437
765667
56408
210371
806478
498652
821882
18568
795906
659626
828462
746985
75252
192849
363353
563452
936471
665655
179382
62509
24972
236694
390951
806206
14905
922572
215836
991086
47874
28175
89310
685368
1831
205375
902265
696754
161914
399060
253764
627990
665723
194038
750542
68126
520018
55340
916327
245832
180904
827308
134664
457017
918498
53328
555104
73598
832762
829290
570108
431405
129916
152622
470737
914410
323227
854670
364329
952902
721133
553443
158760
15105
785482
361478
227515
599024
531324
49791
607772
953466
106211
85397
951363
509628
726440
840900
176236
30797
331868
262861
786241
743003
40492
174439
305189
131380
997059
726099
19421
356924
619917
753562
906988
734722
843998
374311
573635
984135
435791
928747
860981
881117
508984
380377
479924
107574
850561
533774
97649
562491
572833
820316
463399
795006
977357
922105
316916
149716
365383
770536
278715
127063
42958
923644
397881
956034
369095
906171
432966
662047
319370
63517
52842
574423
44421
709300
55706
732137
405265
247205
840462
442102
144335
506708
610624
487928
253310
461022
540226
586707
12061
79807
758460
774596
148535
389461
67202
581110
684432
971900
897870
523571
858922
741783
368671
595639
792884
16112
275693
795680
8976
695415
963783
696002
909120
272679
790731
954008
550124
875270
165634
79061
73490
438283
133909
427736
476298
797465
202544
761789
762357
356586
588722
349904
939458
611591
431694
432412
341340
53043
638401
977890
508404
706216
725616
10469
825190
21049
15389
961826
92618
182422
177093
266397
633946
789038
27290
187351
850555
413487
557208
906716
293418
996265
891398
933496
50244
399696
899852
447434
760113
950752
456875
900016
700270
996379
87772
550754
263478
800558
575177
635867
215373
125426
989602
718705
186281
801997
63390
572038
519421
147577
26063
3735
390563
154845
808607
227505
192869
407895
166316
937604
175144
670235
661246
999760
116853
829877
674721
719420
153253
228202
555428
162949
937385
548477
328940
221779
725875
860941
482933
455848
642949
401819
826983
580913
366996
341098
211665
365503
923544
168831
968708
487055
226739
862280
622222
418245
426683
39769
871250
722808
635110
623761
935809
44326
165649
735515
427511
927624
882285
969232
353460
856321
554758
381626
822837
26480
892529
579828
965166
614116
378898
869933
381543
506991
731272
902091
90160
804435
832501
868140
578754
661658
897965
565639
564532
86210
818554
740593
474327
973908
124745
675836
832110
158037
669814
219898
340301
271126
368367
138783
993420
935014
59783
91076
417384
729960
509657
913224
475192
713407
502615
620625
724807
109733
654446
962672
781714
66779
349272
197219
544607
386619
5373
370995
803896
251881
485830
630078
965699
280168
513
478927
572607
996169
49514
473897
462173
178365
386076
32099
504568
438412
64916
459117
169715
118495
800285
161712
819246
559863
934238
570516
685412
582592
541628
569499
571877
848192
812589
921130
903082
908074
222427
340328
81050
439631
506480
253887
253848
283636
902532
981952
90247
436798
68897
787043
13531
291530
483183
54827
398877
951449
898113
986472
997243
508072
120122
694422
824713
450910
160285
410595
858392
660959
849009
985998
655089
533182
558477
44267
727855
446927
752709
534531
90038
542554
575729
27544
398163
605163
617302
222278
204914
260038
320180
954948
453430
991607
892524
684938
590713
407496
290379
395789
420448
625228
867255
966886
41433
496729
536820
129808
405940
652371
898964
248528
762651
968930
265401
125039
579119
429637
774536
624163
875265
371840
8044
55308
617386
151217
921732
235418
149128
136193
860074
261451
968021
402294
736225
757394
67685
761636
546778
947027
717244
587267
794147
63051
149001
548636
992045
505101
426947
394590
357880
98919
932511
825101
391133
810147
581291
179418
238392
276841
346186
396365
327408
858114
106445
340254
643812
199479
694890
519268
828723
590680
797275
847525
966440
167832
114709
633292
987137
12438
361827
291576
798746
737527
880479
911153
108539
645550
417101
888181
65914
89501
770260
252529
982670
533269
663002
59083
272818
497146
655547
489884
684530
55682
637413
650043
643606
826588
351570
910324
609000
568813
234211
820888
3682
417397
11926
775534
287737
333776
750884
344327
988544
756121
560698
630511
76923
720681
81041
887231
105601
888701
869868
627920
900364
923573
908526
532234
158497
313593
589269
748314
445846
161910
344279
440834
275973
564806
963479
450314
517644
457070
365828
879316
836989
664513
330511
501901
207657
346017
536390
108096
721668
902117
251282
563972
930933
268054
487945
623894
459389
934228
569841
590593
710401
619542
283538
94009
68405
822287
596151
272008
192423
674027
543041
829728
66150
285240
304487
209679
866957
823330
805325
503440
633839
869911
773824
885053
998368
684937
144204
906210
466974
126033
912250
713774
988059
649393
235370
3331
629160
330098
975944
845164
869759
268716
169390
430126
686893
195044
283734
873079
534234
220687
985658
837491
19254
445365
608650
184254
17986
279537
55945
624884
470777
578325
288773
99939
596761
213162
515953
279650
544273
912661
745441
777083
32584
855188
877473
920259
788039
146344
916849
449995
62277
114765
387617
572591
570702
829221
907973
432331
856911
458355
972246
526862
274112
530434
811621
804582
980270
198950
737660
115483
140516
395418
111827
23608
963381
881096
305452
673827
161449
29672
608204
427662
124226
614592
761494
41862
824554
612169
174469
798569
452282
678194
978181
800245
574697
506750
731375
692923
615055
813576
631072
921138
235797
277607
611444
71463
407484
253996
807268
123346
902854
431240
732858
105477
470212
74251
276844
369789
510909
295111
212701
499227
811384
417811
679788
484972
479335
328491
607286
900900
950576
436661
522159
948842
397144
568158
687000
19085
447054
413923
995293
222932
730258
854508
259663
22450
114112
909330
805753
235352
282237
876161
247777
226085
773245
623353
928861
841401
705198
947822
44110
50087
477636
514768
886334
761160
415394
75621
877778
690220
582306
332433
86188
707180
147265
249464
360863
42203
911722
651386
892239
95643
176797
180829
240485
733387
782972
376329
287277
451294
595058
140460
384460
670919
633920
499070
688481
350928
771110
246750
822518
195083
990698
539675
79203
273503
938439
689552
462591
419076
683509
655207
574788
604873
362449
193534
42622
325010
264042
133478
841840
47776
622887
471559
131204
412553
517464
953890
185388
589126
931671
877359
104217
746283
189595
241445
770391
691377
509593
709144
151043
750703
983510
978684
476778
428456
549838
648647
43136
49085
683194
574709
947962
175811
778818
120101
710920
493743
888255
479841
30514
226158
574187
600763
547854
634898
164328
588178
148315
384102
461993
435828
552254
199138
641729
366429
102870
448698
300422
720990
39998
276496
533410
990233
487390
163403
509878
558313
581870
907647
330602
356894
488329
737419
639573
568613
105322
494018
448774
910023
560261
708545
76909
801480
665668
729248
821865
20463
501404
202052
389423
361382
119244
634000
140307
439287
636530
210747
540087
475126
519498
834941
965261
714622
722051
336739
763402
458387
676928
591618
318505
423975
743592
870920
34072
97208
7786
99309
819843
441942
67344
355145
743484
149890
308799
608640
386628
833586
403529
84440
82809
169138
795503
908971
158811
193444
289078
703288
668732
738664
421988
443603
674820
390742
660311
638653
73182
639784
922179
287118
57539
543605
809350
732494
687969
55768
526890
572196
129319
726959
872182
635302
63280
54784
697969
525711
750089
133045
807924
425422
386657
679304
136811
5243
302988
841786
229480
910308
791220
69372
487011
250054
719196
251505
659282
448408
932498
67915
148641
124096
181873
742290
665551
568425
347856
736131
199781
201964
855627
415317
702034
256107
242603
70359
958248
215485
174197
625268
313773
794179
415500
602137
154335
637017
935875
508269
245832
270441
415171
601215
89273
625433
956565
475710
600038
618596
721806
128481
615262
331206
708500
220007
180517
856337
997392
849400
232751
923421
89010
218411
152955
544924
843355
136161
634058
736204
808812
314702
808699
825413
139753
35032
119941
764018
541129
168919
75536
199964
37340
794749
437808
20386
43481
951247
713983
30021
590531
855825
260053
363872
11704
113473
437031
845365
10390
377657
797113
440162
464458
362231
511489
102386
682230
831354
216538
81615
147902
858755
623329
304470
593840
133435
34928
906115
417486
76787
845429
446859
423801
395461
104238
80521
131643
133658
957123
109840
459952
434949
888703
512095
399378
63437
862444
445362
977760
334153
10315
761141
350251
713123
739117
678291
139261
814078
73329
470061
756198
138100
12571
242215
992356
95672
312140
554780
680942
355355
412388
100017
19165
269226
375217
705927
275064
42612
82962
712138
809690
246505
951340
794279
691458
425949
841096
214362
201847
744172
350472
784677
737878
189560
574404
268508
859897
989006
731846
641949
348358
796775
114782
496862
898193
776586
486754
834783
649775
409935
583941
406526
677080
141758
508370
245545
211704
765781
513158
721005
944914
603688
388872
856237
403345
957539
463686
511023
563117
887339
656749
33233
645686
327395
980676
334105
510529
46987
909670
78762
94892
626498
357210
591185
749838
717868
467089
707455
667648
216110
873147
841234
835587
427414
273350
947276
86797
748696
978228
835108
892915
435507
716887
557755
223220
376499
2092
355175
749215
868943
109330
371948
215586
152946
23845
126665
202353
602135
428283
106862
284559
154893
258939
995339
451068
820314
832789
332803
154555
241724
263521
897791
974079
651658
415960
575839
203122
731706
808553
297036
885985
476540
482745
930601
186822
590850
215802
272808
281907
899107
371686
767801
201049
740245
6873
245212
549811
220696
261065
101335
450194
610034
385123
194564
368901
369109
513730
532418
945508
234716
806670
32076
573498
345972
76015
827878
997452
254872
261613
230835
624778
256180
256230
890916
413649
917099
548011
280075
182107
698292
690039
455117
129348
684511
576012
466806
462905
844790
119532
797927
316095
567038
508465
185962
306973
914269
386377
905958
307752
623189
9170
302510
790761
639662
463950
191283
413996
868402
113091
971098
680040
447314
12402
22441
233606
356006
139121
728026
194640
301906
951271
87570
386551
932932
724836
548139
54337
733081
670555
924013
564109
153311
83389
604444
110788
792053
51378
985515
776798
750799
238966
269454
719566
716310
623886
120109
39627
239916
975782
552628
329212
959309
985417
233479
218176
734225
111292
507347
894807
642766
461623
821568
210800
688730
830017
13955
236623
203566
360935
502671
87578
489318
883736
385835
131137
916644
186400
27999
696393
129557
285695
48904
912371
158603
174374
822667
431117
273162
29773
828838
793300
767070
239348
668642
93508
649193
498100
990181
519999
313915
636032
95395
723094
78553
376062
280693
847862
200480
153916
344578
670385
875140
376464
61849
751976
396209
554833
965857
471379
381714
762731
809448
834221
142575
407139
469655
927230
131953
788456
757575
544774
391873
349010
125804
389763
688143
424122
337839
602208
282799
57652
674650
478906
822621
128301
609261
210831
34913
488926
284941
179717
46221
43306
905180
689173
586980
677210
595620
119442
509205
59058
750188
70298
867108
434672
817005
645592
627562
24160
930526
342002
151155
554015
463468
198614
325317
150058
31302
928796
273216
198242
965908
378456
122017
421406
703943
413248
718496
507629
677643
43188
936506
961831
90
996974
52361
883822
746666
729159
696974
297862
203590
198754
470417
977102
810235
745850
200928
557723
275240
339908
957683
528752
808377
21824
814448
494939
370797
606050
795849
784046
357650
665431
677507
670937
302931
324790
285202
824161
338920
659524
364704
425535
133611
822436
71469
425047
682699
964889
973905
829779
606233
700537
554972
459548
948160
200689
315294
878837
889298
352239
29506
135092
402301
141680
535893
477085
229532
748518
394725
699548
998313
774020
781700
344607
354193
817642
389612
350926
209248
37032
350652
448552
740699
363505
450529
809787
838061
194462
885456
170047
357113
428699
426095
492432
157774
765874
489171
202247
529081
16946
620516
649204
209395
118715
786141
60281
390075
866345
634096
367365
953855
83163
931014
520300
471156
981471
537764
303904
934405
410108
413161
617615
979623
520155
424180
186392
563979
435602
946018
235114
796589
994190
823861
919868
212938
596893
967056
401379
943790
82838
489118
875859
752171
636197
479635
246708
295398
217911
3082
187872
412875
499134
385742
108855
248608
472481
226741
482464
633527
374468
238181
517788
564669
713967
249338
961544
360368
101021
45120
610351
172910
22564
735259
942473
850600
372411
655622
309717
471733
60333
368696
301838
851715
132761
467746
638604
204456
136227
761493
908090
366231
886139
219585
153200
143214
808904
964185
588909
815915
853680
83538
542002
601599
955847
278473
129085
319099
647249
269380
591393
13159
320949
894801
671103
715313
602241
976266
447395
883459
796884
403322
667517
481197
45420
99994
349305
399745
547277
429812
728190
551422
215626
565161
212736
408292
730099
870606
923843
185191
290011
226672
421613
271102
288644
174136
586181
452314
77353
864490
93646
979444
646312
455367
977722
937279
643019
353171
696589
287677
441010
685681
425936
237934
251870
365098
409453
445794
896924
721100
676206
809008
653964
319983
611725
294591
404877
438739
619447
361409
591942
151525
841954
43328
357268
646944
99975
81809
198155
441360
69758
864293
101355
730738
279734
233725
732193
458744
165325
55742
42166
447401
98514
77658
572504
772516
401556
844398
705347
288004
228966
555307
334796
925855
305523
929707
182730
69993
168568
326053
322977
548855
895458
409468
476524
484509
130820
181681
922374
205176
229812
615481
766390
818439
370243
677098
505333
178548
323224
764367
252892
481777
266217
176026
987695
729662
117269
879481
125632
99654
100704
481665
507649
582825
756747
615879
238890
880341
793103
154062
228099
235149
20022
944730
835598
418572
743383
379555
943509
516546
10988
327845
368843
252861
489233
741076
15970
419
658843
202349
731496
171612
721811
852776
806302
797708
101966
10762
423320
701822
429610
275798
211338
947164
468199
960995
662260
392026
201439
277641
233452
238515
764387
621173
339269
4684
175860
740956
6233
377012
916443
177101
435128
158029
4709
694750
394605
203204
839423
285640
411305
904187
30762
509647
943055
91785
415962
63961
793051
369431
201329
517665
12656
399403
188243
738755
305212
724609
997157
851191
309450
742997
394535
133531
333987
567550
105964
10344
708066
432308
716338
792199
35411
678898
56418
985276
728391
996726
937381
834048
210551
409446
403488
594093
646099
830029
520526
695059
856742
298754
121721
912040
345639
389097
123669
523227
326302
213075
999737
392393
223024
458369
354683
175049
160330
650374
565286
810338
135462
880202
12570
74396
805181
926250
582977
561459
176265
833725
135209
533736
614773
280818
645571
457331
279332
527317
242551
917267
479643
448880
778018
974981
916492
419342
718445
556179
188032
685083
606219
588995
912992
255975
875407
36209
530271
893769
430695
356471
888327
442848
118521
120968
98463
307701
154840
141788
225847
924284
706915
312901
731536
162938
646458
529249
950442
643904
237790
758184
686698
800085
678628
775269
760616
524786
580950
954818
727379
970342
568294
906748
323521
231706
52880
201333
64023
969135
581323
70312
828306
435267
474539
497975
16751
403987
135638
184032
355069
719354
201120
759054
460093
847448
742214
381004
373555
43022
730628
383572
749196
703909
936851
545989
874987
623950
906947
654260
161810
644228
288944
672921
430889
559309
431524
658922
497710
378272
458889
742086
132730
957601
265
571271
126252
618248
426628
453242
503476
410463
64301
773035
72830
402922
431938
84953
446264
854496
551590
496648
32130
922840
387676
867190
655537
378687
762018
981093
901440
819398
20136
719255
230036
804824
610859
352472
751083
853257
306803
840821
130208
784330
464805
880714
874205
22360
945157
221561
77789
327798
578188
537015
137564
542927
827426
733632
25822
232061
961081
172523
345177
22183
650053
266648
381569
583812
729627
973125
827758
124159
796453
828480
264107
412403
58304
909751
994717
617365
37618
639531
185102
146993
513931
775811
295637
749197
719383
158461
928868
961258
487229
267455
301230
569768
475895
77388
534323
245385
441198
881170
89001
72398
238065
60191
761160
610685
629010
478132
918066
910084
601629
831666
215998
621175
372150
588081
104608
265846
790158
858480
722550
604330
312833
582246
632241
757422
519631
45559
12958
517898
894646
260162
403536
165722
447528
748247
899564
58253
580654
800518
655697
424137
637977
775186
566562
878124
312224
521477
298545
756014
325019
856989
631689
694946
859483
722084
602200
225947
413412
844317
134967
427
411464
131546
538136
99783
37025
204267
870923
438534
343146
667889
60653
666888
570490
233616
752621
357044
372895
843906
962812
731801
14995
407241
822225
779126
667677
354557
88662
808149
359687
387011
279218
555921
734071
201374
716404
364601
708909
237727
216
914125
744216
286968
82746
395685
578069
394351
356436
152049
445957
353710
646133
114523
391177
268791
813441
218185
484189
583092
221663
552190
175950
142060
920771
262496
254809
102098
781528
521492
844194
229240
494857
660613
760846
786657
33900
513668
13053
714547
843275
39434
323367
841355
267665
147416
228306
627627
839246
274431
632813
472782
772903
408956
682252
363548
857437
279163
771009
927865
770232
899580
480275
685816
857103
874195
366494
584238
729399
918729
386119
37281
571462
839329
468377
879070
567810
925877
855681
172969
809131
770493
221026
790543
389858
808881
493462
593816
147893
8071
187843
230297
156104
231702
132309
987237
309217
550875
209053
967651
541199
661912
823046
399675
155960
690074
343727
582123
288638
443668
568170
366902
669134
613159
277201
799547
129221
608451
834175
696227
208830
785639
394418
176948
889660
160836
520187
450883
947377
321216
835551
21190
39721
346390
735182
209415
25430
362650
914813
443317
767224
576794
460898
452437
715304
538016
494796
300693
802562
122389
692956
578177
460141
1024
505891
686607
624137
555115
622810
267540
810227
278694
329336
734554
384183
417637
798260
949705
947283
651332
906135
524673
520228
648747
298620
7242
954352
555085
136040
212003
170383
976458
482880
444279
358070
30901
729771
407149
319777
856879
121605
722974
741597
190642
428604
586146
334127
825002
759371
481539
131748
320765
454737
205971
561526
998828
808781
915674
835032
33489
411768
9511
981087
529608
492351
321543
812877
216043
696348
924948
968442
174901
687696
159652
233249
408456
122815
597155
591236
378249
585000
161851
271229
547497
262207
774127
162019
550079
41960
272007
92117
814161
537106
91622
727526
182130
456686
532983
543525
170565
380619
398598
213063
410655
141968
420459
865587
872971
566933
507041
598826
122663
273694
624372
224082
532395
529204
634841
989661
863946
672354
669271
928410
634544
812361
906851
313880
573292
919968
475915
849586
551208
390220
71368
571068
95059
491480
836342
990025
753695
251537
936159
351510
794662
656961
990835
699094
378599
806790
397780
208026
809007
332941
517390
243932
679443
798000
266660
989161
893914
521450
315973
254762
741047
557427
528094
519949
291955
355133
343113
714965
568745
261833
571682
80762
845035
832102
999610
518973
951043
826503
871461
242509
585619
857984
197871
333967
123742
129309
258155
641998
539359
850207
502187
83967
960535
668244
830795
317615
761125
167570
109480
395083
134861
341583
406063
401612
575387
517856
859023
786429
772576
632780
742352
217642
430043
592908
764157
117927
957876
810658
276477
878394
197601
962707
295872
526502
743915
626371
594965
103124
638987
837739
745176
809760
867310
111353
417031
884286
325848
172804
821878
276424
450724
145065
934745
480293
190825
193288
962175
608151
99513
214869
885982
944416
408515
213915
924361
469266
457432
270611
650238
117746
797067
734749
20315
295752
458929
542617
12721
152390
292359
905765
484657
149267
239155
120371
654851
761266
68323
876741
247478
236564
722578
529480
23122
948214
656361
71434
912072
816056
52098
979994
936075
951676
365319
30267
746616
667127
876345
102532
107632
791575
231693
632599
906054
987985
966256
578236
828244
4550
644716
163929
253416
806801
225314
457168
257052
861552
802679
243189
971011
805836
956364
128554
785599
165798
384165
949978
620784
540384
735339
89166
225351
333798
541324
704879
901112
25719
261952
913561
476238
802260
240679
137879
190488
558915
611918
814017
810177
951488
19665
984367
68606
71809
203354
229721
960800
586276
72327
316173
197065
963192
575146
768203
134011
84773
161642
203200
154700
730105
20806
184413
67382
399119
948090
676052
49546
801054
898746
349231
989253
958875
129371
972621
604027
699468
83537
897657
239408
523243
256083
548456
854662
899251
413787
601999
926736
928905
689481
506143
994244
192138
777831
87710
422351
466157
956680
717091
30531
359381
901385
593518
703468
510774
541497
493345
147392
738017
162773
981855
7860
949741
381612
439232
345259
598532
685985
280110
314697
657287
477519
752799
14502
192159
673415
429999
463135
378529
203892
885849
578822
13213
209824
798097
582393
57668
884431
676866
934608
96307
276745
682207
118512
800992
819574
321896
531645
758240
109281
391227
685292
527890
912287
162708
361590
266540
978121
416931
482920
164448
638820
832969
98071
591786
380962
484142
344433
430137
398401
78401
794287
728631
825362
673805
622119
103095
556564
726389
412094
118202
769215
347532
503739
577758
194396
922323
803638
738916
206609
503248
391087
638108
456507
801927
434171
310959
868276
17432
732440
822217
956468
179124
928418
983009
239763
793981
313631
901926
825964
616762
499380
781575
230814
499508
930747
520223
231980
641455
42476
399292
111556
381576
478904
72907
429981
394280
970292
189793
234233
277090
118066
74088
331274
909871
92396
75812
971313
124611
185946
341601
92961
345035
518243
35387
320098
503174
750895
426826
552690
925309
295579
180392
913861
629856
931398
607711
49133
242239
460360
1396
485398
545761
353155
734282
187752
514181
112465
761589
365775
800179
82525
477724
880855
121661
359374
380042
964592
296023
66141
641425
845265
869328
119047
285659
961913
562988
670622
95310
986257
166880
440891
558363
755694
232234
126350
2980
223474
270474
769814
161928
59474
145696
937835
116300
631410
718627
482681
542311
671148
874427
267335
151978
134127
284093
886389
543434
496324
95937
781573
912843
204908
309088
512079
597899
661414
397263
599448
971177
2253
946003
87486
142352
515357
474976
504074
962275
759318
656466
348136
148231
95481
261511
836274
5191
838255
261271
220904
81960
909129
458225
171388
501835
977186
844243
615498
66936
906273
791717
130725
577420
66203
717491
16653
142594
924437
316869
829244
473623
289767
42141
557535
993949
281723
629325
811298
113438
142965
953266
436708
714219
75757
789072
621898
419264
60695
538828
148335
941525
558212
403584
179897
638404
675649
470718
878535
776913
534557
654693
737862
639515
206473
185177
893027
492830
830167
258658
181531
908322
288677
857443
900654
225348
730515
132980
715697
150943
620399
988895
623299
929879
739762
713524
332760
819138
245732
181257
885553
436851
860890
338898
350444
718755
833760
504920
484791
458878
447601
5977
428320
164488
460003
666877
82760
337194
398496
963120
384503
468637
571790
602336
648713
258738
761232
459285
56517
873211
123430
26984
254606
860249
872816
833057
834546
98531
994512
895921
620768
877104
811372
673416
897206
506562
788050
592980
847673
575439
338295
294488
814686
967725
956376
844772
3333
859737
798274
494198
993029
757220
283308
65389
497698
441082
546178
584038
96475
531664
202173
449845
423904
912105
783341
16706
546017
569990
920344
869117
467330
748456
557501
586495
844267
632259
320241
745599
449595
57345
528619
252653
48156
400815
76251
740782
821041
120008
391924
372661
220908
10524
981451
439291
785917
256413
617431
878170
229157
943110
703960
209740
489129
975913
355349
653562
364257
293139
92221
536836
641583
238557
247791
211533
469965
96210
347861
472639
603392
113848
833771
739490
818473
954045
451998
403412
233978
462336
222735
219302
37894
214072
272758
868755
710832
198277
454500
848798
80645
753937
579617
199303
869542
926051
976691
671209
788446
314368
28096
426675
597330
578622
111307
325697
670294
194918
909978
233814
955804
450053
165496
114872
209543
282639
993110
235176
10974
203377
78221
255677
476956
169586
283647
108892
866403
480260
499099
754518
645969
755117
737727
14238
78955
595149
966711
452581
280503
181771
607203
525780
757670
482848
210295
228390
510893
293184
199261
446239
384116
879136
263861
669164
359463
896488
930556
975704
836395
106807
521866
339753
71019
823949
186165
25365
367696
768090
373267
870884
143951
818016
691677
478819
213532
416711
436592
732738
125116
348925
754477
152267
700792
205383
892799
617535
831917
13737
371516
14095
676481
976494
117861
858804
675376
310037
200584
424747
196420
16728
112901
912272
52707
842714
247597
349974
779778
900716
508934
646753
627383
298299
467243
749952
319469
20890
669264
559178
336561
126440
583716
889236
387177
167006
357007
800396
98339
458231
128154
395829
968011
881084
813742
876031
503287
168235
496757
685378
68381
335427
38877
296855
529380
917039
235131
152915
226967
758413
848332
799969
863030
29465
154710
345531
643495
749882
220077
660229
636042
791337
124305
498758
378602
281402
836725
138051
659022
629129
132122
973754
536624
167618
100570
416632
167237
966156
239937
710551
743483
176979
585750
873048
648705
267760
737143
644249
71615
731896
184226
177971
986983
424478
526672
11058
410915
596741
720315
109489
27630
498471
780097
529106
916991
655579
256289
116760
419999
841862
157921
566049
657948
643936
880338
802690
203542
138850
84844
617601
234742
559945
607635
439401
117247
384458
598715
512974
243324
229650
376167
335966
530393
670136
627660
24287
514574
323586
251989
427466
575286
3281
970368
679044
862590
479658
72805
314229
957176
428385
608343
662855
259279
931300
302243
749053
823701
101089
646453
492013
947257
522645
842906
577244
901012
673971
629153
508468
277346
919661
320922
96868
607245
475745
920064
803796
32293
368355
257267
346308
230509
751395
831901
771136
137487
363579
356535
917058
998639
419864
348260
904740
133020
611714
856251
445695
927011
454985
459682
657254
152190
611534
157269
125368
248874
746347
453638
550246
770454
217088
379999
58242
247799
463067
49827
398143
284920
422915
695474
283787
428879
655777
679787
528838
900331
795148
944556
927133
20809
272879
982772
604808
377318
555097
268906
941468
600527
538849
277111
564109
217876
113588
349006
590660
218523
855101
786187
114841
225296
679151
825081
740461
845370
848370
601006
919591
319017
28711
340689
689353
698764
561818
464636
296046
380575
897283
745468
411746
376193
177081
462709
175390
258979
863092
634595
968414
99997
274429
421115
871137
981082
482740
895920
356733
605364
796286
501905
672988
501851
230473
870287
76823
259054
361469
302685
682477
712236
955200
405552
845088
653252
245926
734310
67820
609288
878708
946178
76900
142336
560207
333077
653996
624219
788806
918522
69645
494272
554681
214072
613368
854723
613860
238090
474842
949300
675596
566074
758232
583697
476868
162985
478248
31067
324444
124268
711051
983878
396071
498193
395115
212297
501288
364351
758540
81622
901017
232315
495922
258212
130391
879047
516624
984359
248621
839717
843496
398433
918267
501433
439748
375250
12802
935756
922959
972939
16591
972397
3088
761569
943426
254129
253060
637820
964794
129500
322776
35407
811680
806360
289280
641762
509132
317154
627127
554443
264471
709892
104723
956539
705854
785212
351044
880564
820143
708604
479913
105944
54068
198219
838990
533853
70585
759689
813190
994973
626939
934479
704226
561546
781775
15605
170123
803583
593037
383917
742913
93617
700887
774092
313648
233540
900169
872041
1708
356730
975743
687326
610506
56966
311229
980780
438874
862143
882367
954043
190660
448304
891294
153214
440318
961356
680732
510581
336743
655487
790348
212492
545539
973919
97697
720289
970452
676673
964689
475235
223313
409128
505445
574037
595589
795673
695904
711730
856903
305290
445385
668331
683154
870072
376599
149388
599744
716952
115193
980860
228776
30309
678975
378275
563600
537304
568296
912486
280017
797750
375688
757773
612998
132803
173270
934150
933744
546388
50384
741507
60266
139074
319435
487806
237635
676410
559323
655708
750269
254002
539546
881135
672161
904054
609625
178454
897277
778144
326241
218688
3068
922854
26340
40973
202784
252174
770437
651605
926558
723260
26433
78657
58325
378668
478584
784855
928557
442362
51164
345556
735752
246686
417077
247282
696488
832374
579022
637513
994781
206524
14592
749842
320489
108183
300184
739974
586994
706573
678759
508517
36130
368917
774247
202386
405535
525770
69445
279195
672994
521276
514960
51415
684086
664545
846524
376936
864655
441321
493650
693088
222533
881967
70392
996864
125611
545611
777816
464092
889872
979396
286704
918490
847826
132771
252598
959065
630617
618723
297510
89070
88055
704708
215529
986377
242586
623166
559395
50998
856684
263251
121818
107776
36296
366333
408254
460400
460504
199815
423641
598707
93199
422136
294292
202585
288896
334569
771171
571962
777881
392824
248782
375027
970752
272213
627165
30670
560649
649722
578912
266815
853265
979831
50712
44939
880634
592427
491909
547844
412931
386063
373133
764591
753154
994988
321606
986246
648577
404077
703136
571416
874803
809039
937586
23758
952849
499892
806879
341386
16214
948567
86181
897832
820627
42906
200962
370470
722031
586364
535555
642976
59199
95910
938538
177012
462718
813028
406139
720644
76073
569521
462627
550809
675258
856426
642502
826404
712766
238693
726179
256161
656789
81691
595174
799509
627846
284224
477003
167606
310333
556596
249770
246633
351330
747217
91171
300517
964950
559909
320102
808631
108940
340410
521631
293920
198210
977680
501181
860441
9627
304300
983070
938295
449691
551113
818585
554280
418302
837613
425895
461341
41141
771287
913454
453506
148222
165716
933228
599720
750175
125361
743868
338756
64894
271819
306248
15505
91104
317442
7756
137104
659900
518540
825410
734064
148731
377894
613552
15624
911695
17316
999242
574144
128301
31274
957636
401872
707496
572659
613497
422240
304043
77518
324785
907535
464019
490346
648722
783952
174247
273606
605606
99566
336181
13322
70853
467696
68234
550388
428959
974807
476557
57835
323560
756676
246520
767856
809888
59446
157812
738610
879742
461298
133841
940800
10360
566139
347103
985177
504370
893633
71532
609759
764481
902998
373977
218794
534362
703259
408091
952761
250843
175801
67916
326276
671862
482507
614891
187117
381430
145689
562678
143316
525935
513984
151331
857673
815879
404397
140726
726237
289690
870280
793217
99537
702030
963629
818878
81328
123381
624085
35202
228153
853144
518291
968159
847156
312870
985147
1497
653541
684025
579549
448386
785374
894401
237423
382901
925167
382735
128392
385771
547449
34432
73225
372349
117665
7940
904150
63478
965728
22346
330050
717844
540342
259146
445321
425756
881470
594158
393654
619863
120157
154974
357989
439788
63380
887271
520739
167067
13366
873095
438897
979988
275315
573079
316200
682162
213842
912469
88246
208343
885373
93901
686982
979940
851830
508260
649854
515413
654696
1025
274082
495544
183512
562840
796438
778440
274170
418388
181952
515754
676896
335137
788940
898435
622605
132051
117705
176308
280488
973942
165936
947315
285772
271347
757445
793799
2300
953627
449622
510559
302580
351187
89633
724560
799642
203037
749075
530346
633492
505343
600810
610101
646515
724753
942203
297165
523596
309160
486288
228311
572520
508763
273449
693215
705105
233198
587427
343696
852557
28579
899127
862799
449511
997913
99353
234676
657576
157790
256448
127013
528229
736537
94789
361937
831922
463245
74085
643846
456436
128651
851745
8304
935444
276855
662149
358703
504528
618036
672517
791443
810603
511215
217090
177335
906565
103557
855404
889463
501253
231506
493058
145167
643890
247575
427254
658833
421025
716871
379244
297027
854217
939438
433120
475347
721970
7742
916582
148599
410060
907000
779981
916581
776028
225140
271197
507948
583889
19661
426304
513454
788853
48619
822141
870714
938111
850670
927967
609418
39493
565235
450740
497878
52238
192711
850737
808914
80454
632998
666995
269003
287755
362926
483040
20185
597348
238309
541804
968066
424657
737443
767800
456300
849597
375902
85012
617724
489424
509840
713061
54031
457697
87751
198370
392339
193161
938825
207736
505028
415506
424737
21774
935295
17871
284298
985635
892612
816837
14391
44818
46925
233223
830397
917816
947205
730783
25502
513964
864359
544872
871027
229933
75636
357945
626357
276954
949392
766460
360168
801178
944250
507868
356836
265435
813286
249500
86913
659384
241081
510085
94942
217204
536160
910392
630798
724579
472014
58657
466080
265256
594768
671820
334218
607257
161614
198161
162545
831807
360672
556715
637784
786297
591626
649831
626914
858304
955478
737848
412933
936452
697549
478439
701390
859766
997969
484775
185738
431519
587738
687623
14680
255533
941579
428736
82377
558862
496624
37742
223473
623349
467031
226204
501133
182906
635784
211000
793488
316190
457889
398437
936844
300140
155603
372655
286074
493498
327347
747482
676006
860751
981757
297875
900218
585631
616108
205576
136036
510961
324591
74323
451431
436193
953864
855377
333627
122370
325382
670545
812258
777307
193757
271017
198793
794898
302111
783906
650262
740519
372249
68435
20
387927
811852
265035
195129
555233
122823
583144
979152
734180
539870
110020
251463
30887
285961
601295
673879
953075
195675
308728
654859
383771
235100
873349
232944
503260
379782
298691
462168
151263
164185
881431
238858
966619
61979
27250
167689
559255
