3925
392763
211248
948884
969970
87525
21505
796918
255519
118093
977182
67502
955276
572292
164476
678032
688456
576170
268743
572209
241400
327863
357226
462913
411243
515241
146030
307458
917387
298246
356730
510756
472430
291085
748217
177727
835212
708093
490713
781164
362379
168065
299823
412737
593975
700534
2807
16935
470157
748443
627193
524440
205558
764756
977160
564410
725713
204059
28261
626003
25897
722819
327552
426601
809094
650794
992798
329719
183775
669499
682390
967501
641453
910429
427573
273733
80986
582460
90625
112093
218200
812594
661403
257142
337807
912593
714109
536744
500398
774479
523747
877696
829923
513295
986759
924823
48229
643976
945476
173328
29870
501140
77532
10029
934983
141911
162709
863246
545275
552522
742846
308104
207597
324451
294031
512670
308806
557795
930606
755679
330246
111228
234958
135323
222652
42332
582322
617923
476433
749402
142352
198172
226238
167932
446672
459168
890525
473442
136627
56433
1373
35027
656721
12923
349904
464803
46778
477093
716447
455741
901630
178035
5021
540755
945481
290299
772600
341151
562342
629441
942284
734996
992740
730610
18065
28070
539030
945529
559029
186291
766324
434434
28741
471308
807006
791881
230212
896996
660929
325342
774046
253589
768210
242999
126774
523785
204536
581745
918492
920331
563398
912293
195866
887978
601766
569379
46189
479943
539793
263374
16209
676668
680378
927188
401269
662377
610122
825991
184654
226780
590150
673693
900488
881948
482894
282305
974359
643731
997183
530323
821675
524181
571511
187843
812673
561553
303416
399493
345174
595987
586405
546417
520118
263347
356266
313659
761587
308510
386553
705290
702386
551486
656431
34230
405088
862921
685141
89891
585730
312675
784193
280245
395881
789425
252253
738095
803459
838459
874815
177131
601358
576509
856760
277816
241064
518347
129065
452107
180099
866206
641294
266340
900788
324031
996510
340159
878186
217806
117643
65842
891067
420399
980452
444137
896410
902866
969819
465788
226725
674590
297440
711018
758619
477882
814507
778037
945963
411575
993241
563993
955047
700189
577134
666666
455960
495569
785913
858633
741866
160352
972565
839938
30984
733674
999243
290694
653955
581613
491605
676800
905387
545005
650494
247509
818688
891518
542629
206781
705986
560302
841248
953593
584741
69137
975036
19696
893857
750953
220771
625386
539109
487794
746007
182056
340011
140488
538842
918813
465959
470518
218224
228557
793241
20956
812860
899329
152706
897212
136007
493732
303923
292577
331680
330302
529856
661164
372765
201226
16596
408380
760895
946741
866718
241081
636852
261366
31529
160894
82165
323588
1802
992992
327952
269945
314802
561887
100992
398145
876515
450921
829432
717950
886848
201029
325055
762876
278717
904546
447092
830860
656693
830077
663347
678143
13978
513833
773968
741441
933510
884542
638720
932431
996337
102688
381208
27094
2108
525867
133613
239850
286249
497848
119193
416095
932974
157775
916447
556488
39134
435753
759654
424969
984711
693408
162786
348059
212379
79541
85904
675100
442054
109438
503391
483985
940894
939498
708652
566201
457721
460402
312230
153678
390360
36318
489297
470107
12864
270641
937638
827125
282281
924467
353559
44759
726608
609497
138543
862174
754599
585746
64344
751517
656557
325616
2806
475294
915480
870065
357425
569526
163757
677098
528465
62148
436530
972367
294786
309254
766716
202401
735990
417047
11234
801204
484713
795721
869074
151324
814016
536603
44673
762676
522891
924823
569150
128970
676778
369995
598304
981674
951819
219233
166174
524934
872721
684957
18685
441471
315088
109875
290468
594834
324725
122051
750731
498530
785667
854898
856338
229342
844664
423974
99182
937230
347726
329565
566590
283775
349213
858411
351100
477001
334109
930894
23310
947386
569674
764527
858748
273825
202848
87480
90813
241336
744518
292492
294314
791087
760391
636967
725908
941969
183611
190548
12337
757653
243588
479557
404657
699012
248564
525842
900015
5889
316044
325649
760514
836282
496863
451854
390516
992170
315350
8551
30794
397064
410956
33543
689026
165583
802777
651645
186715
126443
590572
482424
741262
674493
955282
917089
945946
733259
985043
376533
255805
348935
661435
535678
892798
538682
962806
666829
214503
567629
892373
892821
491473
321268
156973
426375
10199
675128
905822
16262
734317
999007
565553
842790
469641
534137
935451
112838
566399
798922
610078
863943
98794
5391
695759
166568
133446
774959
904690
266048
354907
60927
551233
967959
680788
22578
679372
963040
406510
405276
861818
45207
643084
11809
442221
922035
873319
575806
520580
750729
161698
713267
885370
842109
952187
329100
114155
207461
556190
579083
509111
668732
289428
87028
775423
331071
903768
171061
229389
256999
706186
424431
826192
559940
60861
250085
709828
500531
218987
475712
135024
263484
306056
28668
863113
376138
303795
921587
383732
434567
541449
329988
154281
192020
297556
197856
7859
797218
78049
147825
289107
549104
71471
280550
313861
341281
849795
947935
756442
124409
528345
245618
421508
302196
108980
11544
512304
55555
32471
507768
507790
925988
110732
641613
291628
909788
647137
473974
901248
872980
883699
6682
328388
652749
599778
498549
297596
138754
693156
773316
677203
70361
575349
243977
301539
5637
191724
535099
656212
199483
782953
199630
606364
102606
463339
376730
779684
802601
99390
99755
173067
695017
870929
762660
678467
981909
907685
787536
189849
436666
850210
551751
569299
570599
432580
74169
191218
40066
845362
784282
86743
531974
96367
693482
185730
585946
646505
650271
863029
718606
121391
761970
3191
832052
234816
788803
420660
116441
341503
987114
188226
842655
111682
308315
310206
654264
850697
980853
532501
85953
308555
260071
342815
200121
619948
887871
962597
909148
166220
760209
897859
370848
613241
352000
650601
633611
482500
56172
908091
933935
941745
854328
275480
36739
664904
748342
404408
896160
572552
231538
865391
62485
743291
595992
247374
778663
425253
402371
959016
463144
378646
206050
140850
465650
179167
7817
30980
958529
152929
285906
884284
278826
197697
171437
132226
506364
832503
89099
346085
232882
709318
447203
862756
733585
297606
190304
75722
715492
921949
451623
217392
616082
273164
216648
637478
900121
495077
623104
62445
450217
174362
206121
38555
714399
6833
498111
736865
743836
367957
330191
886762
235330
371398
918142
455129
633483
415343
715827
31541
698245
978200
718370
753505
780526
36018
685750
369860
221544
703696
565338
488519
224408
110901
524645
805436
779361
424328
440672
910940
876920
755492
678708
15145
801444
394060
417909
754610
857429
200187
347333
772469
396382
120282
614438
31518
588495
70987
780384
889582
508723
389794
311947
854775
972835
465012
39290
182659
360005
166471
951300
453589
532901
837929
838256
743815
985197
383260
969788
134162
106564
543086
899274
276076
673409
324328
926248
807820
465227
186204
342522
275465
482511
99361
393542
642592
642908
130716
594780
47892
534238
740660
627936
319536
848373
546983
27574
59048
213105
307131
78664
138718
179692
787596
746486
369856
240004
952708
364635
464142
343476
852458
996281
27257
718159
955217
836992
942119
918872
739248
13696
657556
80256
41874
658600
320786
614397
543268
510202
259248
440771
858604
464461
518969
170145
642265
8062
372692
228219
347957
630004
644105
325600
496822
662863
251555
988743
816564
653933
216944
344363
573622
939480
193445
391680
477605
119247
904542
18320
795234
500912
489220
507639
494515
228287
646024
625911
696344
194069
80203
624825
22268
185575
477152
420769
514951
35762
947177
645004
887824
574400
287838
213737
22832
169818
811564
122737
493874
563211
938489
168132
165926
354252
532230
235554
115029
552849
983342
480258
600782
984623
861579
789266
955487
709480
491448
713612
220575
692629
837488
191666
682088
211438
761045
588454
604963
869369
934989
658152
244156
382413
572295
566316
487732
777026
379676
176471
484948
835576
939536
265750
434303
988160
936759
667227
521377
673194
212276
157045
62724
585643
498397
965579
655873
987179
773754
147637
882771
821929
369068
927544
626695
943820
106475
431643
30479
257479
574888
300202
811703
290599
294801
745927
185711
213820
477683
186919
555078
115170
416697
829232
714744
168555
33298
912238
231198
6250
602353
98284
628035
529246
791470
462773
915671
497658
486538
519527
490237
583821
850895
167792
516159
565203
106326
412136
839521
392215
242722
900043
565203
573507
139114
265681
12799
353158
331124
915052
201539
174304
587869
468702
296633
800205
548213
767092
277105
442636
739079
692194
953216
448650
411510
593980
676466
276080
89218
587343
323098
239238
67882
609242
472651
115714
104172
706412
733471
618801
100264
935579
779828
296577
538659
879838
686967
768425
210086
25352
944024
330229
484102
987426
314973
822577
120831
311651
632018
592753
829242
271182
795486
692156
407534
469160
108530
658323
204898
967317
155418
598497
969232
477583
579382
839808
803110
281601
974530
883877
631270
609670
727312
95146
618221
116985
576600
799287
401488
158072
423974
675403
798114
814010
895857
932140
248274
394122
206092
801833
244657
775648
623669
138185
166994
509210
916747
805010
950410
716124
511581
816567
55767
828033
153118
253791
263389
685628
792436
111694
812363
165008
166959
290674
520733
913960
399063
346380
72314
553875
119070
471865
207997
213344
185396
898013
982609
610899
818554
100075
474165
366145
388494
268818
373215
50125
484997
649031
115453
519679
829366
962923
563990
236030
322739
118362
930511
57450
249043
982288
612234
175960
583083
591991
926121
10027
424539
361361
706416
163147
932036
670398
267592
793861
694807
346795
906144
108799
339913
712023
476462
265238
130467
135939
131668
211350
68597
850550
138269
86485
515690
784682
786086
272620
654391
530070
107737
74643
720749
33049
350549
760024
754031
96640
23466
399484
803581
258868
281216
947946
738030
335747
170455
416085
486460
581513
224488
36205
338745
981626
676651
340221
213216
194255
260338
935972
273479
576267
928050
844077
772592
947177
400034
982670
51070
368740
372925
521210
577476
507810
864609
742243
230009
618430
692057
742031
778824
899313
499256
865814
607620
776284
739868
923318
140089
914548
356690
877842
842461
259978
270552
321357
126822
847798
761469
209215
245109
676127
596197
402067
696240
24298
797737
67069
876333
898557
689499
565210
567177
584751
15847
594021
346201
59214
931668
966803
933304
269132
70378
21517
656256
149382
788590
996232
292052
744626
873097
588482
23065
439589
326919
700058
36740
696127
80762
573004
885902
594356
262207
534921
295493
332471
470168
998383
56700
150085
426873
564778
725987
531083
236126
403558
184049
940852
456217
938992
407549
527123
332586
984680
232108
744874
155398
799781
429125
485909
289146
906725
172065
204054
396585
734063
924350
556542
266673
792584
692850
71156
190188
736333
535676
424421
67218
258355
655478
645448
389756
194905
692646
117132
849731
249415
678645
116065
931143
281798
178103
264608
788940
940251
920744
757784
510718
120609
469432
385526
139541
680834
560445
932880
641299
546962
255944
146894
195051
634760
242386
934453
805820
999065
222356
98129
135098
915635
147637
108927
578798
644435
894942
815316
552404
213891
592362
979310
908322
529588
31481
488725
809640
417715
570787
592141
311826
706123
796938
917562
532747
809912
316361
229168
700988
193731
967241
301271
629938
120767
292914
793079
227806
732382
963773
134630
603189
818352
583016
186827
857976
362938
863299
828238
222862
869999
39784
972126
948557
258894
378312
176542
835479
431383
818207
335277
635233
949739
937481
482512
139343
148031
780527
86847
110203
319612
31193
708041
480085
523255
705000
99812
261476
388936
281051
758549
628011
534857
807246
269304
673958
564461
36484
793197
437683
129466
866713
305119
171598
272164
747802
505586
404789
517064
819440
431880
419306
980865
515703
246448
297623
632235
810220
835885
751243
294898
227077
19230
301475
576405
901851
560398
527556
41661
702531
926490
654276
54004
799482
491707
615848
228292
515518
354416
998152
176365
428921
222345
34639
601089
656792
429393
857951
313376
232955
199257
925905
669580
997125
107869
307674
769576
526290
558102
129993
717714
494408
279323
940524
881369
67527
150773
732498
541597
146746
978430
89708
473986
544207
802804
527885
140752
551171
396831
875921
558123
22678
839069
563993
386026
815326
546119
161012
642197
137144
701378
178905
805632
128857
135844
748624
680574
529218
881728
342577
777220
308562
771088
733829
484764
473333
573502
518729
588162
761338
443855
255440
484703
800003
117548
459464
414111
540885
976911
556309
328177
714128
230982
518425
372251
547640
276391
561173
765879
48945
518545
897769
606029
501898
914010
348791
246606
577776
115290
540646
618603
976707
914899
511746
113424
435397
749947
235329
484481
542638
736552
164257
684303
287582
344856
138604
551286
532650
642713
72285
957590
560535
375899
321821
431244
140517
387024
296038
320621
336962
585469
511305
989535
83552
235489
597770
126739
547232
801470
746409
633122
483309
676232
848188
634499
589926
207913
781175
847015
764275
880815
290894
214897
402681
559699
540913
191765
861544
778407
653558
678540
702001
969755
360085
126257
483733
757931
7244
748348
593689
455977
943843
760856
42710
523810
978570
228642
318188
492656
279006
113792
705111
666780
13706
324060
151834
403949
666826
626172
809367
859154
23307
626560
767872
768679
227503
861879
658728
646439
830956
737885
816691
10863
459540
877237
99692
978667
685167
92351
363893
904991
698116
979031
410585
328468
736695
376874
694398
684573
738252
549909
52982
375684
114505
343900
702132
311190
239994
14915
498779
59848
409870
726668
394162
225477
521567
6542
16564
248725
174223
813359
810628
175467
180686
458366
328446
831947
746935
755439
280041
926870
376538
658548
558472
671987
877333
523188
90192
247964
954715
55786
589939
471874
137622
865245
927963
412062
556777
745463
153330
516758
532366
915077
997086
421256
910751
112394
279882
96501
842288
70720
396064
777357
836057
827884
393043
981139
248977
207325
439000
573804
896053
61889
455540
772618
180009
812003
492976
880240
320597
835717
615210
201697
111889
832149
27654
751529
75227
232080
207489
59911
715077
411184
492069
828981
419948
38227
255257
480854
162658
564650
679056
247995
696749
794266
919074
474898
474665
968178
636343
574956
485128
682697
197279
149225
271930
727924
119552
981955
235048
278306
392295
137715
741593
126996
140159
700035
970359
181051
433055
181938
70892
56815
308477
409149
265319
579210
486912
603728
615035
21215
454196
100681
401574
627418
562391
199141
348206
477430
979280
657993
724327
702933
953983
916399
173970
538751
529071
213611
560544
6201
55272
548057
600916
897793
986338
802469
754310
344165
172563
337783
981827
799933
134889
390009
353682
262603
648916
132934
945938
41325
531962
350832
8703
474940
49102
789614
352339
501893
844795
830753
392264
951458
91066
752193
567740
905588
251715
605288
358638
360446
987935
883067
758757
536161
932572
340273
723888
534768
213658
965441
846856
841839
196355
492
38993
635245
25432
762916
835711
928379
501478
536984
280598
694408
904471
376989
243274
775898
306468
46778
78276
271083
843432
386000
261190
143838
254416
643620
977509
308700
251759
682123
919285
660496
447342
695089
662148
40251
921505
717893
422332
811188
258804
276868
344044
521280
975108
202721
146592
617674
858314
7694
180204
629247
566002
693162
83656
682568
145482
356167
945173
750629
937301
320406
511486
505123
473152
13618
765881
3257
536748
328454
284973
558917
255082
580315
412846
352670
977797
406465
221091
492373
994936
218073
657417
983437
842368
732222
43920
805940
305484
307790
276131
755549
957266
914904
880773
933244
636411
674084
774935
190013
715966
50969
348534
349569
345035
736911
28161
684342
289949
881586
787512
117009
634738
696591
968960
727979
829271
608702
593091
165365
183068
898156
418740
127834
431592
884804
171312
475568
480869
875962
815616
26585
171739
603060
331643
310780
320603
874581
192136
733979
825169
386662
14657
669010
524989
591651
129844
147435
656187
356640
760643
125728
405758
406358
91947
675182
161179
703374
296865
868690
509249
915305
3032
681507
553863
97994
514208
268299
534558
422752
192488
339491
65702
912851
198692
754858
365660
231434
761865
226338
562352
437783
343477
691272
352820
464768
349357
768430
429297
558699
470334
2358
186644
461477
690948
691053
703878
184079
685321
837249
956185
963493
727045
645025
650013
847980
462020
898800
898899
804600
330789
522021
508025
894679
917310
325057
645572
399325
748765
814702
778092
812877
605545
126897
969761
557473
713512
60684
960411
290615
333466
369075
917199
81624
37378
54888
642877
391781
326148
228021
124198
537376
926185
966278
805596
252308
222912
11360
198833
799459
885344
967490
174993
387050
947592
775190
757932
929042
622311
75028
649611
427894
500727
19252
420548
504684
826051
524237
713417
186098
671434
259663
28250
50359
743996
599322
839387
524547
858337
146232
157120
438083
193817
397246
735972
10293
928254
944826
755513
919276
300837
616729
338970
544704
846596
56216
688509
823638
346477
503205
159172
163528
152568
753490
440498
309808
529984
879732
256250
969174
731523
285470
6451
839476
81581
897013
871401
845282
799022
962096
272397
182946
705095
546671
47308
988938
892133
676596
240956
856266
596516
217794
256371
389017
386484
248144
854322
627841
791321
214122
212159
529475
498764
8165
989136
909800
330815
917757
857955
494181
554622
286029
550379
169833
47025
789289
348964
492999
22782
774235
114824
787515
233739
800441
423514
760155
563297
179424
955679
806171
485420
259023
638636
540733
600031
382946
210523
470227
282484
389672
480279
930354
150481
183588
815063
687925
326086
832093
336040
778667
155187
117410
711842
370782
627143
946654
292924
896641
58595
584019
470204
361461
444188
409783
16134
894392
345567
902632
499670
499882
322031
620364
33289
712189
879883
90185
549845
386425
81643
962974
572954
137706
97256
865372
271120
291687
597819
682949
530207
372095
788893
483391
430349
377857
759182
898165
298065
245096
181106
21579
576455
248673
761429
397243
877885
188155
561423
808657
413674
736874
428099
19839
425406
246392
572225
205662
970005
239945
328780
628162
659781
69641
535733
304056
48406
924788
869478
305886
629201
93633
873531
743199
939889
27244
277642
683147
873654
533023
598723
713679
348185
450428
180019
165461
669082
308618
99491
199931
649781
660089
447389
137128
991155
559699
78350
43409
624028
69249
290311
39687
345546
265592
391517
744762
383000
899518
910961
450766
914042
128157
105162
605336
426727
491362
358110
887221
767088
563730
375920
717831
136948
595819
276947
715725
649388
307218
876748
857502
123042
35102
299157
738690
350335
978495
321086
68717
523265
117772
201519
273817
207691
871081
966280
273790
761942
330513
817897
956657
263622
541190
481229
710231
254743
696850
228177
252868
673590
64632
432531
459764
45484
924156
393397
741412
58933
624780
878017
351310
312431
264074
140391
926208
793070
894519
32609
876632
253356
474813
775607
581214
297310
196313
263710
988734
815777
999267
941628
327648
768659
225083
716487
974374
291967
518866
803531
837889
850672
339474
906122
134064
431078
363179
487805
156183
315622
567547
733817
478264
426220
687705
776877
999440
845244
309183
902856
344528
952087
737553
922807
111414
92360
648782
888396
51528
573981
744914
483642
663213
638643
54789
635901
679848
891499
87332
775126
730097
907385
971626
725172
369266
946843
420250
242543
268379
603046
764652
201389
624482
328187
897426
157159
214171
597529
515045
952774
953711
338892
699057
484455
925244
848324
470233
298238
871817
459904
834409
157590
905892
361833
724150
86134
162266
392699
482164
940895
657939
948446
128212
537843
342791
207891
865751
21552
995105
638538
680180
706841
903854
951440
238754
640117
175618
481445
124099
498481
165992
705196
159597
179744
307011
992955
178773
969507
53317
149970
956250
971620
8523
671721
939436
97596
955540
469538
821271
175605
628125
387614
511984
238889
855450
611947
751514
55817
414930
752219
569781
60026
659416
383408
335141
31897
193313
789555
456890
868127
892487
16804
803713
159840
310105
756939
562918
215405
932444
827821
738756
429402
886243
162586
328203
202522
139014
694563
486029
138054
339330
677994
915109
497468
983021
514130
910788
464548
99732
639316
503065
266702
387251
966707
229213
59959
211856
381000
560568
930987
877044
618487
552211
878468
680967
564482
148091
477776
465095
338556
415854
713169
355876
209557
950150
475614
604412
825300
755135
226534
420974
946212
357159
845780
245917
199429
736801
820559
269571
545251
621397
368665
378671
855044
996920
662295
484060
912090
211443
771631
738224
845176
828402
302989
239310
963042
958156
28865
824536
242813
293898
415874
331268
768613
417686
299798
290329
188445
880194
560969
189063
892193
176177
101146
76385
652120
126886
990134
857144
133541
261671
605404
292821
876637
446477
456031
73938
393363
278507
635658
602517
813902
98265
583261
650154
383452
19996
543734
606717
630400
383795
354187
709233
572998
922432
468180
356575
51640
445714
594117
478126
824041
498251
78009
521803
42414
627955
235818
804229
20204
36440
536925
721544
289805
604767
264603
108724
371085
456620
17497
149466
874800
310889
943481
415699
430934
517943
330281
713468
764710
261935
678570
628305
407784
424019
728683
763621
705903
163415
764755
103227
775411
526661
524062
233861
11389
446865
488223
463798
577147
312441
862563
801286
255667
537176
712502
939394
235605
348105
777343
325069
152809
108722
780294
790775
786151
296436
110166
196471
112997
831789
925118
882376
690347
378216
421873
697758
388642
623714
521805
45252
693227
758394
359865
598868
354381
984052
389095
373138
4166
265577
821369
324709
739138
35215
961536
742194
188201
473697
781471
958230
904531
226923
115598
988352
286423
856884
942906
693674
912065
411463
463178
733042
583713
610912
141821
604249
197184
510064
2607
105879
184046
50957
462330
640856
991991
216953
12025
108695
121908
913869
756392
691798
368893
54723
197671
221175
952764
334365
916638
230394
78045
177140
489082
171156
296865
931680
567508
236008
998354
13057
542195
940324
275473
263976
836264
212411
474763
117798
532760
62330
782410
987118
306198
545097
496743
766633
432110
924865
765406
993111
759231
881316
395194
287900
693056
640189
436527
327727
486435
82645
92742
903066
286870
595535
282803
815726
638374
641441
496898
970951
930750
350831
659120
22712
119950
851206
423062
402066
638023
383025
973504
730646
834498
712700
304668
53685
286976
617795
956430
308159
681804
659445
61152
40624
549117
41963
638359
513172
144728
221407
451617
713363
393618
631434
796074
136413
917106
328542
89549
28786
374741
368733
861671
717774
604491
589140
665096
183472
522527
285176
576771
373958
636981
327387
659557
758391
926731
574283
987778
742924
672482
533640
654571
304636
709750
7199
956795
243602
319656
542951
778001
228733
280829
917591
312024
738036
122239
689283
216897
791300
107137
434033
459858
582647
46848
926620
195864
184675
517285
847492
898808
160012
344360
772144
65508
499319
519246
285634
24169
418188
340050
373493
445796
247206
17698
902261
742356
533883
379520
882394
996747
981283
143625
868611
57087
460486
5203
186443
324989
166631
124463
167147
464317
450503
520589
734764
249232
454647
541247
250502
501046
986302
514198
125658
834252
220194
239529
84873
162274
613975
898676
445999
894955
884289
564316
528320
764045
324136
649616
849853
905945
175223
394316
128402
894165
262641
535095
928207
350388
857073
682988
394305
984231
285916
584854
779117
960844
483301
364021
134440
252613
485436
728509
964502
483108
757268
768733
105469
132482
851727
351517
123653
564655
580937
557856
640014
805059
499262
353865
19310
922003
367897
543482
147589
870015
292058
993592
817471
802537
991522
173227
703910
915648
765470
233281
150626
50042
730446
141297
579790
537568
808689
814685
712311
449603
9359
554512
166323
630092
974946
897319
203932
538929
5922
380685
248808
388
522412
792351
676198
944741
820622
313326
792343
397656
914161
736738
880551
6193
937316
707195
633606
271212
826753
431539
726440
725913
616574
147456
935957
857076
787282
506869
569261
846803
45441
956936
996540
89848
997830
945326
387062
905030
328412
657187
683087
13073
166762
926534
119161
914510
710729
282720
402043
123369
854067
802565
789483
582390
862665
517907
401224
608575
601920
173591
308342
526715
73258
396944
125910
543840
228509
50443
644481
357072
364930
435053
814242
695726
152572
179087
58989
275284
939762
731075
685632
971165
723899
127990
371860
689565
721381
949422
533408
697904
749858
427442
895306
15536
789968
309576
149130
508736
222371
803993
748254
545669
77106
391537
643364
864245
262362
612131
149271
650119
812819
163593
47016
757898
878093
762601
356024
556242
453318
794932
564976
92236
42283
439528
759998
723699
904872
471253
803884
476955
421006
597436
935518
765547
278688
128978
829992
467368
55226
541349
305994
474412
172447
344534
304649
28917
692765
191876
378027
853401
717151
631881
306062
720855
44815
366686
178021
8650
193382
871258
802320
960119
304977
275607
458263
802309
610881
378997
92292
957900
126544
181048
142874
594501
903563
943181
877877
308322
442400
556778
399999
669303
793445
765523
653132
304981
552962
327352
889107
194808
844285
671483
465866
266390
730464
896272
213597
469847
6601
172990
832458
897508
335502
847042
154396
591449
351626
505874
110785
97940
415241
632575
510090
633839
662860
724083
573824
852874
977913
587034
349149
702017
707874
109854
464430
894909
615152
363658
537795
273446
978156
810000
887183
941110
42793
690982
632355
829481
257874
824394
931074
233488
118028
487143
920608
104901
196935
847376
218556
921785
966246
54953
677847
834985
964744
252772
957775
936304
290035
997929
36765
103925
470173
174479
530536
550212
838678
584071
501763
840123
273557
540633
938634
732187
181085
848006
840788
674942
170571
220107
155477
898023
897279
310407
723667
713909
309925
338420
455747
737458
684127
298769
194752
410312
176209
14944
150951
536787
535944
564939
694033
751122
442183
49506
796462
612022
770992
377791
416954
641437
354380
633227
601375
494808
196087
456665
987943
251624
910507
289200
917148
441544
658727
390182
306879
501668
165883
859943
246049
303399
300403
273365
733857
214578
875229
703562
247490
169768
801721
76664
547303
993766
43197
118898
324974
948112
426050
635395
404647
370055
362254
429500
214640
308662
239999
626700
418862
523660
426640
123847
444394
913860
595339
660745
150789
347167
683275
766772
204825
812404
620653
44116
345838
233181
566355
284580
546198
234067
229780
205098
208230
648724
485123
790845
772881
977152
1115
684583
8802
688196
585220
686437
459542
507309
681732
39243
686291
136862
780485
800836
49673
151069
460350
400439
964580
611079
783169
835206
540523
598820
598625
743600
559032
892437
601406
236822
539988
956458
662831
10651
996270
923088
289034
211364
972920
281191
448787
858623
776415
443506
944510
669856
584421
779240
848866
600262
966812
494695
527485
378108
141185
109960
376094
551035
707698
483853
718195
593644
648589
577015
170671
657996
853223
291125
21975
487465
63462
111990
767530
501641
928060
269663
102571
461161
578944
895193
367564
905763
156714
373121
37433
