2788
958085
789882
742005
501328
16321
28459
608843
203478
616186
285780
275935
651659
23506
684948
554954
723444
74359
6827
947362
704202
146641
976521
851261
228882
116373
992816
278164
664218
543415
106504
944196
874193
818812
583423
898285
654531
436461
125146
255229
341809
957607
977117
657351
662985
643280
264723
489613
829127
252644
819195
593309
162600
106669
80143
288726
946054
582481
302514
257804
844949
724613
434613
839553
114872
758240
722949
275476
767361
641994
567797
513398
96068
507219
690788
182294
207958
801376
453323
968607
566311
795328
429669
121303
540473
82204
556923
46952
253180
387213
37195
945020
32264
406600
128404
965825
933750
944884
642177
923148
811356
96348
248368
927001
598243
371392
215517
119281
503302
555526
742576
787236
200040
340238
617631
148854
986066
535843
118977
948694
874697
189133
59313
266505
152840
478275
339419
45862
758943
194109
860902
600762
641448
530600
954046
125067
639713
499443
480060
229306
52075
817927
450357
776450
444254
459091
531996
126813
489031
892869
215316
371717
129791
844564
252567
637144
437225
618042
48892
55380
276999
490367
471400
86018
223161
595185
969428
215344
255252
773872
555702
703830
181403
210277
611023
703834
982173
973651
10576
730159
949418
450310
949354
993496
547955
509479
834993
168907
986109
689329
169387
16624
589826
147198
729659
403657
753380
978107
101093
315819
965647
75707
973565
720298
487530
271719
400113
813651
953401
617042
587759
392978
880338
139754
675252
28660
948665
38346
825075
393991
755099
778157
855390
687518
398563
823550
944211
363697
24061
633355
859494
482593
322661
419607
385991
513624
930027
728782
638928
198671
659013
651219
990830
89193
740816
107765
204265
348157
14437
774593
722833
87409
837524
32817
346439
51649
119744
694210
404389
405663
163159
828643
63243
324981
949099
802441
706247
803590
735218
536480
539040
778354
651607
796891
161087
421016
582202
215468
206267
476693
877067
507216
89215
865451
231166
956290
921114
252798
28395
640079
220643
268600
102150
885129
84359
500619
717686
285141
592305
516182
883348
595872
141140
657889
174145
217710
57944
142467
226660
453842
803039
86371
942527
531578
275058
818203
353965
853602
899917
781240
718970
363625
73475
999774
871710
769153
483215
446857
203032
435199
212729
246382
84836
144658
91937
93567
820248
202448
209836
670478
759201
81964
676872
368585
303892
843652
884829
852515
494579
666519
955217
137300
756735
171348
456184
272822
238452
277837
964311
541200
174310
159050
101907
916784
758518
275194
49979
740913
288561
483205
113519
612829
35461
844477
632555
836715
654560
242226
135220
552681
77351
126692
175773
230325
999823
197779
858934
593637
104412
625779
976466
269127
746548
124028
166580
824834
400863
739997
815062
156315
129630
767952
576405
603796
52068
879305
962108
523438
887605
826184
817707
849680
378458
681678
118179
771264
628094
198380
864881
684877
665833
109238
182901
49871
252502
151959
265359
336838
604338
917374
668325
32352
70516
294646
580242
189335
849107
122836
295598
125174
835689
268937
574198
659067
442018
288471
612888
818904
457120
333025
703966
921748
530927
753178
804660
585935
609632
391648
37655
937890
917700
868321
115804
555812
626247
181435
865819
699850
144358
987106
836470
90214
573198
389818
456521
360144
127251
881797
910000
450530
860873
551094
718767
848284
917059
572290
608936
571174
724634
658434
928569
839080
200715
515633
695629
478314
863843
940898
427217
179504
534456
17544
523171
662713
280607
733593
112946
192063
389788
259486
37185
528589
352689
902490
712203
872312
589079
67220
927169
825147
917131
973187
575663
618291
90175
821270
999036
205427
680881
711069
403856
167301
891481
606935
680272
414654
918332
884313
696388
540413
809950
798487
577946
248576
314964
152786
243780
609186
153975
933022
255036
10165
874421
591439
295207
740984
879297
208383
350359
977525
129899
697343
551467
983418
127754
620184
699217
803825
529429
936252
86124
604190
250769
225870
220560
591605
445541
212171
740714
313622
883529
632979
278781
742694
321309
647896
805895
254731
62486
170594
238018
824067
270355
811260
300998
975586
988301
264063
919884
202918
440173
55480
37197
856184
197112
947385
292040
137602
137509
356985
11491
98855
416976
273768
183977
266788
872455
234708
863858
711553
234688
178737
951456
545459
312685
651336
164037
82833
927336
202943
439586
321969
482249
769601
504523
294047
257623
975369
548326
634617
147739
674832
690130
885546
380816
491793
739428
827841
757686
435957
967820
919661
425734
710881
351702
682391
323391
487832
775436
392156
675615
856845
291898
62886
695277
121801
970058
218854
390643
200949
901197
21231
176778
672325
762266
975794
32781
274817
391889
185170
257327
451505
96569
442467
463977
296805
473735
481156
566155
121694
854656
136086
494580
891228
860021
449112
806493
490821
575085
566433
324687
35247
429665
577465
275829
438602
11681
586132
888652
493421
531668
201451
890614
486587
384092
357752
111086
580402
833304
694863
57303
529936
89283
676756
415085
385634
364666
470365
138204
113002
806362
788005
6511
906732
286856
357353
84257
106453
292618
976290
844816
753289
605522
152736
797775
50888
23259
84224
873306
265723
983788
118986
240933
417889
584442
767337
391821
710417
135531
649671
292400
982827
954676
963461
498456
545823
891363
233684
279698
901913
42681
53299
734621
473672
982191
148037
260734
154186
845529
278926
969392
146358
195752
995530
845689
427077
619914
479850
631640
435165
957292
943724
197723
906492
414687
398549
132301
191037
112216
806158
825995
556874
203282
218520
60344
417503
665230
687726
711814
911478
776378
573110
491381
534805
99120
380451
795801
864432
522197
763178
66515
592379
101090
751070
64418
901265
18815
454698
530642
164154
672907
307243
531858
695708
27833
977448
479075
735105
242132
945966
4973
364801
515810
928012
820140
611660
768167
118056
950919
505366
262529
700157
934977
325663
110384
384434
505416
198814
179704
477207
335723
621642
967263
404158
341929
101252
421393
406900
529636
590372
680740
544795
953013
492510
382005
476261
37529
436432
318193
327727
318472
532652
267952
976632
475494
573053
108795
683580
761619
274199
903214
178097
871197
936736
290617
129373
454933
601972
76864
384978
662463
849594
911011
633992
480162
239041
190744
688853
338624
263701
494067
144779
611168
385636
958343
16878
793735
4040
960423
26896
478853
282609
191750
444363
511339
643312
319292
511003
625178
93218
462761
743829
379702
705591
188660
44360
622394
248478
487277
740335
244326
390095
221393
391887
178899
425140
914731
265587
743654
475381
919447
385410
556323
554463
899874
921018
434137
945008
5389
397131
421947
343169
960368
956242
325455
462608
178748
66928
175807
716713
493849
781319
395789
437425
116846
341137
482020
377871
289918
103516
80585
871415
34095
455398
226608
178133
431207
437777
114539
949650
850703
143554
90494
514629
695865
457628
937165
256505
50078
469077
480182
332951
409664
180273
149244
748400
59246
668259
324568
563817
948518
654973
562740
365060
301524
800719
10930
379399
305849
472164
266982
338123
530535
717461
789157
209890
227497
985480
465397
386662
609663
456713
661283
954266
844742
221699
170868
538624
621686
399386
530739
164791
267526
934632
906473
30605
799082
910227
938667
184745
118140
809096
848205
791246
765817
828054
493493
460365
993122
939753
652874
99530
382594
618657
713994
755048
155280
937102
577339
226580
662506
468234
126585
916203
633601
17012
559150
491657
180948
977476
805664
815983
528469
73360
189221
367440
774055
22170
956401
592120
743625
891539
781904
532954
993612
137201
756783
691252
396544
777896
716692
101665
679213
363911
703342
519867
182653
610674
940230
339114
216567
981048
16917
819662
834726
236560
122160
572997
837784
643317
524575
199705
605890
981851
799307
563081
232449
464524
577941
890482
209979
839332
240131
555738
321252
291045
482197
610841
654365
524280
467254
35237
47286
454465
984398
509560
257684
382493
687220
546656
870062
370171
658113
348707
164337
566804
391488
812044
2628
879752
189633
389590
262437
57175
814156
718132
861938
133112
11635
700027
136196
86425
533697
816685
615606
171188
207374
78563
420483
446987
448948
289622
391821
167552
888220
370250
139322
752915
620657
558231
117561
962808
451703
830805
750435
504468
992820
137827
985852
150100
402700
252564
726104
490026
755371
240247
230874
937445
358811
89026
280408
150764
261813
493531
597467
653336
830900
80450
149506
564331
896741
356381
202117
432560
990714
858209
260311
399407
828414
836379
829733
126541
7524
840089
666492
606846
234104
21879
889351
332841
505206
83465
934645
521239
710521
511970
708409
492310
736844
879231
136491
163696
255709
978515
605004
901763
770512
668976
791527
991293
609583
957071
273426
802934
857790
363388
494996
144810
540908
420321
148960
42449
430630
573740
361984
58269
548678
380896
669581
656912
64618
339510
611802
123191
261023
130093
932977
545350
925307
650485
783029
59473
821513
817524
353511
594021
160927
734450
19332
275457
683724
783208
725706
71284
996078
150560
391323
423444
230432
15304
715643
813016
524624
257497
827764
200147
211502
970655
530457
71054
309696
139492
41127
192256
815314
944061
25094
303020
588939
857840
407087
702295
925467
350336
808297
713765
668433
553239
351404
485904
956809
389392
894630
441795
793539
578910
672603
744601
135822
893340
130023
283245
213090
398001
833951
875037
601358
91295
628054
410144
10502
391593
1467
715649
390430
154015
447264
823800
568404
696263
300181
564643
847751
991082
650611
152038
117766
851704
973109
29660
962628
141592
866560
269240
340135
96720
338371
162173
351807
210766
570617
4246
211924
356497
350091
426771
233560
562103
760403
676352
139003
303267
837308
256292
79773
96522
239877
212179
489247
71067
586916
860976
26322
619337
494983
276931
570001
531574
737141
256179
641579
437501
651987
739680
799736
557596
508803
831839
401869
499901
81895
973011
947466
981471
241539
492068
247440
998821
460865
789151
390160
920123
804238
494570
199423
87393
135137
247586
203685
380502
282971
252435
751317
574689
896649
403603
804727
305022
296903
375355
89537
929188
993152
144707
493252
289071
478672
565753
43299
540399
250314
923294
44574
664524
120981
219293
876940
102420
474993
843753
768167
258723
300248
594994
323265
883694
249727
57539
918549
45164
638075
827067
752440
744481
911809
863845
698543
857544
665222
809079
259738
887004
723973
661028
657229
115715
739551
25630
685439
276696
50076
459371
694107
134419
382607
796003
562804
117463
333080
789380
817302
611288
172867
723697
816375
704424
947982
984398
888461
474204
853576
950704
625657
866975
370965
439941
741024
960659
571854
291968
429659
215007
177413
914302
968644
640985
848294
964346
178417
761169
676921
6953
248509
31672
989571
124212
428353
584172
769613
527888
486498
219681
207484
573563
416004
454061
888927
631636
980701
742000
904584
942743
731108
903197
736785
778229
857959
864170
973120
434380
998140
450832
914053
891080
721423
989887
208416
864469
352539
428322
767775
711808
199668
532938
662533
575913
896128
233721
74695
369703
988998
361294
952239
852984
584094
773832
188259
928035
408712
796856
546625
785645
324441
762695
965985
775732
862609
646369
4284
674474
589127
573885
910954
925810
853445
945675
264391
926992
22640
143801
839407
19088
827936
43361
719593
561207
891150
543634
986080
21981
666411
981305
75020
962671
351117
500715
224368
818496
858500
308370
162620
344071
392587
675699
121298
364793
749146
31704
704614
844612
109913
133278
893630
414245
357167
340061
784601
261414
46711
956975
196140
534392
58196
655519
823687
785768
449435
420208
691607
630849
177711
428487
492100
620415
725419
83638
470650
28011
220151
705573
436101
332760
524157
546335
909718
705976
183926
784503
710883
685211
532894
170325
411690
863750
74310
185184
604565
45548
385480
515017
116793
937100
798548
288050
803192
801062
496809
673210
513031
826011
677856
768871
404362
493984
55714
555310
419612
558814
185338
362657
478762
132202
400005
10037
36159
230236
81286
999727
370394
439374
53910
224491
123515
3827
298040
721673
227133
378961
204107
93365
175260
217116
856473
93200
489240
848945
220812
704512
222579
408043
952447
119057
160340
37670
406322
67334
798798
97614
917464
232193
939386
255074
528459
105866
300288
967179
315359
977599
2677
95635
39060
853208
529310
853636
482149
763414
529747
430750
725181
568328
12031
99956
388361
932730
933252
8675
9897
888634
88379
802800
169280
928648
206617
183997
145194
459161
766509
381608
974861
939336
283141
464512
135240
440410
991985
692197
755401
210348
543007
722939
922555
454779
963237
9994
744476
41680
338462
44598
437868
682950
68779
840598
197185
994105
387739
12146
484280
548301
250085
215518
683526
261080
378514
55277
541868
696749
373624
695572
159753
401926
460896
568477
369609
256077
56457
93188
196347
672199
589318
709746
287681
673694
579906
708947
325984
642569
167652
989718
737335
94874
156941
101057
789901
151844
821630
444590
658947
839814
66711
547685
214504
507416
191610
824279
957547
926386
942734
59637
570219
998484
895712
425003
9579
254965
885923
56509
784801
550891
45016
398844
169517
498931
86793
965412
264615
622430
131055
862421
398801
545625
789171
861996
906540
38295
133521
986750
492966
492125
930649
187953
831216
174377
388560
227894
986414
988480
176115
292646
909576
163923
516315
479608
287326
267021
791740
948957
660632
511932
718151
472057
521499
873625
180144
952125
66263
593077
497609
46501
51581
689474
97485
427275
434766
564604
706554
233447
43791
339570
847637
983396
415321
23605
455761
907103
650188
618204
228298
286654
95076
813552
556268
411115
435043
187195
885041
30444
102446
980648
82183
412193
617716
683479
972303
719001
923337
793408
503362
432656
590225
704769
606318
357001
643479
412869
752990
724868
969533
9875
568600
247389
445390
779952
26816
884481
234863
818418
944026
550669
484981
463907
372525
481797
562064
479758
859778
992621
739236
796457
166156
773512
24120
276574
382049
399210
166471
859960
277414
862076
753524
514535
527050
298188
246939
942384
978409
600014
338883
924595
800592
527476
201007
381914
641888
701221
954259
287004
252299
381276
962596
788267
519996
95968
868872
585344
996819
705308
981805
604736
34958
492634
304694
927051
973187
195552
674127
392994
930185
674407
812833
343730
966391
287540
893537
441409
279300
499286
131971
572084
882830
562363
101901
167482
194486
316782
305606
460121
647336
823793
645133
409043
651448
10738
230533
75700
180136
752622
157550
850107
586310
430879
94927
903395
338866
426531
6159
354125
700477
546539
555748
229451
284270
546780
456867
854027
976286
919237
623349
182942
172995
938558
313002
649188
597449
913753
274279
765590
359260
696968
280891
182896
945603
699723
156048
48697
789606
583059
126589
627120
903792
308664
149304
312341
636751
847956
501161
178577
823896
790842
910233
996674
687496
10006
306313
497767
608934
752483
724064
187493
26628
975299
183036
490100
140579
461630
26601
439977
307382
934938
787247
215264
223807
185362
180293
812869
506966
681271
157604
7679
802888
816864
884151
289978
348636
221967
616174
740432
12913
988770
142258
730132
295939
443122
239923
834362
551500
444812
628061
967718
830151
479690
530088
744976
115407
198541
691919
651088
908135
59608
387544
552011
912339
272780
611602
266618
589859
920252
865053
231060
216207
371436
91427
355992
330302
706987
251621
497913
2657
679370
552944
606373
860668
102776
330350
312692
200901
396795
122200
745642
284709
919309
476489
344872
86427
103377
398702
128374
71744
857008
824794
498213
935653
383061
278582
347876
622360
515201
490901
246690
266374
972747
633126
848922
91194
462776
382659
174720
831363
809203
728806
31750
686900
174953
117563
67339
538181
869955
923216
840417
415383
959425
775464
859193
238613
41584
663343
135341
302454
817479
675273
828394
165598
760676
5636
784120
262756
500766
246059
495464
910959
984582
430460
338777
615225
190079
354737
732966
187190
649591
669562
926640
237453
789761
355660
397955
455749
772753
369939
40935
504059
242259
284163
799110
467855
944616
934092
885300
778783
897470
253292
117856
268203
727242
774046
117014
309592
307557
193072
497135
455248
53440
474034
265686
32582
176902
998922
287095
544343
317261
275685
491846
77388
922807
930376
681960
443196
653739
62213
990914
840719
703659
828040
777693
159389
934547
932753
893235
871924
665069
552380
276889
374904
262515
601916
982344
292005
441122
665382
555465
650929
447095
821545
733117
876620
995721
396828
937990
631753
862594
488368
316758
854358
205755
648196
921938
31527
951091
346264
869794
702514
201068
18713
282840
614995
182499
222234
274234
887759
306730
192228
650797
960949
945507
852004
6272
526112
775259
858370
236371
791642
580480
370323
241699
488987
193601
102628
938227
770287
188225
744823
474519
835317
462199
775754
721312
171907
34276
865362
431967
889383
440626
972103
964312
264073
265382
324185
196805
113068
789378
736192
634947
540115
765690
89393
772253
843712
881680
143020
922932
691095
227470
429810
668616
717794
339552
432148
597861
75950
128907
572583
245548
31698
646030
250324
183037
937359
516627
111692
979774
940947
171474
671896
896587
789528
876867
690062
584442
946474
618045
912863
991241
564293
607536
3598
172646
111708
933436
577787
272795
698038
561964
283229
538837
627
714834
200975
55055
415149
582911
997825
885216
209338
881119
781327
846685
229389
730991
813614
744492
131324
475613
771523
60390
997916
258747
159694
548648
118344
699806
621571
281591
653249
608665
913785
704717
631727
902417
687227
982468
240326
567421
894333
410718
689156
666045
348201
833775
635926
769555
325462
686695
493658
402242
226266
593152
141951
424834
602038
102208
873737
659804
390832
194731
239281
38376
321726
786569
730537
28385
800542
576335
569597
982434
184131
21101
840661
82048
411945
165875
874903
376643
18249
673889
60201
416705
932328
945289
815636
362969
959179
58915
721156
570825
979525
291501
20844
515437
379568
76797
321990
297877
985978
588389
292856
522625
256855
777025
541266
90619
860756
846175
953972
958033
459596
678604
36941
298030
477043
673271
54334
498452
762191
306053
635357
448121
587015
854960
883541
148283
900948
327068
619754
232448
44500
543096
475738
392878
848253
170829
674399
649092
706286
990118
578961
104915
497377
583324
935337
222621
3069
282429
46753
357640
64649
761497
575031
178751
729530
764520
266383
445030
709613
377499
359224
674359
205040
557182
579783
474558
859834
820230
648287
558381
961659
770749
498067
67677
327886
932231
547554
189090
648396
98895
877281
955529
962810
209748
701494
35120
736546
611594
380160
450051
76799
430254
817748
580303
73553
761385
907683
111684
596817
656672
168247
303244
380991
980054
480796
765250
737879
2047
930779
547472
439905
98338
273121
961578
888680
895977
911103
633697
521730
694600
153483
836069
268814
742088
296611
339482
586429
295215
342481
866389
420934
102350
611850
855795
573309
53159
150225
588182
393150
744504
789625
963325
807491
662248
640199
287487
254230
619917
684854
858724
57056
569752
484820
111840
528415
575774
643081
299373
422646
551107
344567
181700
886942
774597
723005
347639
428922
904738
770134
253614
882761
793191
769503
100668
747957
487255
554806
518621
286728
555060
964286
812878
834046
866733
902078
301705
68277
