2409
924741
377273
650186
35482
904903
937868
764743
387195
836982
304093
494053
678306
405627
635007
192432
605983
747807
993093
630474
267273
867358
689689
104208
568287
43620
149292
985324
795472
557543
661959
844215
792343
931680
321729
16904
622141
26727
760969
732830
11906
373930
187811
732710
285718
690633
534704
447465
323266
661458
729317
609044
247524
390548
536094
511205
464791
124770
939595
127856
760497
450086
608136
349963
826982
496414
262859
102108
857673
125112
269303
588925
176627
324870
567821
12169
944252
91102
922370
68678
509542
693905
262763
248623
106074
53766
273748
330908
111690
596530
272561
234768
597941
5558
31980
923999
266185
198100
947805
774650
47394
867663
973464
796441
642801
661407
587807
109699
128504
69902
872248
659261
749617
147954
349914
559437
903310
442951
609601
986345
803356
267368
81505
851009
50433
796906
85431
634470
946084
760534
690490
948821
864619
111040
910384
650276
273055
13832
527902
124488
722029
903853
577752
687425
92294
375241
546422
354978
951205
148589
94439
964225
143856
306969
113823
405687
624056
250520
249964
770964
800731
551222
508518
238306
305993
912159
553093
906388
350883
278486
104461
122956
763455
559886
963044
619590
7880
679913
487748
947620
653571
338570
447051
252502
360428
346841
723055
82341
48126
205394
96656
746973
125778
99658
81126
707221
270367
617984
50137
15324
937824
872540
993648
313154
218899
179911
994337
416576
40669
694182
378118
99653
677259
895028
980849
514462
361843
615610
43094
121920
730297
82734
518759
334389
55213
442022
73789
329249
372242
997751
372978
734256
35770
574254
255243
784415
522508
465258
850962
487459
316456
385813
717059
167801
908705
399101
489244
446795
636329
530707
613399
725436
817994
48062
727668
128464
698640
517789
381999
962107
895109
839320
178577
375685
106900
912545
431203
586774
77903
989965
698045
653604
875852
472073
848700
248438
225066
934394
553618
96211
279922
390133
419063
291212
542616
816472
401277
959267
942560
778307
258049
291735
913949
202422
612669
16397
111316
338249
93499
532252
880576
577154
449764
439541
378991
80086
683255
352749
501642
352831
277333
458153
380721
840758
832824
702757
719109
581198
915844
49953
592063
76205
677110
62888
524925
972519
442681
663230
738781
330232
132119
466725
813762
22494
199628
890380
54260
297297
143159
98965
48356
6368
154922
648513
729804
577513
684512
114747
110069
938165
795662
441662
13010
603246
266194
795811
891402
620605
516872
509899
772627
734148
328828
329061
581626
331701
379705
297820
83839
353869
526656
16288
602652
195825
720148
742992
110054
368163
905394
593409
330765
450209
795295
910510
212734
978202
472409
403772
364455
943502
36783
601575
66010
650497
867308
99087
21579
886875
332143
903641
135156
342367
367126
784131
464024
700038
231129
640392
460707
629111
561587
902188
749488
239974
134202
954981
872165
226566
646928
747622
707129
748460
254002
139593
683030
6274
449197
81879
413657
126884
126001
28151
9015
987610
242558
566706
505081
603891
363259
724383
946855
457594
364261
625456
830723
804248
912996
857175
751084
681349
48122
509462
687524
165420
398484
644834
201259
675931
411907
982771
972810
156580
492036
77995
237419
953811
760635
897376
389669
977739
841087
136
897750
247615
19854
306688
473642
209802
100321
330809
241016
259372
564187
585087
95755
419938
547547
179495
48317
220513
583152
965845
272831
222894
297132
175143
896182
783645
781393
592962
765632
117348
979881
964023
493461
147802
155186
120913
858824
576082
315829
726717
676779
756750
551159
893654
646098
102946
759113
205517
163376
339623
391994
405042
598495
897752
587629
952673
399931
727436
880901
119691
435693
20752
329660
529952
320326
168416
533523
430806
675841
939394
118372
759705
697579
938112
808659
444495
433822
548352
629283
657991
561897
228993
912805
618749
484043
866228
41482
102540
381086
302389
150618
152625
248273
327524
581758
688759
413134
97572
878263
811653
55290
953008
57585
440064
432154
259477
572914
533726
531923
674768
81453
851464
225290
879812
583987
329707
343402
35992
571081
122844
780163
323691
557908
521317
835600
625781
192305
675185
9489
648379
405793
221583
652759
321582
779745
846566
929694
803105
811032
132598
920532
320613
677866
182982
606392
120132
343274
141104
672286
833750
883948
169925
209359
953090
322104
348958
39052
254293
719194
351552
980211
317176
547734
379051
117115
267729
446072
751295
153178
296953
467146
405644
392710
657813
966496
890037
649175
48979
986829
156223
923787
626755
161400
691708
305444
350159
237256
995982
312620
308825
875964
648090
200856
472688
833304
900043
128971
602093
590842
20544
734833
444208
460747
485971
211148
615219
62929
285127
71435
957831
461280
614285
439510
945779
80624
198579
225127
890086
10442
327978
199122
758037
266461
769010
468453
770741
510125
609828
725354
309207
841003
834843
522953
272027
669599
184128
2890
798866
718529
659697
776185
932212
346856
317006
956066
898554
118234
331872
97020
369690
710274
788069
817250
312669
934527
389820
875708
185438
325145
130793
5244
384033
141006
332230
596485
855757
279307
215751
241446
454663
976438
403048
813443
6061
658984
875125
363348
770220
648184
939062
295943
361727
420274
630068
454081
273476
496359
5932
377602
914940
462238
193872
245223
471711
224680
325364
332616
513306
855825
166556
352449
927910
26419
437791
85198
447174
553572
327415
358288
330589
739407
28328
379500
8361
780448
635979
102995
132448
87897
501431
37468
871013
672642
127946
141261
437863
141373
670809
294968
858647
46263
8818
635650
197956
967675
386634
117119
693524
768992
677768
448505
393825
362275
278893
108624
479277
184655
928862
172475
348996
542040
771023
694380
592237
143816
589198
395218
709388
127249
614057
593016
390871
904513
518717
228683
393331
384979
23005
508024
420650
873633
92187
302388
470475
778423
398006
614037
836255
219012
204640
656669
199555
635626
496746
244632
159207
495732
82894
878427
931361
818279
270361
840108
360623
747057
499891
821760
283912
283710
903948
511519
96413
897322
759141
932708
384497
208593
935608
385056
176849
403265
641029
862367
736754
795153
10555
311810
180583
31947
627007
754443
525244
4612
630363
804728
721138
829837
587718
479558
400726
870914
835916
713622
797632
604800
213594
357485
204645
814643
109160
214998
86426
624140
258115
146786
567270
257810
893430
563664
650306
536336
593812
15367
14127
661228
152485
307519
389364
391768
761707
664960
616435
178913
71887
907971
612199
381989
324397
930868
820733
508642
955321
321753
303883
871657
857932
342604
608433
142193
111311
450276
359307
422727
20354
173554
700240
454563
945514
778855
526282
552023
438613
951763
706290
436832
759627
132424
557799
535391
523347
700317
350603
396257
40863
424975
859258
667418
964757
513921
532712
654193
273082
974564
309206
462901
286205
654321
240305
623533
956190
513107
643655
188428
920825
841123
533286
997251
121267
707019
216915
818737
821504
499211
28452
178038
598542
63834
326907
279525
795345
981220
903519
6359
654316
465842
516984
769373
841849
23912
442343
787469
779701
746983
762688
22461
745611
848723
664741
363598
465787
80494
19264
372768
230695
355
152796
119587
444218
740575
583265
178509
844341
644570
933482
86888
630487
483828
534212
323843
435177
336698
509382
128456
56931
140231
366408
234414
938686
179335
547649
256325
867415
194519
978881
310510
586749
537608
803207
77741
613271
468163
131136
247191
950581
673926
352285
874789
457713
980429
161039
473003
741441
833995
955554
984226
847453
374743
854899
768801
201351
57636
697231
845227
95164
525673
693098
428257
614389
372063
714809
513880
261914
78313
961260
682501
298692
334157
511436
375765
77421
304544
358380
224730
491319
213057
132623
429919
687381
574267
474134
817116
34650
842638
444260
987845
502620
324999
410640
235005
459268
144588
437894
14184
444406
835508
529467
782045
712279
791635
500490
147642
39615
399251
616496
609747
100541
796733
265376
74178
106625
162647
67780
245538
182634
183912
597458
183063
776429
888151
230790
336516
428958
1842
622593
411488
96670
425866
689342
742755
235234
604603
81965
84890
97243
260233
776494
425434
797639
887781
64747
974929
798292
320656
818962
879863
110764
412375
828206
981732
390306
474044
822625
686908
233783
196085
137728
381381
666888
317389
289547
540505
906520
449833
539591
858103
435510
266469
275514
397939
606091
729501
46019
802190
829250
685128
880403
669984
319764
587326
774092
79794
983151
581146
955188
482280
436610
358458
183893
607195
370728
298851
144885
174661
921198
409154
508782
227029
957826
608653
590121
340899
439035
879944
261243
989758
921087
679396
543580
162528
531093
261698
511935
450179
632008
930773
933267
569036
402484
958628
887894
870182
387888
488175
868241
542634
83032
648873
556916
295994
337525
138916
456206
634349
597451
708811
253096
748388
706816
700488
132735
565627
453156
772742
749661
640860
408865
586000
262355
428845
424512
143576
342357
872105
872597
68501
363698
195724
414409
273539
229486
839080
577154
318286
156286
347413
766449
177097
553759
518790
770551
774104
19667
311158
706549
930799
740473
46272
570671
810289
415432
776398
382299
991674
93991
368554
585292
977400
213228
175920
254070
768820
591344
469604
751773
134511
361292
484960
415007
321191
692658
286118
564826
680825
10537
405332
460859
135392
144806
893941
98596
316443
214468
635699
60281
596845
593377
485611
789192
225662
920788
864793
995794
775327
939470
879346
357946
84907
359884
41553
341001
954312
880054
850633
914652
33741
559128
793113
648747
823998
869306
720829
550390
935154
313757
996449
547662
953558
642453
445360
219005
267338
788350
684427
85971
98729
658012
471126
363086
547814
842259
113964
972517
654161
813951
410802
726257
729209
581041
412873
956984
60716
533447
564893
451288
255642
265255
112475
716493
802712
705432
442047
961695
966656
263804
6667
505515
763381
277550
512083
762379
833540
620532
304629
330789
935206
868513
233383
569997
996194
28938
781225
845720
712335
847778
548249
743294
456951
816565
700389
748651
245656
315517
476122
245858
132548
18916
398044
765390
491560
94871
680303
901479
623913
936324
249073
331197
641770
602032
472426
49700
269674
519670
849852
861053
927819
587103
790005
674908
209453
143771
394755
969883
770041
312346
208135
659514
650042
819274
909506
968241
258917
964269
746604
823125
25913
672214
819811
680482
205633
228159
140672
497131
48183
820554
810758
524891
172483
573395
743412
716519
414176
415022
70778
503826
592863
626178
868616
472732
113862
189697
930753
899976
53520
263811
420750
830473
981208
503230
101391
628360
895504
177764
746221
452885
222571
289433
206219
387303
500187
639184
182811
47057
718004
739905
939853
716740
898992
990920
220513
643387
673356
969757
442206
154759
900431
549484
45403
558007
387882
246545
878394
766307
29115
722162
146997
119573
388908
722936
438096
303317
478328
215146
778414
386448
161038
449576
930880
227492
429582
524034
479512
444107
281520
50291
282523
289953
220676
188093
389077
357267
610771
954978
90791
295206
275301
785084
423323
307105
501788
191226
647256
806809
703678
734647
804529
79191
436304
311736
426199
479335
900573
496898
352303
550336
188054
516374
526335
530827
972115
874251
221441
641106
24119
176006
606042
274758
787890
234263
484644
611884
609889
182835
57767
192486
199952
309642
272103
392922
216223
978245
799639
360577
771074
841246
32747
971598
901922
971291
197643
505208
608353
511656
53027
477350
40955
118096
573015
759991
462279
779992
406932
571755
415581
834104
978626
694961
177298
772598
939990
584461
353055
47457
760131
648677
939936
682536
250576
894825
750776
881429
60741
495197
754129
592937
657279
657349
789249
302676
576291
599404
540168
967761
209903
342288
916790
886940
401068
957677
804330
793553
136064
278948
400820
130274
13792
208904
243164
354677
859746
181574
491644
873240
975728
816942
313224
845666
822424
177442
111278
286951
339585
956698
336984
294231
561145
28689
872911
829299
351529
984463
342073
912237
358954
518356
494851
629020
215216
147230
814105
925337
446628
581079
165650
280057
102608
586655
227434
344231
624052
515441
726119
290588
778613
43188
284764
835518
887349
604448
836619
214930
127614
446347
126949
325216
853143
155792
847150
167202
720889
266842
793532
522728
477851
499090
709662
59211
702698
163747
119002
18699
221845
254630
329806
311496
21316
704623
195831
998810
314344
223987
558800
584077
453229
438292
693650
940924
866573
370123
305050
986824
729918
897137
418857
787446
984331
646058
975493
795491
468481
12911
165884
47780
627968
313462
727816
341694
941041
957055
194766
851710
628694
867325
344897
177911
451324
656608
67172
640662
914318
624507
558380
611043
612420
993623
979587
674838
170488
273811
636841
885588
221849
276022
893173
648773
836088
744787
486970
876050
428160
56984
969284
58560
551747
280627
431554
253924
503087
960864
162045
389250
724767
712531
573446
56134
657933
224767
602863
767966
788582
128066
660399
129010
787958
115821
99241
751617
20163
689843
103302
684633
821813
102317
689406
812723
486194
281479
249270
613288
571912
807435
448836
617044
675524
150152
61070
596230
625951
264350
356176
555552
242008
54825
475388
434578
623005
867528
148987
135341
159267
999881
656658
296167
112789
389618
180128
539370
575080
261934
123587
245528
668557
263763
178779
771744
977216
818764
171430
338998
971198
38056
376394
122418
519123
904382
641842
515143
781137
543994
663439
834142
150429
398089
563008
646990
724771
563805
860493
881658
749673
154397
542156
283272
526337
698029
908390
788730
699864
790549
222964
157866
583596
822736
603395
321254
888731
23795
53814
345062
504470
534328
249419
554918
347508
890919
166326
670052
1315
942368
838057
169976
671545
144327
664117
459851
286697
49548
614922
247541
710673
19414
690778
467895
170287
554635
89052
422289
295284
981566
870253
278850
603185
590646
821776
462554
620782
752407
558998
853181
983770
501232
351513
560118
49052
198624
75234
876981
394823
454437
948266
767015
356269
246914
196414
907248
54218
670157
41659
727944
711969
462546
300921
226927
654949
204519
514757
813134
293517
594382
274502
835500
731402
747712
754240
72777
331669
922588
621815
438811
571041
804844
269931
282786
56368
577552
855234
411370
712898
188297
831236
599965
95400
944100
669056
361730
347254
108032
473355
53014
246422
140478
12392
940421
383417
640645
9539
530885
909545
232559
137560
883472
410491
696148
214001
465340
772704
432561
912588
61944
184666
678452
664859
935205
781835
444390
427172
848206
639080
778997
880969
798534
153805
602397
915426
263133
959403
881267
112326
202046
625500
873486
634729
30056
91287
791378
551519
53127
193151
205786
966527
328558
247830
18945
870050
766452
903246
535566
351499
751848
98176
489017
383393
85361
51126
661854
846295
145607
287202
316669
506156
371528
694130
235820
904590
270264
809083
57242
158618
260824
340178
199936
864830
314081
434618
139046
299136
501213
473847
43534
173207
225827
639425
806657
683703
825517
132372
669237
634730
304215
87460
648600
524826
234807
580526
919228
745707
661011
672938
97247
640901
233475
90717
748565
639535
582052
301642
453588
308951
514486
332936
430876
937326
686355
275311
905089
533488
723341
551788
317142
455041
763106
800052
287544
731187
622558
286102
791860
274468
196302
811240
62102
643332
477660
891427
683855
279285
184012
600587
764738
861515
797714
241862
349995
831155
38221
365583
448748
993071
46308
266114
145078
559551
858428
148951
61200
411356
947091
430508
632903
706845
778172
167866
820723
914493
273143
352682
990113
375668
719788
189056
921762
749121
478084
419061
461167
125897
888548
879011
62455
891865
371143
332122
2695
626120
858999
220048
453781
220856
759208
355124
336106
26171
915953
214051
839337
860113
257768
815924
803071
189136
597720
259886
431593
391325
361314
196505
839069
169558
974253
638002
314134
270290
119371
48440
697023
108736
814442
891875
797819
764140
264883
604404
245647
122144
928386
95783
994157
916391
378371
603526
529502
72556
844197
441431
827402
272706
861118
146934
193255
42109
963259
91645
181884
956413
100866
748895
859857
104074
601510
361044
447733
227931
34118
781614
405803
397617
619331
17035
837427
92448
400475
176611
828976
347054
15015
601857
922555
468884
50285
168975
644419
647458
469411
6218
198174
927934
330497
858388
319281
188428
426817
406120
454968
817130
800438
298792
590131
362962
809158
672978
346094
554595
529286
106193
846763
437369
335920
73456
437037
264248
836803
853737
347299
565800
408440
782236
914864
684986
918172
149339
109587
319657
717071
295266
126776
924412
223639
115556
146330
567400
274337
886336
345875
510546
909590
468626
145345
41265
748758
