8290
180691
659612
283673
174111
21891
966951
274964
435501
624702
792154
694035
812020
615270
503899
571026
563415
18138
467779
631453
893391
53959
545961
118843
617736
298408
181594
524792
737192
103195
403876
545614
132719
167969
482065
640048
683769
802226
979250
313010
374945
499387
919697
705624
284096
532277
711368
863481
981843
524835
936879
244879
865402
645096
915376
973726
583069
194050
768504
457855
631081
791975
798534
812105
228408
623802
534565
270810
775823
803690
245046
704263
350912
973992
955815
71390
43504
304002
66304
905748
787571
732065
871132
156304
783891
319067
42420
854802
139376
705718
948119
753090
568449
154618
323254
543121
185657
693682
198491
162958
79044
301247
159866
993159
891696
786136
987552
662041
594281
546401
612488
832535
123613
233703
50381
52627
462206
343158
639289
555596
811557
639640
453627
520116
256980
25450
150519
247452
131156
527900
999224
725502
85949
347204
425025
943079
885524
564192
817857
821311
494542
334118
364004
202230
869299
813322
329286
281549
850462
759116
766914
61502
19041
395258
921513
894025
283909
217865
135822
658461
582190
38668
857214
649311
406365
198607
671182
443865
846288
778323
642444
653890
760132
738533
668055
397286
30491
777181
656075
273714
180056
929008
300628
760158
824966
999027
292196
683383
853817
883949
560447
816840
279852
535319
401075
199652
820105
773298
168870
267731
679752
485253
191432
86871
306607
408242
763175
272281
385847
258228
729888
981045
294543
464311
673843
272991
703929
770132
128112
989680
664595
238376
718542
206545
861808
423440
149915
912194
805157
778370
106189
55624
404640
124939
979446
930161
210994
679073
248854
667589
621549
265636
947338
589451
72232
796406
870499
551668
455647
974451
976594
533161
663415
519247
57599
45484
730912
749387
175928
434285
159316
769172
731462
701036
759740
110968
798492
808517
44593
210181
397737
105309
434655
221696
831052
84199
420678
901375
826343
948564
169882
528676
133837
270229
104395
574838
163221
792910
279711
455901
119888
155224
515578
946106
383191
480627
314944
21921
221181
27143
894737
149684
248419
670933
281523
793309
551211
638719
395598
895143
431813
362800
788240
790777
551781
749929
420848
203633
395413
66281
761744
384985
268646
465464
369212
431049
450370
614993
50064
971993
281309
825258
588406
244608
638922
371617
225675
596366
510826
470533
989795
619394
460095
131389
233571
367945
80670
892825
752077
473108
271043
938355
2393
508244
887422
353857
96702
183445
736460
994491
339472
229748
779265
563235
506691
127550
988064
967605
143309
227431
442253
324397
399338
130532
678553
28656
70841
527205
854525
410840
931908
308146
981474
225503
887325
871777
261277
84775
904611
461426
139256
367907
404516
434375
666667
846758
731932
933187
501162
312966
217564
815485
83800
618796
57862
277537
819929
625211
768309
590819
561349
67739
229881
639969
819896
443681
559679
899349
344198
827741
868432
922611
512396
728895
720816
27365
637601
486438
138534
607841
123628
267591
437596
221091
949327
605174
599068
52044
220545
591700
137338
418007
339898
809494
325265
824692
580295
370093
911205
730243
601021
687063
835944
753582
933962
648898
893336
379811
733671
943512
849157
130669
435242
438636
419120
271982
677943
608767
620047
641787
383702
41966
659950
2260
495777
506364
615471
556990
898836
272504
847538
78911
653191
298443
904207
406326
483767
807840
388224
520660
672000
127344
249052
780731
775975
754857
66238
260529
829523
543802
372804
60032
693724
592061
544051
958766
909500
662978
339064
504340
83235
227892
232970
965790
921126
923691
244715
396062
845975
373197
445004
142348
187055
679009
234960
995550
894248
608754
332713
863168
358440
797724
191199
289073
22487
171254
280879
290938
263889
805532
935056
665291
433591
657815
289233
100723
168544
818091
182045
255099
322286
805758
616609
240096
677179
639392
54852
628396
146865
962427
562901
936176
114872
906136
944195
287136
453899
32523
315653
465291
930724
157117
347610
219381
502166
338644
510250
170259
494329
873857
359052
449954
833983
284837
522465
897764
250469
890785
447645
313400
901254
537592
513894
602580
828105
662179
675476
927586
998971
286130
736793
249077
258487
153690
821754
584743
746498
275679
63611
548624
259059
987167
802713
36261
654671
658296
974705
772778
42675
342743
275646
327509
423978
354846
506368
764481
346335
983921
236663
546827
396140
410654
692814
438029
323152
280870
906133
228981
866752
855916
289767
657857
942740
21433
625579
211545
746338
44714
990389
858440
614312
80759
522380
11225
422498
102368
256647
971914
678588
732534
205008
293679
804066
705347
115210
281446
825331
489751
332303
458803
307475
609968
589842
686200
420831
690373
980708
154834
826108
862255
307666
683666
488968
422708
783147
620758
171314
461426
255711
651716
293158
804837
147522
538402
775904
589141
783472
313749
319650
227870
35659
962933
541697
89117
476576
890249
269593
488244
233960
764132
519968
124155
918762
469979
770840
389060
539197
804385
644190
621064
345772
209282
414368
594866
300402
697656
413484
939080
859620
916077
41443
918386
732782
915534
552140
835177
464821
222664
842565
23549
422492
131683
181780
579138
910691
242295
968859
15448
539113
993870
943338
651478
7314
457624
346926
827923
594883
20997
450120
889872
470538
669891
745529
505349
960539
898324
447609
563591
641525
739850
925415
367186
381540
466146
381018
151161
871839
282491
769237
791591
963793
969137
54809
419409
582069
501083
413077
698234
934874
309661
931577
476642
890630
604138
913384
94348
737015
703321
440012
922987
657028
171683
776387
804072
124707
236215
88502
191378
188035
634874
694475
648227
51481
239902
417200
42091
886329
848222
433688
379100
17242
211347
374723
287857
321340
652662
652277
12091
716901
601459
472904
886217
232326
754854
65245
730035
507005
277492
400046
62147
871796
405385
678079
782977
604518
182313
980083
301466
211138
12085
756731
967468
887528
283773
557033
608625
205584
456124
413731
994053
452362
393716
981747
783253
734816
326375
844986
272294
977879
539055
990789
82303
182933
79995
780472
517877
54236
927142
363174
113297
229172
437749
829699
572063
809383
248685
587569
828886
720806
955919
822198
889183
82953
477169
18255
998275
688244
164346
356637
669686
813205
440442
787326
673658
913161
702244
663991
381362
695006
68393
54285
923844
255795
753713
384819
483113
131068
916536
452189
54548
676130
299908
421170
427260
294535
275327
22817
694152
867495
990773
252363
794710
790106
770218
657950
450537
429366
102681
45569
287341
156305
156165
871531
226855
384100
448702
684559
518333
916618
883379
480498
918111
620840
540142
529500
921553
478312
938096
732076
815575
360285
336105
978694
49788
824395
162260
320680
59582
282750
889325
777691
487769
494872
330064
817157
975406
137641
388655
216411
836048
926902
931120
515955
10476
4124
126049
466103
648594
806030
216729
28918
570532
180987
549484
734676
339929
697995
662666
432930
864495
707463
490036
266761
589611
877720
384028
162911
81358
284583
177369
611484
989974
561572
101892
491366
93997
382627
771378
401224
130547
603424
412173
182337
223139
884067
105297
688249
321508
618174
939809
833550
930094
168756
54019
643661
730839
179572
4415
508797
842361
784002
906383
12372
934786
954679
959427
27661
2136
195615
469428
27025
578343
312768
982050
160530
750344
115194
71789
480119
440015
899466
519596
868401
818609
186152
339822
435245
984336
458577
857739
589730
456485
442655
297573
534026
855113
194707
655360
666989
124128
686069
463803
952856
302818
113426
319147
882925
973511
358181
941395
142484
47695
59152
533057
384655
234347
336969
495176
53420
953547
764690
818965
473811
497093
56736
136880
271999
749087
632861
84433
30986
707065
291273
498268
403488
155802
418940
188539
316502
972117
488774
106775
985107
924631
839223
783475
70252
996944
469434
725221
170702
850748
637020
147569
90260
893581
362219
617091
920057
998839
315769
360969
96999
357464
244736
760491
92974
4609
32095
787176
772688
423269
458882
535054
543417
363357
870817
580565
585995
764885
63455
983385
946072
414231
155858
255091
599913
937778
19234
135283
869755
277318
990090
449659
850441
65903
582204
752059
336068
334604
889121
913028
885024
321451
532926
414795
650568
107858
167026
959613
689970
636652
899100
1593
137292
471631
298137
936815
579030
247142
241515
188627
435721
598656
747893
437757
702261
660084
908066
885088
15144
270702
651174
887525
401866
140443
392988
706851
349510
372461
643727
733053
350819
567563
840020
310425
161649
531480
814868
129528
78366
335391
623400
19191
144680
580952
792989
190497
700781
297305
114903
456046
170206
177884
48465
489437
561746
662889
861506
217001
830902
780512
181339
828907
42659
49765
375533
180364
363272
700776
444712
715172
528262
74511
62847
226292
470299
172739
749927
517116
959605
123732
183549
313466
895336
844170
653447
158401
734715
997321
688978
735986
694685
317536
583803
592473
159669
222382
244938
873126
294295
179825
649529
883270
486290
698796
816594
95133
828006
526452
159350
236451
945299
816472
616186
935576
538124
628139
792171
242597
875274
681072
664882
54161
753854
655136
562131
178652
194078
146714
951311
75707
817057
403240
71594
892081
649158
412841
684039
991111
466573
597217
483311
236776
432073
579866
466288
750875
9293
672564
819298
483357
561412
421584
989829
559898
194589
169237
713286
587400
935715
60637
841184
931936
605674
889024
290783
970298
870693
796283
388672
372293
907093
528892
362357
500640
447068
991884
289029
286871
493424
246105
211151
60285
779818
538079
389166
261666
278590
132851
490936
240753
467653
314412
393825
354857
952311
733806
460029
682870
313268
459668
571875
482027
154817
27065
349869
542174
686416
82723
884763
594465
269879
889485
407959
906008
9795
296336
553235
844796
754598
152237
557071
137579
601675
187577
756278
420265
587274
783462
404264
855607
121655
529770
337107
528910
713109
519309
767354
907512
52712
838356
446616
984140
385768
885957
957789
450628
406161
787223
770007
668284
590104
424760
256300
131657
756984
99834
488004
492020
156649
900827
695747
447570
328434
157103
151732
95937
788502
106156
265921
473217
630570
779666
370334
103212
20870
19893
540486
315668
280858
469416
302622
861687
117912
11208
471029
754785
729679
925026
420461
10271
779160
6914
578419
596699
183721
630873
553961
618777
592199
495562
377893
356877
783576
933841
599059
775830
639190
110608
64374
823259
814368
223160
188235
263937
215466
609680
17550
646854
258325
411685
857110
495101
391386
186511
803227
449702
200095
967067
864600
995113
54700
597274
258251
723823
205687
103365
114010
634973
316123
252555
904592
454830
353255
813497
69188
913196
317267
762181
4762
47307
741902
608567
306595
631330
459634
985525
926944
263303
719961
842345
285668
779461
284041
715153
481623
9788
995915
403362
829270
582614
950361
543322
50680
739490
133749
53857
994540
123918
427350
46427
184766
893573
557629
945805
72696
150499
996519
903529
38309
838801
132699
811768
709489
541762
953507
850338
447340
719561
883671
834909
894125
74580
36948
903536
879443
379337
9676
91683
868391
918715
579319
282117
684317
497225
982120
255641
926521
310355
689466
528990
300495
613530
130601
290554
692643
778739
269437
504258
970862
994408
797536
192105
105154
135468
357777
188354
484229
517048
541041
910771
155993
916614
67515
624312
957084
794409
39441
546897
635467
557063
72305
287946
117121
634677
581894
656165
42270
989037
97435
239653
385155
919022
166442
586873
373049
296368
331347
848708
949617
658627
734120
759429
432870
484931
969125
769384
953246
690362
43709
137256
927248
915730
357839
417119
983776
255413
475256
859691
567238
850179
956097
708735
763020
433711
531577
144003
880950
648183
632798
426281
862395
705726
560437
926158
191730
20487
143097
949960
960840
527248
813872
506578
441517
498249
444312
99537
930383
582575
481409
510402
892607
42954
816308
341251
812911
84223
374353
575546
133980
432210
538615
859878
88073
159485
545499
990208
263457
461733
101756
107853
246206
966207
583021
187907
214663
772159
935697
210133
296243
195704
135269
469597
20717
563157
218999
663206
346640
376818
385909
598419
765713
680920
90656
560110
430844
950291
332640
386961
208471
708210
424624
339627
980643
254363
900025
117871
923264
816008
917629
256543
965104
264802
504362
950321
988276
876984
682127
111963
289746
389212
305514
943936
203128
428698
403103
230071
977338
988118
153094
317364
838520
591041
979547
552853
253595
258871
970969
286411
307902
113721
714464
544355
481961
194178
543186
126384
590200
432968
393406
547415
427290
117584
684148
726903
284725
972782
305080
650546
323815
207960
271185
586653
545320
685350
267777
780544
888395
820521
280334
198730
290211
41125
918335
824980
695298
795820
548323
796304
362973
984856
806730
357646
110539
432292
831447
243114
377388
155111
675245
884182
68902
466671
466567
885248
923147
320886
445540
320735
606167
37892
299167
538463
819349
505952
399324
815143
84832
505204
135967
425731
602055
950908
7991
31731
764490
900458
687831
322639
773441
243418
79364
254869
58972
869485
909802
286353
34757
885508
534986
599656
665250
740251
891214
904704
444406
410815
38590
231695
843623
126637
352906
342911
606106
355209
239303
588667
258170
602808
298231
431641
939288
284186
583489
164324
62573
915239
42303
800196
618426
294181
344310
598412
528656
472771
322401
652129
969068
524374
540710
83586
63930
39277
309930
345335
504314
485266
68736
309914
75776
915488
145596
460796
11541
669308
935526
553078
517627
685745
882314
177678
421966
783532
609965
748546
974342
121425
968282
92404
446681
371703
870873
60913
546622
481735
112193
844959
212427
66220
456805
811715
514112
769783
831274
713197
275548
11091
275257
296769
289453
755743
884303
705250
830694
355565
168177
842044
717160
566551
690237
543982
806627
918393
353052
599379
910550
362766
83092
39084
553650
602282
50234
584555
550044
778705
418949
546142
244242
361779
892605
795894
116005
179717
609937
249204
818596
30589
544776
279407
22681
943402
778832
259524
690285
822893
327603
590874
743718
19736
866855
5328
90001
332897
437892
643462
701563
972290
92752
245125
333849
708721
448950
919116
384071
166583
83286
807544
578989
298352
992565
495695
734590
29470
631317
521833
500058
31657
986208
416635
54420
601271
824638
404033
889613
225316
405062
358023
75199
334366
642448
617109
107222
748640
664937
656373
109048
863945
892192
376674
994726
378392
397949
175567
359354
657031
127121
199184
625296
295361
282601
783145
666049
881344
923804
653810
651659
261767
509636
262435
570572
398969
197385
685186
48621
2965
53081
190950
892828
895631
392116
743910
755185
96843
798627
97252
113522
703416
959496
18223
881266
191431
20625
658585
657172
664839
208134
550999
865325
599519
813250
110670
526023
295399
238463
684288
938818
212259
149578
517842
470806
812572
368725
45753
443635
637853
57963
281857
962889
270023
926782
747194
674084
2257
50780
12031
32687
140896
408384
9444
613849
607295
130565
846267
201236
722107
309814
707331
925178
71710
725504
709998
237002
558598
606729
382798
656913
944161
764889
255259
558884
759175
499958
96739
829641
1587
513295
456974
891190
376799
617422
662413
510705
258236
917136
366303
119190
369227
237425
423488
414071
696667
948160
534638
391006
169695
466514
135001
546413
894187
872242
295206
813991
721483
480630
80096
664839
792832
836844
893820
634126
177880
40308
650247
280858
882857
28263
749038
728754
884393
818549
773929
789086
494637
168973
299205
63027
422780
399733
366286
5869
710032
848057
980309
308980
215528
837184
960035
206465
375693
751098
409530
376794
55263
907061
204740
55929
311258
861711
144923
57419
123691
83462
543476
566036
701929
47083
112809
544431
463218
505397
347745
796787
625635
212466
920477
757426
676403
696792
818722
619675
879148
956794
274367
950207
788551
845910
451962
634545
826276
142475
713051
455750
658467
609768
909716
661179
359458
881247
181067
980022
767379
443160
719238
706213
236792
169314
854642
981891
9150
482884
165264
914937
22772
973170
712125
719265
318374
550043
44508
71077
54938
738591
220962
593606
338342
729182
868029
743417
18604
630252
261730
231211
404084
387104
834994
191206
725796
878091
217352
267531
125662
692102
519009
282815
597238
28453
185704
893667
848335
741320
397726
811323
703569
569935
755299
835504
208200
532141
732195
666992
755420
305174
506528
102835
925417
467538
649495
121049
88058
984116
203474
809135
222823
914851
324874
609105
869384
29591
456182
236905
858581
107360
402548
894933
67676
449952
383251
965863
612189
601369
961851
890054
12997
17441
398393
871665
425606
573426
820075
391716
880527
854430
367172
84627
471405
266399
33725
748627
908350
418445
738969
169880
197965
437480
676882
515481
65359
765653
153765
809744
422777
961510
451063
202653
235836
267922
787491
564106
582110
224580
833441
670761
488438
843022
39124
191194
413508
421310
194672
495721
770859
231113
51717
756244
120523
182948
744557
418346
529151
828914
435086
654414
554928
19352
823629
695323
717908
604396
859088
535586
159111
869899
963373
628942
783044
490697
376116
238697
385216
698692
745109
247991
287459
723601
724720
794944
465955
830552
301880
754347
857855
196860
108418
566406
670742
974834
640432
618851
471649
356531
683892
348188
813331
706316
56131
687798
395788
656147
327001
640291
66036
463348
83746
301345
577082
233321
586700
565569
268073
118728
928103
771202
123044
728950
646965
574812
71102
902521
966356
615448
179832
255596
896453
531740
845912
276619
277848
221253
318050
65326
551158
943981
86262
512339
668426
485452
613510
992468
280397
713594
827377
132407
432558
895314
372033
384228
920282
168306
875902
140337
529133
644896
37549
197081
210741
995975
289320
849612
689630
887647
731803
759328
318720
626794
179352
261093
135298
848730
683672
242645
704489
402896
54991
175018
900417
814911
65386
500554
563878
658415
776808
930526
721391
347486
422354
371712
129208
777088
5721
448339
751947
801319
35018
124076
428715
364479
523056
529389
8188
683760
250694
850419
265170
542758
986391
519205
218516
240941
63732
683181
943308
987317
594961
465987
547471
200053
323709
990309
685251
697004
54973
78883
624018
965443
614340
171350
76266
263823
527440
381617
27438
667634
839587
609647
123260
765793
148252
516460
587227
218368
749107
240720
199873
205673
91086
992614
60607
10699
567874
475146
150218
644463
74089
287105
941543
446294
976028
852579
90546
701311
360717
344883
938122
695556
164164
561103
669213
447652
193204
3714
479691
311452
826425
132343
988921
74862
318897
964169
712181
206595
932916
81653
773825
285164
926321
752433
938494
776068
878886
852886
899766
411826
405627
550584
995846
960203
923772
711446
706214
575764
224177
101549
783319
626852
579612
560487
619880
724776
878095
122353
707684
460481
412007
150122
201691
491848
878057
758646
400076
227953
505335
156275
703404
314509
420910
188420
866517
273385
292192
926088
730382
659860
33833
309359
676083
194366
520432
525731
568769
436028
227004
825633
111232
659305
497648
755051
697357
72614
561700
348886
606915
221633
569058
287294
789702
105011
698746
498330
792747
920900
43650
417642
369991
328009
451822
959437
364947
865357
295752
576239
810681
575822
313036
139743
218429
178846
967010
853694
655883
349995
950008
128723
528665
601048
428091
742076
707576
519497
410931
591231
605181
923198
887353
473663
536262
578903
123477
549770
879211
503414
536568
453967
492035
76481
811858
209645
997904
49542
302673
28454
921928
521914
83704
786162
8833
107994
716247
514096
34744
397747
369261
127799
445
861948
988182
649163
765887
850465
912690
821292
405872
561883
96277
935432
37268
583994
717092
909520
833899
297476
647186
48615
850361
677175
326903
521335
231727
178923
430922
5534
65655
385300
589115
22278
762145
981603
663216
714771
46181
548491
187161
295605
32724
568097
34482
151005
915424
83804
924245
257867
886596
307388
778553
189446
720401
403528
924875
349734
213335
388527
22887
869835
899436
532816
750899
455280
150364
889557
166296
586009
28205
326202
342302
589866
615245
510828
186275
517010
37402
360140
746936
692388
720782
811794
135896
272518
826886
304975
56902
995010
992557
347339
491522
821626
160201
887308
333863
329848
717858
629432
844644
73636
271562
150866
43989
544974
83918
618080
764477
244459
165943
350829
9122
495517
68605
934826
931462
914347
55881
726128
675133
138960
362725
180705
449328
828783
19267
562348
811308
618276
360167
771182
736359
33333
197297
826998
808082
810791
744523
972705
194516
264365
538027
688484
422440
628795
729861
796777
312788
594362
973905
385808
289476
777428
336180
880022
675524
239150
366094
381907
452759
86774
276063
808925
89014
336465
137878
855690
331496
564791
600632
616467
47674
925915
500009
915157
23196
717890
351643
173361
62168
963893
434192
119570
218351
384338
698189
333454
155282
969276
797469
806950
703866
41714
645566
255464
802788
789245
160685
430388
127341
851267
734473
426523
978053
594873
740710
654435
574355
930102
247409
395559
346277
360034
409147
178651
556562
632589
130404
745261
673455
431580
657317
566472
75178
290206
283705
913714
827398
872957
923177
507157
329843
504911
611891
898587
888713
410380
733462
38770
412705
584282
899197
977135
970384
76869
529157
990671
772545
602954
103533
636504
279470
588946
574617
603998
739451
703996
848323
328481
385455
367187
366975
174932
868751
80479
412968
513208
199641
7383
96236
676007
162906
522420
760882
293421
395308
906976
978403
640273
990032
353613
790492
365169
372132
231395
921134
146763
670529
481361
187152
513240
345843
343173
312802
616594
911638
46710
417566
99927
697737
364766
258845
191270
642002
246342
195524
307909
931918
440313
711497
164357
317331
108506
552549
129565
171940
929234
767256
606708
261840
561377
722580
242811
743655
556502
25159
304630
995802
371865
351112
562522
455918
233574
499165
955218
434588
495956
33895
931868
410953
600659
863595
567248
475485
257269
805693
393025
715202
757347
790347
604156
199035
670768
844867
268205
966494
144522
161506
754913
558896
373516
752602
53094
46811
76465
868191
871311
142094
265572
528719
915412
63089
324979
514044
330326
375940
973985
714711
118911
915539
983386
262970
823304
263192
523137
22929
933844
152749
853926
593062
64122
93740
509011
819209
376416
112997
554565
353304
767682
982587
39736
250224
789842
678107
258331
741616
929018
95194
614819
751143
99901
950954
206972
313754
572155
388153
716185
792755
364115
805287
860460
224584
70691
185505
397490
822151
522986
813599
656358
28476
913423
933878
885397
377407
439547
654170
330065
418813
909665
700852
316223
726113
195677
300060
11852
882590
43450
99380
199548
947035
405134
486304
347747
620348
652224
820261
364332
450122
850602
143773
308566
991742
139481
710804
149119
577775
241521
260803
443673
814101
104558
507367
306617
556217
312069
718332
356494
948475
312744
657883
506030
798655
266665
243949
31052
694518
809974
830603
53638
207620
845570
581492
47323
544339
534917
834858
239546
602932
318105
275625
662389
998637
243333
764933
934996
118755
543319
634591
124806
451685
168298
814595
37107
900114
370184
218209
407469
593257
242600
808870
661252
838955
597848
221687
851192
495
362230
570698
269641
54402
677464
351137
697771
28216
669836
130915
445718
741908
219321
134680
931641
455887
998244
106304
79118
934920
348047
462225
212681
706633
739707
157452
817578
676338
372175
41467
354610
993605
868177
889609
431346
447053
245264
787965
253758
446059
200612
221589
888449
751550
632334
398075
23018
488238
509561
631206
390084
679382
346914
295696
244388
486732
228179
443151
894715
79054
827722
816211
837643
413066
960825
816187
746359
828297
136935
456404
993843
462714
827252
815598
872410
881943
21497
590877
431134
217526
249614
660361
66265
907438
867813
553586
621251
650276
343955
535813
159613
313073
399151
650387
596169
582769
749395
318324
934877
145835
788416
738871
265612
587608
142110
686788
390372
997778
334944
342545
256791
663130
214214
16189
881233
562118
73980
334220
892136
867333
434592
469248
737074
489040
711713
577488
957552
259568
950338
547720
758567
818342
7358
522556
710031
839610
287750
219562
3301
712803
864166
64555
239323
872847
774597
901334
2799
288273
922763
962802
450073
318181
440093
733589
902430
38816
837635
807389
389314
4216
58091
172746
416090
87405
104839
180279
399168
56404
302737
908339
94751
934270
877998
434560
355821
98825
854448
880103
182457
199235
896118
748662
992730
187190
204526
28312
314887
505108
972091
108239
508037
470400
29234
61840
994619
794422
627389
797755
956769
553945
187362
286709
34967
787608
357790
689764
740562
344251
196907
375686
642801
619216
620577
245358
640430
541228
247673
191965
900655
614944
917740
254009
410172
935418
698618
510188
908492
167669
267654
192860
207288
48254
431134
773378
800273
336099
666777
118505
248205
604378
626905
450757
182748
928812
889584
788142
584344
145085
836639
494456
840283
117176
537914
639279
772268
748955
610791
300596
844817
132444
630085
763055
225992
959991
96681
366063
116624
778901
771587
295654
173666
249370
272671
260474
915325
451659
255176
730505
555743
145050
681031
73340
591311
805712
83785
959686
756759
121622
197854
373050
376080
820704
789725
59399
113749
334199
430822
768529
476697
25825
496064
65260
164821
265006
684448
181303
543386
444194
956619
310931
629188
722234
829970
281727
596879
921245
392061
543250
367043
217121
274499
361171
367115
767286
771444
770488
427620
208243
613817
398266
230193
521531
229108
783377
389995
151563
624961
834257
980469
642916
352990
636961
461261
195791
159975
696531
964255
640594
440313
812773
281075
682285
10297
155603
663559
920081
207789
982039
499640
660318
355911
761919
129433
159063
664835
210024
800166
451621
626278
914780
509587
849348
790821
561094
444989
317902
646440
489294
862018
493602
903651
751957
461292
964401
539300
236174
607368
173285
48108
166519
346005
273454
795572
809460
653848
893738
643921
341190
96909
746735
734769
917036
58231
654264
942981
928726
489112
796651
193273
391938
403517
900355
938206
215158
112241
451935
726761
325336
252050
230950
766421
30189
980800
116565
179619
107052
665841
348262
896450
693758
958561
603166
989769
17685
272935
617844
648032
299686
589155
977945
246143
319428
667220
570536
515022
560987
832774
533356
507756
97797
437672
509960
784076
188300
901883
435335
877753
955965
616615
732673
271482
144933
324968
404710
253840
632043
611941
138154
959196
139914
310753
108173
414813
678569
850506
539462
529815
129560
246767
479371
768464
113321
532879
471424
842101
632297
719692
180281
113561
813818
567039
690094
678813
191886
489509
428922
64170
319042
622966
324623
86235
774164
548438
821307
9912
78979
396837
131663
332318
723458
762993
661489
962874
649112
618443
409728
39284
378007
350647
211935
997224
276342
921981
457313
804879
765901
347804
516111
384636
554797
435294
429016
252611
554138
360199
304854
941620
795623
387175
979385
645957
285164
846223
626706
755789
428325
756064
55550
852653
167466
993726
408621
52681
296071
332516
565646
508148
532151
192082
79833
58858
887682
371553
412216
27318
75056
332214
75795
81844
888232
839381
935926
939825
61866
901133
24865
786798
862630
280465
349101
856388
704567
835175
406
686753
928831
926073
176745
152176
96799
989258
324619
934999
765779
675714
421347
153754
222121
281002
435365
86428
235804
722803
240124
60166
548497
602032
875795
493248
739949
562276
412865
906781
878929
667190
223887
734483
317171
24577
24102
454631
863258
459400
59930
789671
360310
909830
147981
206097
330841
871268
115585
517330
260694
528004
830398
346856
336373
933498
754524
185000
426255
859611
727278
960220
687116
842285
719499
724420
266999
903102
87610
404797
148603
252368
532025
890880
675901
597809
802346
357185
948309
440361
571931
39287
986026
453581
524400
623867
387240
225905
152751
80074
381729
705851
924136
488037
43965
83154
798719
409432
544799
454772
775704
631639
47255
924839
590429
974531
460605
858055
132143
941196
904560
934654
369639
883761
233643
82706
929991
60260
16704
672921
921922
977609
289077
771655
913764
328156
323960
915624
839327
566513
702655
281705
324212
774935
587520
884688
905018
729174
435466
348556
122766
644184
501247
536167
896024
871012
769838
323927
90997
905157
917521
589172
376198
604297
77984
328581
564500
362533
243664
342643
197727
676598
172907
404767
800898
986850
955533
913743
262980
694301
454648
266243
62269
391304
846869
270310
68322
183091
624328
743584
864304
191363
441326
986376
313522
532719
398198
88823
166894
500580
990553
919352
151218
324297
406967
235867
679542
789405
757327
298153
589358
281339
403355
527985
385839
541759
891078
369281
720379
309443
128075
227888
580779
665795
756715
987736
441848
125983
537802
391842
515621
972030
274663
323898
390029
477646
767415
685409
183236
578730
668444
315104
727341
561045
509959
620314
917720
616931
187303
198331
344597
645303
353292
454861
51994
852071
396573
560809
592652
250492
371890
505482
325165
991189
528527
9213
539299
938730
431550
663092
99105
517934
121672
294458
942132
304398
846863
147138
827244
368919
289035
323224
702053
648244
788639
244985
115505
725460
681751
990526
208803
949610
723713
273970
616059
665230
578981
736069
714473
190657
113634
517658
362240
109454
545830
807803
602808
240843
892745
333612
498656
480383
292679
624221
336926
941854
638616
238072
722148
3631
468590
703387
397681
336398
109066
691104
532993
339278
918204
670743
139347
997174
700469
517141
176469
574252
446474
759461
169517
20976
701767
489629
664102
23039
112174
714764
606261
715927
103435
383440
914728
696922
289141
962628
611498
479948
671139
944214
198901
218231
28392
462070
183060
333230
836492
300778
806228
943214
168457
408702
325959
461984
101471
364057
868660
514747
383828
275884
999582
720966
832140
919811
28591
594555
847936
300094
311105
510791
204254
579545
771977
261870
723901
366758
205025
35468
807739
142493
970673
988086
951350
228490
868153
497535
981283
811428
263933
800662
135630
662590
908428
977421
159982
874198
136431
624820
911460
688267
387819
236260
564304
687468
800307
938456
63376
288684
589870
881781
957079
865905
941600
348266
150373
473419
352951
345010
740520
996546
184629
565686
537711
491400
881972
595600
519047
312141
714971
634859
488756
808754
568732
974918
684430
496533
648614
931479
377461
866443
590318
259980
332914
701739
178198
497132
815595
257159
921079
926237
277954
911542
86416
56510
835532
597965
685386
375732
862057
590572
686695
979011
502853
668468
514631
868242
781162
183574
222615
926929
186623
56647
589014
847286
352801
953359
632901
322466
338524
51649
814507
54627
460997
332741
783106
951314
593144
263249
811585
387869
95914
198518
36295
108511
655210
573911
352353
927723
812985
59956
281848
398082
183716
906650
460694
347703
317281
724899
193583
38730
695805
748232
745000
914437
155379
12415
118934
857543
424281
475598
528174
946652
698545
416623
969765
330039
387742
63261
526518
162062
908467
50111
309570
843795
67175
127149
205585
957642
626277
337571
577142
334219
629760
361921
936977
92566
168132
333756
813103
312974
186151
349733
858828
997652
739679
682196
305848
273409
12621
240753
273686
19327
696342
898014
746561
515781
550035
616324
991434
473389
371358
647097
557917
721011
383885
9611
693890
768972
721851
223788
788863
389024
285889
944889
989722
675622
269188
608425
864699
599643
935336
540367
104048
894623
471651
904907
372107
240620
71980
746899
764006
513203
587858
811481
555399
983637
162536
145626
429726
777019
805406
216579
468523
97042
824875
183615
276476
213606
685030
891233
477844
801434
187508
760555
365096
444674
733916
845753
424067
567645
225399
62285
555593
194674
193347
39800
847256
633093
682582
113953
611594
102582
433967
143413
964375
81975
436776
37547
92952
692584
187143
397810
562150
407377
79156
936186
283041
491515
791878
704540
16844
965483
388918
179431
382550
59836
336821
70920
288627
641112
106649
952085
908457
390995
673330
319094
634599
853476
854843
938352
305615
609152
102125
148688
910357
290388
734381
95408
33471
162527
177253
30889
957004
363115
147567
336085
830065
77158
232430
65151
870974
303777
845623
598314
331744
159076
231405
540474
914175
134315
816619
318467
920519
940034
21209
583661
551813
558136
14370
192769
583591
868099
627388
274130
123046
482928
52070
4170
65983
364101
259184
290896
993116
434165
743284
760659
887634
937726
365602
769846
424260
453475
753529
278168
383076
249025
264466
624446
320217
28945
144406
378656
975549
884537
542160
124109
510909
387470
968541
951355
509156
921131
970368
224239
88177
298791
842770
960325
221220
701365
226583
859485
676696
856541
595883
415138
50442
225363
641947
308600
393463
871473
244560
190273
734180
709206
42469
698637
261879
14426
349082
466844
443203
700781
460130
58000
315553
235915
404375
851252
608825
195230
66958
379299
926176
893488
650180
427542
349403
460746
155511
998158
704002
829870
564369
111642
559232
53614
888511
254021
225399
343528
543713
486304
219392
171806
835994
107368
255952
566710
505158
263251
720182
451403
468107
452924
460929
625645
591816
134312
106878
977916
932203
996020
804958
645404
137567
375261
331318
157781
679522
258604
282273
904522
614964
331964
52096
571220
81259
10537
671458
671931
537060
455831
983486
849872
784788
696924
844829
975466
693628
530571
49557
965179
647355
220702
475951
416398
722557
230911
533162
709855
913297
538419
71961
662358
161113
31715
272551
331298
408858
858633
686907
975919
574260
161011
269366
819267
222315
717495
983577
128186
489955
64052
378052
458716
564778
386944
399129
252760
450352
939763
500927
505248
32850
138703
833091
628960
27603
540811
658840
161756
554155
800507
101695
416229
253498
156957
373954
468151
66133
226626
854874
727218
774657
979350
739120
100019
681150
630222
58560
483279
987194
333742
25434
358187
176231
421045
909699
786811
256038
124325
355000
659733
526498
798834
606546
402353
72698
859527
526533
568576
543958
68591
480898
88741
518299
13991
76157
324756
3833
251581
128073
928582
724769
354916
365214
138326
364436
392728
690813
902651
692439
740328
251882
287522
979587
540965
548952
841832
104440
830181
892515
790321
422066
611188
564791
308136
602932
998808
426830
208531
769376
840960
762326
341329
99560
421768
27696
125171
581791
526443
732117
424053
447529
420294
538899
263640
778961
501061
767093
524637
127737
818156
35585
352799
168748
818372
820379
287502
476048
875552
148039
129604
508023
37195
663756
977477
972500
161040
445876
422168
235914
73828
958127
527740
81696
715636
103063
756233
737361
26183
874318
124005
821824
718992
407875
960351
335561
236691
31316
236779
654835
167857
538957
219322
369025
182866
667215
720310
941544
901037
102988
270359
699482
738551
333871
54565
478465
272294
197016
604298
292487
737184
30341
620947
149330
1925
733900
89795
505741
859349
319812
514196
84193
804032
891396
80459
422788
1353
616835
400950
394408
243094
323743
421701
813331
908630
715193
177987
508046
209807
987069
890287
607351
339075
326527
730747
448626
217150
4289
110432
493116
126079
46673
973020
475871
844160
487311
678793
674754
364964
727885
122587
10584
100157
611663
732086
53113
215607
783025
475562
993869
791972
272104
844300
96676
295268
141536
236786
264611
808432
846917
756298
173594
898755
19038
778456
821489
238887
958227
215178
441663
987160
175439
846585
323645
526102
783808
42942
526479
620236
443707
570415
789314
88
49789
730485
55764
394935
431181
587979
757868
587342
860669
881813
919978
187287
813070
469210
984793
361702
108147
72736
184833
624087
847918
433251
929049
979479
808215
282545
731930
857739
444092
19109
739183
652512
933537
65022
584585
184240
635816
592859
368590
996494
104588
53333
734769
785838
822599
136377
500509
474804
196500
97376
542283
331031
98511
460845
654131
828914
314808
561571
599134
442279
936342
409761
816794
73968
285944
299962
196103
807043
587350
926325
640655
67105
353431
620318
18995
12156
553516
945095
419712
713731
488345
182367
301536
162763
824980
499244
275468
874715
129158
331752
356319
514644
192110
386422
80390
827515
137573
355007
589012
193125
386620
994669
784114
551102
992257
393476
555380
553461
513313
93656
812742
358408
944487
604463
87621
961511
547362
129139
492778
915912
447013
924307
64673
151046
946280
851000
190712
447222
534796
517024
268210
655881
313084
253528
299708
362007
259183
286170
513079
833678
928138
697152
900404
590262
629793
631396
638910
523424
166878
481303
188560
562411
613434
955258
528871
162290
628457
607804
460466
717141
993107
834672
198887
837538
221244
629386
988975
223073
159876
791734
248513
3577
604042
592212
260940
601154
646956
397268
85582
434408
402602
5035
427906
59896
477289
502959
972726
288650
871187
218325
915898
500044
379483
782660
890101
580199
67486
812245
895569
427983
599397
325930
160470
968620
903175
648040
214357
188384
984684
983890
881338
251765
745836
691267
489349
679972
997525
276424
960146
368772
36747
102424
210388
112462
547402
970160
995616
628041
243784
651855
664869
586774
349302
725451
275898
425242
125796
835023
347920
734211
309572
966258
352199
871545
255750
590260
923292
802915
646819
752087
630271
453331
693622
660440
746370
667727
786436
53449
762478
804413
139932
425100
449264
739050
552218
840493
922673
131063
843717
381405
539139
56992
992536
516807
800438
110890
807326
234897
157835
532969
812278
817713
210624
310955
889526
929129
649290
547077
475436
790817
160353
889271
94400
174239
35509
517822
159797
185253
616702
536375
221326
851047
799793
195883
922317
875687
160206
221371
566103
456687
746646
908137
993523
704874
713626
395264
308721
709472
269999
387810
746535
236300
178750
69612
377494
112540
713976
844167
555308
747909
36006
649550
222627
498560
2974
165271
775559
576036
339090
937441
529684
492897
582466
289688
285245
173846
107345
400391
95049
489936
219062
68698
91096
42976
935817
672015
210308
708312
722813
894521
233507
760418
209133
845489
740456
225404
529295
61017
688425
35283
595013
455886
877819
551803
719954
215338
853369
790857
55145
917874
271844
96334
896801
179747
721764
3184
922310
788308
750573
745126
466697
827720
992189
627791
339607
424338
906049
329712
181638
5605
417495
188873
984620
564855
709359
120018
262282
13906
113930
555863
129574
9079
147684
202541
391734
267183
229295
632912
24440
797807
696053
831514
375903
235623
148318
497058
779303
433383
510098
824367
568137
739438
189622
653528
977803
573073
136851
276985
824367
883653
970965
106324
595147
748169
900783
600513
685433
268466
511835
476755
649188
266324
789439
403209
474563
706314
585964
724078
121506
435427
636863
548814
368156
854825
917162
514709
45605
3087
447885
751557
929028
150326
175358
238803
181725
33436
181928
331167
931436
853346
64399
489743
275662
159992
359025
854727
171001
823463
959624
692614
57357
507642
638701
751008
321218
127050
807830
381972
512384
19301
813376
436681
208717
570650
742696
39274
459488
696228
765234
90906
655061
405873
442669
688790
945402
632077
957102
287398
593734
598384
729368
949504
737513
539744
94718
659321
327871
651652
790879
297448
766878
587335
775184
195226
409358
299173
557495
847595
171800
165653
380979
400903
92663
945171
217817
266557
793195
412041
386970
811901
313069
501785
351360
593966
413565
958858
175255
910126
691735
497036
632232
363175
352004
466281
346081
91210
617996
867851
36432
281643
620617
849124
14478
666489
837334
752574
974840
73048
451431
316639
376729
271005
542962
313752
718436
695589
133707
106538
55900
383571
891726
97878
702422
123428
831797
383232
562006
461232
972426
378047
945239
579263
75190
264899
288935
901189
689463
323043
383662
494204
462256
494083
576271
902364
728474
57055
821478
319290
718168
656950
606514
607610
626281
811029
269964
247666
53431
7998
39125
796829
561932
188918
692847
130681
233316
374120
575969
438974
781021
990265
215646
730938
726795
175785
331871
101390
129832
846818
242605
578943
239848
589089
776955
374009
355051
630462
774575
1191
251788
626457
754241
146919
97431
752803
975420
197934
705879
984966
444834
794808
486476
39538
596397
24233
249595
644805
234927
607813
759392
274455
705627
847049
301055
232863
192412
988004
14488
482949
396899
434645
418297
646788
830014
684002
517997
561467
217764
824754
4882
3473
872013
382600
927561
945283
138558
117148
567302
744588
317474
726936
380615
191599
491028
993068
299105
450980
863674
311694
845365
362653
608075
910289
159490
837043
125296
274081
366804
624882
397320
515225
554779
756478
920326
28609
9942
416480
663733
859111
956206
153457
218076
458200
729119
28321
39037
261435
69777
214820
270519
793931
910533
915643
728395
830767
689003
264795
830267
890232
390864
675323
829070
70198
821748
128511
629361
891319
341177
344700
451576
498077
193208
166695
863682
207515
475630
60383
319097
112844
454228
995988
945592
424752
561100
863314
720520
671939
923767
33518
317635
866364
73699
322251
587738
159775
851810
738122
760946
398783
745974
363852
659752
467796
808232
629924
638198
439605
796536
661726
354733
868722
178350
453735
398690
61840
240015
941143
540838
381729
615531
335522
416877
510976
908179
932502
21711
602599
410537
477201
370413
370413
793551
861571
591212
993758
242881
92636
165149
332344
653631
22354
547517
188160
819107
487120
705047
812352
266769
192702
856200
755997
651979
621737
722523
77464
987812
526672
969682
315809
597004
57034
232902
639891
177034
118679
615974
776017
984201
498561
962587
920187
779593
302382
770892
798988
436150
550341
303229
172306
279638
164539
737042
540171
393179
153465
514802
192537
887256
819052
389127
37218
124752
466408
62753
633607
301163
965689
201850
778111
735490
481736
744788
723215
339929
382311
34175
257512
355820
267385
907959
221341
822562
521729
166825
828031
79518
252741
845142
510359
475765
306462
851024
718143
397114
920095
555234
130077
689332
403872
821709
740029
915057
461030
628908
865290
300660
434992
79929
831593
653129
22433
796072
738547
73209
146053
109617
604492
471194
836545
848491
341156
823614
115100
864660
590346
380363
621284
254061
73000
984491
841470
551426
764575
806489
144142
439368
226880
858012
93823
584222
797923
171665
137007
142006
628392
35808
491322
812237
330824
846609
616930
991574
54615
655927
601944
68661
583512
754890
210601
339366
270972
383827
843528
126142
627769
4160
346420
917194
505219
802775
24389
577684
673322
855943
22873
595587
463952
653147
35797
762658
379525
330440
232154
646073
974081
415845
557574
317527
220605
798778
283812
45234
896110
216368
915121
138149
646303
961192
317260
125207
825514
783144
477881
280124
114962
621681
150609
72885
725760
736172
959050
850259
805977
129666
978335
728569
12856
293323
450972
52639
478221
647518
825032
612147
836625
274503
347246
627674
785381
832662
283210
143699
808518
18580
862413
861629
205551
924049
732301
305711
256076
747353
948621
51525
257174
484805
275876
501883
703183
961389
308428
568753
124828
220731
126857
418062
135738
386523
514355
364353
839966
519374
15010
27363
189165
912158
747062
264376
701781
445612
350720
957013
310662
16101
649361
546523
733585
627219
612509
926817
679899
663567
248906
179440
958589
525013
978843
513575
160636
808496
849012
136063
274656
490516
225801
438249
858867
179338
851111
950932
373400
998597
786271
76682
825989
775252
307978
746362
167966
418929
992190
338832
844207
106870
875532
696256
588486
689199
153586
466531
498027
759050
202788
499512
751421
127019
797042
252555
877099
358876
531414
196914
952715
30498
757724
155956
963802
113259
609326
136965
112017
965795
278843
511597
661984
673253
232324
708742
598666
244942
350467
512612
259612
806190
916983
185359
250571
72728
482768
679915
102889
742041
673204
310137
658372
827653
442476
424118
93147
231084
577071
230049
403518
462252
725832
594522
44097
920288
290022
341670
739740
270519
567808
531727
630498
880671
665123
965096
912284
975455
892505
291119
664770
265732
209848
328715
780501
289459
328836
874612
729628
712926
247874
781361
941304
976722
851226
84349
779494
949356
29863
296771
986961
230891
547167
912137
245778
723169
201498
688809
405957
301252
468865
369017
501577
856609
849812
743756
389203
498672
331479
951698
944816
454466
344538
468954
342613
984919
917028
409080
262884
481292
252667
757250
658046
164657
933459
142260
326399
343545
267025
137523
85530
505866
711098
324463
905234
190069
112445
701025
555347
764223
271641
417460
53035
703070
402540
67648
708264
327488
401370
127729
128014
348612
338710
642182
463285
116300
88976
806582
675901
430250
852091
209965
156271
214007
909689
533555
519922
351170
538278
161774
792807
9190
751294
42878
964513
271861
699308
403654
950084
431888
943856
4042
142841
695192
183851
789108
419083
333567
237706
374641
469153
353592
198477
374840
627544
435661
192307
403435
277821
524879
110020
993494
398564
663975
679482
250324
685095
767627
636877
321744
29951
991309
767514
787241
141112
657933
217263
872047
373652
291919
100022
328715
771134
119143
674619
908475
760681
594001
433627
212218
471109
457437
946187
183357
79646
290183
741698
325402
482321
541669
123524
145156
793771
809721
253772
644721
150431
76006
46358
796764
363428
418688
923078
84582
462185
267836
324536
496088
819190
688454
123685
112067
727840
626930
107310
948872
477929
807818
135881
933044
845234
268933
696197
788291
847901
169369
797819
752710
7683
361959
601555
347806
548943
226069
517936
832744
926005
857018
806457
487603
281363
302066
1989
102636
346082
505104
871010
742299
883672
453171
153346
621190
430686
21169
190979
172851
350633
462513
431450
375371
752695
367701
555419
829146
948712
45716
659687
525555
13303
904549
37810
647921
969683
678615
715567
487768
473438
528382
858011
446617
526785
307335
91747
890356
901482
648237
834227
682296
460579
83972
660892
396198
960208
732467
692577
858484
301637
721215
559711
431981
284545
815746
164502
979957
479116
611322
693720
400683
350504
905405
306892
367143
442358
555402
882143
87266
718313
137084
620105
305269
667423
333208
588471
76218
850081
520005
423194
769615
792824
451227
86476
772857
691882
822419
851034
525796
554896
983071
112114
812424
366997
323091
683434
283880
364877
316288
695275
733556
823535
631714
690552
595343
328625
28143
863711
362603
401215
174223
378042
619407
195351
525099
156578
407418
925699
437470
796786
855074
449076
150921
459123
59733
959800
136387
824233
12097
327512
203245
745593
456527
344145
143395
197877
541737
474029
997710
689350
489500
629244
149590
212533
286489
686132
143733
874326
633046
585891
405223
540433
917010
30348
884029
805966
405237
996646
521937
62076
860117
675629
487700
460031
191445
572130
274691
359092
903528
398182
449656
336673
998451
966063
605277
812478
207249
750692
845499
227098
3568
697627
52849
621356
96024
356268
80447
646391
535308
263346
468290
820184
177097
399838
477434
975343
985899
29431
633735
672744
389423
585970
118963
650341
632787
286761
675944
806922
203546
474619
788482
692772
809836
51841
850111
963766
729113
678632
266259
374754
671998
789488
828121
639153
798016
268800
432675
353023
657462
810275
909490
392902
850083
746083
807873
127941
135264
423936
675452
31756
398680
440269
219534
788455
62509
726696
723032
552421
146937
780436
259133
948099
138991
761333
174298
221818
480543
281575
794643
351714
406232
8123
441033
936705
865063
824974
771943
923637
919678
74696
557084
136889
257777
813934
963171
563991
71705
564581
575869
945515
307483
262340
967040
88527
508931
436692
685257
976232
853578
115943
435662
171916
444214
969042
545934
745295
662432
546888
366889
295721
227473
449748
757644
373125
265478
718130
770244
4072
110611
862795
116084
464700
51556
677068
580322
218617
623006
450786
965035
962095
906723
85588
639959
372658
546869
982524
891719
45602
112882
548835
155915
854357
445757
380600
716304
293667
179006
245293
431734
505935
192319
372591
403968
869453
656503
96959
349861
453492
773668
738546
761795
368002
278865
354881
687795
825862
7031
864142
495607
967406
991104
943540
277840
893485
41126
783305
424493
282505
336762
240243
752317
585790
767105
577316
639845
545042
240697
45811
595085
711478
308665
847896
555605
424854
734838
80772
621222
228222
609122
139163
447203
724776
762606
895567
144893
71974
785712
965850
970662
997416
673121
724055
158237
209899
278205
409726
192296
272959
498957
380218
945248
561267
332801
287721
306342
366430
473910
648751
711283
134413
522072
921783
30542
923844
703201
370696
113878
956915
919168
775743
279615
509047
854164
86703
681306
517897
958167
84882
962060
31303
59800
18858
392288
573213
798304
848568
809209
728016
560951
679320
459680
162279
114431
846263
248956
680246
92989
636851
258079
556424
53816
722061
264956
34472
341626
470157
708023
425484
549107
339507
339797
763167
337149
72213
315347
374441
274683
474394
341202
790301
156698
834193
850927
719360
819001
955311
749297
732081
63141
618147
276060
394457
695613
290520
143394
170607
257653
338502
555769
782888
198133
466805
532232
822138
552929
402000
62138
822540
9076
8930
947893
328636
903429
942063
269797
221516
272492
960497
18162
813482
229758
484142
468496
673242
475571
298418
776628
951042
792233
238511
134244
830929
891137
175981
612967
287693
156007
31983
854812
817657
313264
525796
824935
507551
207836
538567
989382
61823
668218
845460
526529
670868
333355
928678
753792
199743
349822
475314
76982
173779
182523
427098
211963
794620
512700
632751
778168
957708
379316
988486
834428
200484
561299
114997
601515
596987
515778
693099
389845
875342
736649
168169
760869
758052
665425
363809
398896
145021
640963
18153
473325
199574
365646
911260
604484
708956
378952
37133
908671
792619
291436
25001
429917
837697
128258
187752
71365
735684
66012
151728
747800
717676
37116
444358
588191
992270
147795
770609
207139
18566
531684
437549
408028
504833
654343
34761
418625
865892
461962
153310
853310
454941
920946
776492
251204
309636
488671
237714
727610
196141
184845
316009
854481
473997
811959
713662
991221
868933
551894
916011
904927
828368
883334
280401
959623
639686
86090
477300
447351
558922
570726
89331
887867
333143
424298
699682
986677
203681
92559
571462
555853
565931
412602
636012
491973
83749
635485
415846
202922
506495
887165
710179
50854
168526
23118
758122
947443
973337
893178
218675
842666
932482
805440
414434
640505
111820
777401
90209
628595
173389
499255
109848
336770
397873
367238
708428
418103
642984
337940
318929
694786
533677
511149
478957
45565
329076
758110
218507
194658
877296
482747
948121
135389
63550
772157
493503
414845
407985
543427
820347
899076
374395
837881
609565
755997
940084
759894
305244
209389
322378
364543
593876
80834
70342
343305
925917
794856
947830
521436
941449
724250
212221
184947
471353
434838
729843
783295
257244
692105
986362
713387
571846
389546
280542
911163
341097
703395
171368
729357
689266
416425
32064
671170
235522
260909
354492
767798
395015
859050
69961
679850
843703
178783
89140
863875
562793
40791
893846
655019
607760
449123
844570
394006
436500
351722
491244
207647
481230
150679
14592
877520
827488
322608
934844
571457
982895
192263
77380
254487
339199
804681
880416
359022
605609
107699
163211
492881
717371
202661
808026
588582
874284
73679
524486
411751
979130
816520
271897
73611
85858
898301
273649
492931
276860
400838
386100
924320
487664
220564
299345
570769
704089
591495
713262
593738
994292
478428
554676
912769
445636
192835
417651
164882
708102
775567
358898
567939
504780
364487
20119
629857
6265
737177
362863
638857
713176
824494
460443
371011
243609
39193
622808
777032
419496
998249
799273
963108
739627
636765
335075
70710
984793
272503
384789
808533
223858
464169
297169
195533
500894
642412
210331
142535
967462
643184
629166
749574
354377
290862
68581
527053
18940
887833
11405
198495
256962
280050
904900
968926
672099
974715
673357
638293
520332
742723
828148
946897
449218
638112
215256
661354
185604
498747
551578
811807
295677
837445
564833
221983
190499
800712
660935
92900
631407
183128
702755
795130
958649
250024
382451
931742
733551
433144
514534
848641
725490
953388
200452
671340
635405
741433
837435
457405
263698
545080
140039
243471
69523
715869
580284
31800
140730
332097
423347
370412
291654
937691
800079
57022
601442
141581
987755
662791
315235
293658
918242
327135
974814
946486
528826
28040
261604
662646
76973
753963
723292
656551
21014
305722
822203
873402
667445
697908
886306
372188
641311
312519
191251
709284
153669
101583
748753
378662
396446
686332
664980
837989
380788
722963
293798
540901
596488
294667
965661
438685
119331
639895
389237
480075
516667
988995
118346
448482
623166
402104
695918
925087
523582
527770
691693
723898
692280
427024
353883
512119
4098
139747
810965
780251
464273
687103
466269
502460
36516
952024
135948
814322
277137
210278
582643
914217
479594
461648
812690
947736
581452
456999
410612
894028
227011
621833
339813
78046
142493
933094
146
842051
490378
740383
234491
501314
794732
232906
910551
155520
530433
608850
494916
973751
653098
472060
824552
949701
24728
350724
568938
907233
818322
314853
552007
325096
759013
141048
320657
82262
132584
401844
343498
428304
117994
77332
26649
88733
883707
959446
713383
661557
657236
687007
278425
62258
574691
449852
940074
677795
958135
833027
125860
746560
185605
55384
844730
672503
728405
852939
383941
781925
331532
925535
826521
401376
312022
257382
310340
793265
802479
592071
432610
222943
527119
379938
824992
396390
320432
175178
10443
561223
265917
467633
725460
714169
817369
349089
509346
761853
326728
497958
658900
488463
358078
761866
242066
243256
424962
941304
146190
62016
163391
967490
508573
855617
65639
51390
55148
13271
134276
973963
692832
774836
398109
289649
902862
541904
530689
899559
34900
454845
706995
590766
877330
520600
626802
489178
437449
656092
912995
414192
56654
668048
633693
688875
58730
119649
919057
907417
33681
908426
47956
957603
584317
37743
867403
227177
987303
354314
531762
910347
74786
397500
141960
529221
132180
570437
225883
268850
966417
113359
50795
268145
844693
416613
494846
421733
633822
65857
755392
428758
3748
449218
958740
910389
208310
802620
420859
681404
186867
221737
234591
383668
854945
888062
965373
720208
880813
567001
52014
374967
816256
384406
639312
766175
252665
817025
897877
761685
422669
944101
990440
272729
732793
254787
482423
413221
274079
67295
362913
429902
195012
353716
385022
188932
836197
122759
5317
209396
549233
942617
460638
733068
49960
257845
735749
400222
981198
945642
615127
677598
267
709395
942205
321030
3298
571730
676210
781912
944268
961755
967730
758467
766385
550636
362753
250527
241730
234202
506197
164307
479093
135111
755104
824278
170718
303728
376510
417810
130023
241763
455352
657444
426412
806030
992051
295168
578869
83569
922360
307186
310097
22837
559201
497919
232651
295703
272348
570858
355084
838461
288095
344978
861197
590953
674792
49465
754294
703755
773296
189983
933400
494640
822380
815053
371268
716825
141566
870637
413254
863143
230783
792918
38081
211633
229345
27814
85736
39736
630469
470729
715990
505586
813016
75094
913675
585986
205802
491480
385476
251081
116621
547881
982902
214358
224550
830394
140518
888505
543443
5872
589416
111605
702393
781609
609970
69523
191656
414044
984732
224403
972909
952415
668470
993534
874037
618945
340998
899927
874265
72023
247964
836399
238026
895188
581268
808280
91226
687250
792872
225969
911717
704557
181423
138464
411418
856078
250550
296799
642026
447942
346553
851117
476107
959952
675967
85412
2025
477113
808719
988331
878570
721051
214546
652673
912412
354629
779846
75962
925630
826166
960924
577159
938728
927304
813680
128237
932119
817706
932323
175576
516249
270214
262166
951881
982097
762113
956036
92010
70120
702432
182716
779394
736912
842696
976250
369795
633526
624926
932641
378817
862852
676557
476952
368573
656848
616549
142974
533664
800804
620769
166155
193283
558890
994497
643716
507691
70644
618134
111002
539410
942822
134684
980384
648096
224705
277377
508264
962489
800652
871812
483001
906223
564193
989625
636654
649624
225169
190952
972462
935419
589557
666965
287043
412324
772370
333979
566425
719831
83880
598834
332886
972833
773783
73808
873744
466122
343662
207595
967279
638950
541970
493019
750560
420170
836808
34078
587955
189532
595551
251126
353875
881220
980669
274285
460447
425855
373636
194936
390441
924946
616352
304953
218762
945563
151984
420895
18975
312770
580750
880041
114917
840975
949117
139335
401773
129046
884014
207137
201147
662925
283503
656753
321665
707774
969137
636875
830899
223255
934836
404157
142855
183135
441233
577361
160395
91395
641891
774063
470562
810703
715155
369503
656220
344824
399359
322221
18801
39957
51975
926565
286106
789870
854899
494910
648077
956589
353284
795731
842131
641713
96982
370572
581575
993474
65454
169883
827949
996639
557542
959395
807404
508210
431474
159091
816809
884517
772622
761135
802946
956557
239750
937999
323556
48260
164705
739905
99338
609110
98731
747562
601363
531282
500318
168202
68413
878784
492076
28478
711620
573873
97900
549470
876241
500785
350110
729542
769697
39385
854237
121202
311027
988097
420192
936003
255981
889683
148012
869726
778188
46524
506842
499060
545926
734971
189568
913052
58623
868891
742399
336795
790051
620798
265193
267910
845158
33807
543756
448511
620886
29593
469024
784923
457113
154934
209737
600420
981897
11295
944840
755770
98344
828899
478532
259348
88642
684211
432113
266980
46814
983961
683419
