4141
657750
417509
68233
736777
828459
921744
674764
558776
315474
823807
936300
767793
147668
320884
12779
618036
333714
631060
349457
96387
815502
599654
702282
54893
434899
578810
973598
549704
782275
261542
513672
148988
511867
330412
679670
498556
518564
144760
740253
728080
372441
691396
599541
193678
278832
265758
619160
37096
80615
319362
71923
523742
829165
911649
314470
370708
569354
670723
210750
24190
33003
677320
555788
798775
175246
818698
622178
75954
883590
999710
187049
763271
357740
425530
399458
551727
87330
862064
429367
804235
566341
170968
54525
233566
582318
764748
533193
612892
414309
115149
24300
894618
49252
975620
969292
33124
292547
466402
7904
352429
484356
946792
424711
45537
746493
608003
236806
137111
374686
529807
341596
205986
620574
131324
676036
526727
859015
513102
811207
458824
889306
769662
219899
73439
238624
782718
261212
122502
998798
496346
512132
998451
261140
709562
243146
831394
385538
386052
527221
939018
699543
128926
864540
992689
312808
807377
835547
911835
742826
161289
458867
684702
420444
685688
521407
738577
55507
452891
478159
457763
883811
275029
81187
843527
966055
257463
926598
443853
581934
8353
829380
906636
611650
109122
904841
966396
227350
981754
787031
501408
842187
821281
133027
226336
817119
744161
250829
194100
793075
423294
39099
937981
755063
369654
711185
830062
776884
107268
392846
579815
650869
381310
943302
519842
466579
734174
371511
283974
793244
33629
425099
599129
561183
64891
967338
201299
315543
822620
669432
971917
630706
161420
321394
140632
260988
670179
745120
767594
696429
809156
975544
188084
279243
478655
965903
791951
595709
991766
535356
798996
58094
230109
221643
867210
66394
142459
536731
660026
694392
562637
212437
301855
5700
185321
840073
237946
959912
383615
528231
538050
2502
71836
264470
110775
668773
705928
718580
544471
860725
643216
172651
438954
582208
440670
908012
423224
848240
482564
881547
3931
818871
766807
999351
626543
240414
382072
213076
433957
733038
289582
228855
395703
745077
850287
974461
778998
945717
798142
99336
244735
759599
56813
431128
268428
678535
205764
579138
131494
749460
607034
914895
910456
609734
199840
74355
33727
460980
307805
72551
925726
61314
704596
17574
423822
516075
392674
35777
671923
62705
606915
937760
435657
204510
468500
545622
169341
805621
163059
26847
438424
366074
425090
340601
277974
440731
731787
667612
347861
869562
73405
245782
738089
744472
674901
248327
733196
978911
733528
98679
830131
836364
871740
709135
859196
949367
738727
792379
912834
371776
475023
691353
108051
170200
328320
954398
161273
59113
754556
441350
557365
144675
113660
562037
115274
418532
656021
710383
333685
56195
309622
292145
66938
378938
848014
169642
655577
336429
987594
711257
109856
110491
999676
194756
795866
103456
697495
488402
341349
803748
940567
338630
835745
842212
771005
379992
335108
515483
610168
816881
133195
393548
342239
945859
848459
378287
566363
948804
674470
332790
562658
501189
971608
899770
11742
943667
392049
506695
693868
904232
820381
960768
954559
514991
996511
891825
664613
512147
916572
570480
204834
249762
224148
63342
407544
919171
322603
124703
850632
161137
960037
245700
179346
945171
916017
152721
117913
510074
170268
356800
11362
98614
885606
351410
664154
225621
509234
512253
808663
131449
511574
487574
43703
188437
231955
348316
387813
540484
918686
418815
418106
648006
347933
564235
616063
828631
49453
619349
787921
368750
836704
807104
331486
573967
196484
57388
630603
926221
465758
320125
65016
74912
961142
505795
220763
413086
500044
59467
381833
637274
292200
808065
836499
598422
138063
963456
163661
789221
396370
825016
47018
60066
221120
747451
902659
103238
473467
960228
182
198570
140264
792292
410475
416858
617600
770922
750130
508050
304196
155823
676040
78424
193037
475355
112249
636533
362945
16663
309471
339857
135009
887408
718856
193002
933568
537060
76982
327025
13839
221901
28607
471553
786899
470695
407637
119037
412919
123968
573792
939844
870717
996603
642119
54356
162512
266944
906638
673592
393462
455684
365018
323183
450209
937456
993295
710043
277604
626225
167642
377634
521731
357403
685962
83237
358307
520762
137497
368603
29536
848183
961417
817033
489342
509732
146282
705952
317367
176292
63096
488243
329522
753722
106273
924819
974037
467820
381091
770249
932913
161491
231060
304623
699804
536066
861947
105707
749148
966929
204828
58377
399103
763589
167954
844852
946312
796509
917716
622097
733636
450812
827738
391416
342586
223534
194072
150736
359872
768984
607977
148934
508906
734401
555207
109034
573342
507511
102583
994598
993219
347103
754370
954971
852760
730973
287069
576154
437729
365211
363306
104251
662779
769018
635799
652254
901201
921811
90724
896124
829863
743849
797507
837288
416788
630061
268888
709928
190476
338092
947232
1386
534619
495193
625197
845669
599342
987059
911439
955213
352140
22866
505039
332338
151458
975188
852949
492278
268539
3486
985705
962025
986638
940753
109654
322115
416369
899147
911915
807037
989420
739287
829787
959436
838056
324338
417796
85755
175239
470907
570636
445284
147853
141238
265576
879434
42619
400764
886263
906006
13756
529411
890506
761580
598393
317830
380743
705770
742983
184465
355171
224765
541824
657515
580172
800095
302127
156447
732009
59185
967461
817961
910457
30768
517736
613690
712984
447895
511051
194216
831840
533458
729945
109493
455148
228762
935659
774843
310328
865969
196569
534449
99812
315836
512205
939548
973655
926200
250099
536084
317696
490650
61196
508849
617144
933959
1570
342867
431620
536045
718614
303051
73846
777340
347669
548266
470194
612933
375785
481763
460110
259565
392620
971231
311891
650061
444439
422878
364129
348330
321784
172421
945326
638284
160578
685832
148463
526525
598462
811700
303119
940768
298272
980633
740316
521195
589684
809555
894209
24962
879223
360373
865198
766193
524354
947537
915988
762758
731617
905445
881548
162121
590083
881893
607511
984921
964745
960480
693312
537317
310465
989010
184606
543491
245228
330695
724854
190320
923131
467239
828349
156581
282585
526114
64954
855762
155938
172600
842506
417210
27441
154789
778749
271978
333334
44456
989534
260951
904551
536175
970897
938579
522733
253025
709588
964780
251327
507463
532391
766497
914541
540504
303816
431170
979859
170399
655000
501475
657741
679755
301273
697852
291913
247507
244313
521248
663159
60548
270824
736792
47134
256424
127620
128476
511112
911125
953366
18669
348446
888079
788949
661842
337038
168027
81865
778732
289576
50337
62570
161976
123592
910204
274215
617505
696814
464482
332098
454336
873514
968811
646360
723057
230322
517056
571647
857427
106390
992225
737480
584667
576906
867922
411939
193621
262114
411939
364770
744185
988125
418907
810326
443622
446424
522112
968917
751550
714531
549126
69405
99741
932657
31826
793491
660470
364905
587881
3300
287244
133145
119033
667853
665035
479242
242692
993525
238337
1710
671781
872183
899708
783734
980801
716094
766464
745088
601419
556682
706277
164782
972339
420175
319627
441618
770028
411516
737595
548485
732824
186905
990300
423511
398227
459145
441487
520864
82585
458991
552167
322293
777301
410221
975944
956599
386823
770376
259419
694853
630672
838759
163243
830225
11421
557626
213023
88400
225262
321144
941716
830859
353986
500224
467030
605523
226977
960097
66236
917841
225925
290997
368797
221819
305702
224168
264562
619555
623137
662359
208202
45546
539460
713427
274148
513617
31928
573700
569196
85040
574412
54954
924949
176511
319706
258047
570767
564497
502936
334265
288934
326177
363005
643307
434679
880581
446925
40139
354127
530431
69891
49102
117985
977971
283931
989487
599012
278322
354553
301711
341959
100404
874553
73143
303506
209445
381972
329721
98074
31830
495851
203380
981472
101716
190323
405941
616008
142230
675134
177787
555569
8591
905634
695251
426933
360548
573320
615074
9342
548600
423059
706625
755907
757602
419818
470274
870302
155136
326884
465425
90188
879525
24527
168118
884224
127213
507869
708855
197860
266802
935532
868315
144621
919511
181104
101193
769049
680705
707328
769230
454728
327846
139001
904893
368180
45373
870035
241904
658959
917653
83646
367341
979832
705666
197304
487717
864601
471666
66670
24214
336800
632157
604684
356111
875607
279899
206115
419987
986018
425551
462390
172567
243477
989185
366689
621094
245807
195978
769063
42213
953847
1064
115671
149424
900082
929393
555993
38882
266238
67749
875738
929204
271055
158364
31570
427709
795843
479902
638510
346391
41187
588241
670559
489634
866552
504141
88575
921314
196680
804108
834907
632324
635180
82365
901025
862206
158735
176823
783335
466259
835909
90699
95765
147318
586053
393074
335793
436934
716933
995045
402565
327352
780656
238092
749167
852243
622983
210958
894405
866964
18001
52551
377890
205169
535552
297879
498770
20667
718114
921751
330262
95836
355520
2471
973972
733824
335639
123619
753822
626577
84784
846068
793117
679194
661918
667330
988506
925453
337620
700871
506344
281823
314720
793343
268594
851985
517064
213884
270045
164426
62400
573910
508569
523552
590212
682879
463817
23350
55128
133748
242381
462591
604634
966735
860072
706145
584321
470777
855699
643572
913076
596862
637853
635753
400841
899193
452093
552520
141656
157870
299510
355601
70396
534582
568805
614020
588710
356821
755050
721661
342621
716007
178929
911991
519510
868601
76764
398513
981419
398389
893071
586925
523067
548469
888535
943509
672607
306872
913847
692409
62020
70514
808017
356147
537450
732477
341678
880108
463288
994030
488618
694135
717689
1731
802943
504346
839927
664696
739628
975598
367986
591672
247169
316060
992765
20976
489098
812935
646326
298176
322710
686024
907616
169227
847394
546644
441183
996142
152103
83323
227663
53965
914621
29257
982913
341001
656170
984143
161618
939214
586316
361084
83498
913096
792286
26596
984078
333365
147690
24611
435363
21910
60171
28379
571136
910399
986462
688088
405422
939342
394885
535189
696255
637816
865943
217048
509959
369407
443560
714040
918140
459775
792304
888703
170150
953704
786522
612458
269826
39686
99179
130061
375417
900604
926733
34259
375608
985232
762808
425123
489708
715679
62908
103071
637595
149169
445996
118854
446754
543015
311402
701689
835975
186641
506060
136603
767482
421148
834920
435281
329197
42857
870274
261289
638028
598392
234510
490070
576539
712387
609443
436057
144300
318887
93567
564156
243833
198269
630257
986681
332835
72712
415335
795703
530184
738950
409876
959284
223291
238633
607165
247486
548451
502816
247585
442523
410609
840910
609667
476552
326463
45980
128981
69598
974402
621546
896643
565777
985196
498592
680025
888339
635809
130531
585425
537878
178643
543460
302909
517422
819260
155090
509517
592596
193847
26159
896126
917063
679164
410816
697440
620556
72630
235102
228225
530263
669891
155690
216763
384834
231495
752286
273751
149434
310445
520766
797469
282681
656956
473005
611770
570669
500305
804635
209420
424632
636991
101084
697100
656209
995775
577108
929816
935943
286294
974799
116636
485094
711554
468333
562844
391666
742240
684538
130465
168464
148061
688476
28798
809476
621142
716517
505086
350101
349455
571593
918125
270157
123469
395561
285183
399645
267025
954765
908384
773405
10673
365169
328728
768112
824596
218870
488474
796678
54601
812089
769003
699707
632196
127361
632874
267420
345335
73362
902912
628234
582794
257630
140452
543992
957430
202715
756043
296143
305155
961712
202667
195888
551196
9097
381419
571481
725004
498570
471977
3297
576471
327967
726631
123677
748087
26930
483922
743909
212914
995574
639153
819633
257236
38113
117159
923932
262158
814838
606052
10315
622187
255168
796334
495655
271851
467162
553416
668997
416958
244779
261884
890855
93726
73200
11594
185372
134921
97010
222125
936770
158874
603478
453446
828140
982019
704211
832552
911838
476714
560958
325887
593205
535837
20033
530653
235044
533810
687658
881315
577241
495679
458975
76808
671101
113394
820976
433289
523867
708239
886277
170733
64472
249285
416502
201460
506464
826667
292345
132955
355618
559388
707638
709967
269873
649195
563703
966892
265355
838277
990011
630576
847159
419554
970474
401536
511111
39271
549666
682711
964029
239580
245423
935495
978186
81157
24666
796525
666161
781727
999384
926774
288395
476280
539683
819783
860003
93163
50343
605710
400257
13496
925202
81315
293316
336764
553038
219290
893352
634385
479243
774183
337960
857220
62325
159662
315645
933871
442565
951463
928900
965043
354356
44459
630461
716820
820425
761181
344432
495473
25235
682103
34602
671390
624179
272624
739109
750368
5393
225735
774853
348612
678319
819119
748415
889692
945626
379543
471316
224663
83900
200789
415547
700924
224975
49262
273821
257923
497324
435652
835770
875984
758466
997213
868713
708365
88674
545356
281404
868706
682742
479166
385410
547604
918226
95651
263845
244855
49506
166454
608372
748369
287683
526891
407356
508365
727855
838709
996815
6041
623632
236401
309414
333980
633397
809330
708898
493975
584482
494377
652910
277911
475841
581489
308545
410644
97719
450293
571776
197162
173906
303807
486976
574065
817822
528221
361321
445819
777303
713202
179574
687849
205240
234774
287704
851050
616114
729067
144507
234578
748216
333757
391392
717971
142967
779029
750569
827930
398371
962779
612851
30600
293357
766949
268957
340427
790481
995232
766824
750553
86859
620889
62135
637065
649129
697001
186357
245709
89788
157371
13781
926736
476392
638715
786484
795368
187547
110493
125084
64888
526938
8327
591458
155237
328567
123676
720559
338803
731423
544678
519963
514427
456592
902367
123509
644363
620647
738461
97695
498330
737303
276759
746262
518310
978934
886040
600656
184812
605041
442046
243838
262403
139360
615791
65137
242966
542836
450074
326169
184316
159245
792485
8360
458038
251497
277048
970708
252484
149558
112037
399676
809572
17736
585395
748706
110248
484197
469382
986007
832947
77374
33196
921140
220432
900793
608774
279748
58862
435945
568913
381887
987260
429407
937808
230001
388445
910938
780312
577658
336456
981401
297528
121838
94528
978513
402626
445532
464170
886395
94778
306028
167504
585669
571547
602850
631985
759976
75328
263295
507970
459097
156214
901958
628869
456985
983771
753372
689861
551079
458674
321480
972395
693974
790535
202459
595904
177785
564537
748329
34304
815610
487529
22389
792087
52298
672958
892587
535099
826930
718738
1990
344997
161928
882940
21394
922925
216574
303994
515403
14273
16597
950331
885029
427905
255343
881735
535333
514683
40577
411084
212588
141694
199271
512006
519380
120989
721361
850569
684275
698818
399579
438766
924029
550380
644219
941208
891334
914438
637267
911202
107876
37733
123495
954535
87603
310238
569000
446317
875058
145346
808815
610414
9034
385336
762565
733637
124207
597749
215647
981938
191903
227162
110055
277642
981960
401961
406965
343998
259910
129573
889244
38917
901642
285766
932961
455529
451094
130390
591367
158379
499236
708459
859718
725716
229351
130177
536666
230298
352361
788339
848375
695979
971155
129814
383449
661912
75467
180339
573562
354657
709367
929950
320157
810777
979425
704311
503752
933430
276083
312381
567246
519287
794593
106058
618058
102898
941093
682991
338600
911289
479654
90796
480605
323432
936370
627148
885431
525390
556394
635227
993998
624502
742205
720069
12058
484561
135372
201677
290078
747905
420653
651174
543299
88964
116364
243570
418559
435387
60651
512404
160820
667478
888393
286772
666133
250783
918433
291151
635139
146207
943369
20087
268214
394801
196539
938990
955414
103969
585073
452379
599786
57855
105513
281191
744743
367622
440776
470775
929450
362340
557147
320326
81474
865510
60344
807645
505572
255938
538115
633266
884929
381312
947597
920475
488949
537669
190358
257965
647446
143357
709619
155637
567213
979300
323723
995346
648321
815026
937979
556590
460750
547745
376281
26711
600725
803996
507350
679038
558989
829125
300221
848266
83639
229539
28376
199706
34575
497831
493105
627734
503774
272793
542838
39408
186349
50340
956598
689149
885780
298170
756296
619370
866416
792933
695114
23964
497778
964716
316039
245288
598548
57310
905074
70444
926823
595902
292495
574728
179529
720458
164529
48124
210738
17962
292574
384480
440429
195954
879758
606266
941731
382164
726930
238207
945682
309861
478546
639017
597597
742154
48431
735857
903358
715839
813511
302186
752151
64323
570518
440122
976741
881764
849785
605557
760213
991330
637839
810455
524529
418115
742648
611038
518515
147635
829055
585154
791098
282517
334036
87058
541978
418986
805682
866413
361614
734300
512863
371225
309193
806184
608018
936771
637546
638375
760046
814611
490509
567223
510957
418283
452029
920330
869016
942333
858952
433099
58994
542214
603052
785320
668021
149291
986669
652608
713140
347246
696712
222443
552799
462157
521537
399200
531813
457975
798041
212167
727604
678444
293404
160860
171932
390896
48406
892092
150993
896235
670693
505744
543439
937376
163562
440595
75160
538568
868249
305729
52185
557194
369840
353950
831210
225690
557893
945631
561972
112811
472248
428473
626350
602322
343623
885893
218752
852281
99967
22093
260360
441020
975760
706230
475002
863523
613050
851273
578338
374589
449892
591775
133509
510421
188299
326633
970085
592980
379159
68122
769892
208691
669705
171505
735936
26010
543505
332262
988029
119258
406269
893360
206240
859076
78027
972849
4375
403812
337311
838080
715958
732509
534992
178832
529756
956002
590300
245889
686708
455118
659900
557699
729303
429537
569043
227747
954959
778456
359296
787956
407927
956968
216402
623515
275390
772054
554011
921462
307658
87094
837341
1001
767416
497342
41441
157447
16898
384837
668199
19162
91322
178526
54968
611984
697011
680331
839639
997506
88639
347552
470742
482977
45202
416374
274628
583167
802565
225672
714436
739384
479479
815213
94905
987131
989390
226354
31197
385208
744155
103955
253745
140968
980123
436438
520399
12980
621146
209029
650075
757955
822003
225030
328664
309923
284402
322648
380694
679571
323482
575980
154505
602346
961026
291422
404598
631848
343130
670094
747654
629784
308875
185440
323517
587038
669180
392652
364996
58595
293618
780386
144802
179865
349327
748190
460425
664877
184827
443683
624909
267465
74208
17048
774960
36227
983183
600540
218008
322725
912448
563047
141026
317657
896438
548158
531791
49969
209217
234066
872540
466449
166557
127158
771120
879482
270840
984059
199727
568691
953297
145963
39788
141525
291388
459166
408187
154676
159042
290235
36131
655013
747301
909391
303410
336049
808769
914115
900075
767637
206733
506429
654683
253426
992833
453206
427210
773143
982162
594035
680652
72105
480217
279618
893751
606957
55121
819539
915119
455986
26111
473232
764828
957022
234540
472987
875517
571347
286798
283139
732182
693117
476933
282530
90821
398202
999745
763029
107635
950695
945472
773657
772389
941252
171317
583550
81266
278851
187396
957835
821775
946802
901418
110511
471366
943553
155898
991391
944838
17074
459906
445712
202323
290078
335692
166291
982302
348702
435840
275912
755439
384348
420711
172864
729150
463478
777290
319731
442466
763467
373049
860698
8353
210598
490087
119211
865638
853701
560563
397871
948176
487557
687425
497793
136038
153323
272391
227429
293609
312529
650916
52034
677122
90923
45802
858685
362523
213429
904636
394868
310026
100987
721811
373012
388903
130052
421275
341400
535294
200348
521210
734750
967520
515581
157936
648487
496852
771161
614617
543083
689643
392327
581840
284951
615153
194951
942318
291109
281855
390387
204272
194901
952814
835461
167350
505165
643558
161727
21224
206730
323796
389563
508403
852738
513914
921167
69937
356760
484000
531164
704551
866235
447400
987764
157095
740636
932415
347045
88406
825034
820592
17766
175944
972267
730450
486493
725639
894617
523106
493579
948275
805014
724011
664277
197507
507246
286433
335408
913705
113832
884942
998567
583572
868392
392676
140556
721615
960996
937840
723001
347975
225409
965232
877378
68650
396937
177339
844345
8554
137803
591646
787484
228512
234448
604040
754335
606542
822453
419163
107986
138301
5546
588002
856304
574085
345541
662114
15299
445739
32196
742217
181942
119972
224798
904835
691385
462264
725636
248556
215819
891138
178233
57952
92007
408084
163531
661165
818125
823159
766829
186922
588011
887055
18546
317089
84968
402269
292712
810407
356046
427423
633807
935053
103314
676626
545076
713967
522688
43288
487663
560617
879111
74356
950453
110314
52767
335089
381211
175328
770450
258786
865576
617235
723118
314437
28309
977486
418886
316161
680163
37175
693151
203727
234521
628096
866558
252597
543321
41718
521100
349228
403358
728695
973091
30435
792789
340097
711287
927324
364500
876261
738468
557301
924539
659162
777167
258817
178150
772781
460348
130197
712652
497366
845996
210271
856119
418022
558705
659567
772768
999581
822544
354266
949990
764121
242704
294643
468779
603368
85093
118650
546891
273662
1972
350993
121850
774722
457411
594729
260217
900163
553599
814140
790325
829448
339496
68211
245628
101316
742877
168103
135260
989992
310400
23556
767834
470227
604357
590602
506444
971237
819932
242157
957076
970225
512697
769181
496569
440016
552700
490080
565906
349698
557530
403635
865232
18375
178927
484925
406429
454710
562111
14179
348187
13520
192464
622479
512937
18356
334730
113548
216378
237712
722779
493058
503105
897957
859514
288716
781512
301296
728393
470712
579232
163834
182292
311642
910323
26174
204727
943117
92597
357810
329755
449799
310265
882740
799968
43800
456992
828498
6935
992447
257452
325750
526822
311849
168243
526956
82063
290759
991214
753362
1418
369802
200945
990811
808846
39870
755253
178239
602543
797184
222545
545347
994273
844190
310920
204064
643226
390345
895163
343315
900438
567417
237823
121728
986356
109278
824073
610500
879614
919678
295238
895766
815814
434031
54087
247576
223211
792371
740890
535936
174459
829995
96180
500701
261106
675834
254538
390345
355489
884727
608510
786346
123370
340494
45814
687140
511335
678900
743497
428767
771691
849540
381139
320624
206688
298427
452904
821094
399503
68876
652645
858484
762431
861985
776418
736950
43316
194736
337987
925985
905177
780085
917742
684300
77624
979921
920215
345621
447653
262911
412534
879921
426683
979119
862298
590740
261438
870657
663000
679737
952352
794271
87195
354127
352287
780343
792351
79040
48587
225364
592057
108382
932773
661080
353038
977068
254883
537112
46372
509767
535505
182164
344533
287600
486609
796497
37535
148790
352323
190677
998041
953540
581183
55039
549889
341637
158399
881728
401840
624815
179098
466426
392814
556851
412651
908659
613090
49280
346384
592438
172130
321902
382862
905350
906473
627342
141074
562368
753190
988811
113939
743308
592945
447164
444435
380735
220888
982218
568579
361553
966040
348729
329478
185910
142567
452884
381646
619482
489774
581817
284323
751550
861525
883326
506562
135658
644470
815679
519266
570190
756659
289670
842001
743545
268323
654421
140093
246901
386599
216082
716815
371517
14171
417104
226546
190939
51560
64246
312690
368994
820407
324878
596991
783109
604800
264812
101072
598227
39616
32632
412900
126928
374409
327195
826339
972913
685875
270914
485348
410419
925360
56850
720008
870872
387518
113384
52675
513023
893045
516747
620603
363743
569152
109233
81096
525280
82536
138283
629596
714261
377484
623213
719100
28890
295917
962750
883180
490439
693158
593784
484329
146190
621945
188733
255120
144055
40963
860470
78236
400820
506258
235401
845645
920995
968717
295383
984035
400929
933265
189742
240969
426885
564317
450578
312335
405312
747491
214243
723536
476431
214015
34027
644019
767194
889155
954246
669516
432173
407409
663726
175778
675472
272770
862179
903820
337604
594979
9971
307124
799709
60735
571627
557949
560823
827959
893594
505473
958934
673903
50750
971827
467230
975554
966862
765668
431403
481749
899427
882657
296270
452425
324036
794233
33701
308042
646925
563995
602518
247172
303738
684190
970728
379254
750869
774939
719357
176159
230650
521653
57968
309908
269572
86009
624647
878899
661974
280608
944661
486642
651080
49905
676207
259089
235051
782147
171336
44590
831227
508129
531244
48439
580384
28294
847509
745849
363681
28999
747822
543383
798694
555280
355873
374039
433383
346182
945439
10263
584503
126988
686892
789085
959079
239713
1443
401163
950488
670951
43918
628465
119905
520191
678554
31805
430617
492175
383546
265101
433345
629349
734363
727717
858641
392885
131711
37820
635101
908222
54521
393905
292260
876555
534275
945947
652469
36438
193663
715646
753855
421703
464073
805465
530995
323610
705845
848412
769816
843998
172970
715382
78379
658265
93594
565325
366832
525001
707357
517255
93913
213317
356457
385413
187346
598594
551920
436848
956839
156530
623190
445419
579987
17415
32206
326312
947814
129174
10384
379414
413585
254934
327096
60344
649105
365063
154814
829585
969206
236143
68942
537852
807951
142399
836100
257816
380340
621077
35334
355104
12912
859547
924541
232216
422665
518860
658672
103203
918701
216983
874623
150002
375162
273116
537978
754775
838249
317011
865820
465911
738008
512844
597863
807454
292852
912017
701149
75181
827136
669223
806040
443822
854532
601459
347527
28744
577684
998650
131845
336270
675195
196161
779287
614385
600709
340243
717954
913686
187238
23201
968583
387714
843786
119107
973309
428018
507770
747805
92105
13768
192808
646557
52219
88159
522455
253856
385736
861119
822953
487860
663200
260588
561414
396728
269228
79385
589991
527264
636902
177658
50172
733589
355924
287927
773696
555321
668002
831548
932695
913864
281307
683245
955424
793370
194564
718135
702941
663557
38677
412354
532156
702815
929236
59330
518338
488288
48464
629805
676947
747302
390200
376007
535264
194643
285590
913561
132269
799057
713579
138624
669694
741750
841255
830049
138781
873218
427973
553146
534859
810821
769537
619668
209089
849822
221239
201237
430241
67358
46234
757809
457278
704010
478861
566081
871236
96511
873441
323116
472134
831216
444716
426625
891682
277004
334722
942695
964947
834939
739411
822443
778067
726214
96609
412985
341099
177366
59163
42342
787672
20564
261275
281514
261468
317168
236729
125099
136734
476797
444042
254196
576382
944058
61945
100420
569850
408940
425087
951811
972214
888230
150658
876368
830187
104171
945736
630773
836719
122602
298902
466492
950940
470951
511721
229211
193056
851003
222672
414346
127265
397618
29540
794102
418058
350930
656869
623694
744823
389051
541171
119546
601913
250986
404518
577323
522886
609815
54666
11661
167936
754367
834490
561177
762848
402044
61335
783880
408575
134223
188774
979554
421633
383040
471236
258740
22238
675996
56070
254624
592846
94302
93105
605455
348753
113960
777810
359489
766552
849776
269244
297988
96659
163320
310044
397571
990872
832309
602298
840502
799213
835601
333646
643767
102258
776972
956861
890869
972526
516733
192815
756673
839476
580919
432013
287174
732849
826247
566748
437461
490837
134361
727985
996894
752988
344826
197712
9404
275192
281848
565285
9191
495901
445733
131742
365325
773096
443195
611491
217594
852845
82649
264755
15603
99099
801323
655068
159459
900686
912553
19223
520109
368178
289270
938493
704288
3342
349096
245098
345224
716852
175015
851501
878305
227076
732590
611305
406567
133336
156911
367563
259913
849999
423123
255911
729723
660089
709663
56242
537067
531420
631410
488534
934987
480353
422187
3894
184461
562846
538535
994366
321389
259201
84327
892005
76200
499861
386897
77506
169546
365044
469261
979720
787045
258826
535248
506272
490013
483201
46837
357025
286945
953870
528711
968623
192564
153560
26331
963117
914473
586880
628698
736224
561005
807569
459357
612641
142014
215686
853873
702462
924218
174706
296058
64047
684434
664464
257011
547568
319005
743719
997779
680959
446025
954394
917707
530612
346540
252874
202412
797560
867832
523240
156582
699107
586445
691290
615148
177206
842281
527561
544115
822066
785403
936133
397720
249427
137621
961814
942369
372204
730367
684960
364699
210016
351975
311793
419747
460986
343031
96171
217537
747818
279295
156041
961455
411613
763217
602319
205623
250679
936812
648146
943418
838064
484112
683489
681549
222472
413424
699279
405309
615528
214534
819294
357875
748311
545088
670282
398771
333781
747608
474607
986302
100568
296129
263063
511256
12704
664701
301348
538276
909881
299212
415830
3627
957773
838590
238394
231675
629859
653226
677936
776620
622200
728695
87703
320638
738744
346647
877847
940190
915225
461204
161738
150471
899989
414274
948488
659781
