7603
707616
658825
660881
414206
276286
958992
922032
599743
440861
710505
448267
367052
965447
988911
581748
913750
105995
712940
159018
796599
681778
519119
811486
61486
598233
743932
814820
333640
998512
165374
320691
8538
627534
244184
515544
658218
992238
975737
487742
999661
338506
573133
295314
616363
56018
295600
177814
410175
425353
48637
287300
70266
371581
555077
592732
587559
776737
336539
753804
812202
238088
494093
690876
996994
626560
591469
661811
920365
92553
340685
592105
884651
450097
492488
585961
838554
712141
329661
180834
221952
540693
874007
929740
599848
331165
101256
559218
324707
470060
135636
962719
765168
920443
601865
605225
377014
667403
702413
159445
39725
600355
460304
512549
483869
101541
318496
780037
91583
17164
746523
786062
24767
269125
73598
523124
637539
611878
785052
4691
539205
875535
685803
719505
872892
344604
722745
894639
247065
629060
807100
412529
527821
840785
239110
513128
568424
885692
378327
506137
738620
654948
385420
397452
845856
83819
553334
535538
578320
839662
641414
236339
516082
117214
994020
509908
753140
949183
970142
250946
18640
496637
794045
455165
659377
965990
958068
809252
496752
298441
239538
421081
67767
544872
214295
225744
123910
133148
609090
504121
892180
984582
909513
126792
67725
701805
63490
600285
669242
84345
254206
824469
127871
576395
501782
663853
648765
211895
875933
851534
72856
838943
868276
26169
589522
58861
949437
611855
860694
476076
478632
181118
267665
20484
292457
536004
373435
440464
13578
503521
950452
14686
941084
966877
997193
772162
868489
736499
130709
236119
811717
677465
868036
250387
48291
541805
884659
307526
477252
915517
795507
962415
236970
908659
94125
863739
363370
508379
153375
669467
429568
243411
735492
633216
668860
377486
505234
83190
623003
4
210333
220378
64561
33146
519001
192186
809473
738921
711613
139143
81583
580174
802178
41913
424140
650894
253386
685760
852753
758019
75358
485794
462055
544871
813840
955318
839971
813083
550143
967163
219407
500821
399225
603093
183907
497445
809595
438246
19091
763362
115219
207749
603970
599605
341607
472926
500052
352961
897294
890150
500449
929198
881564
797944
672517
953425
470075
323793
786644
70393
957620
990053
731243
38553
22733
27420
142498
990669
827021
604780
851741
531531
376731
623251
664194
840679
424261
541682
515396
695682
240348
45377
305246
144976
591483
228147
464988
782405
909609
393895
194579
695580
966036
439239
799985
786308
578686
919489
392367
154855
450740
436896
749027
86295
801656
768774
493617
251479
438912
181128
642338
438724
18071
933030
404493
847391
581410
575077
911089
407672
523965
796747
134245
450039
187076
576311
667046
50314
534638
798426
741904
733031
268691
559318
996328
975100
479694
216369
377877
762043
746045
665782
888559
610427
993189
198760
900400
991181
420019
997156
161160
37212
868253
99090
252300
954175
947239
402183
456270
1823
109250
216571
664968
754688
375247
334946
338353
104686
431553
744553
901682
848452
719263
624398
220146
155292
29417
922588
87437
332878
64146
207298
601572
246503
27244
990479
348622
87464
301090
676365
638061
999223
459486
882423
431067
785639
760011
56727
793538
167071
15284
454208
162699
44265
584075
112293
769710
493529
729414
308245
371688
753304
679844
970004
761675
570508
46478
668695
302767
566501
810904
768667
449670
78663
851942
28258
667597
336911
865772
476299
892767
960388
948429
117133
656740
664348
671973
583248
67814
120040
189410
520808
976836
675421
85261
642606
934207
730623
817383
34365
33201
344747
965358
797766
758750
838658
272703
829649
710435
534254
737301
469712
731403
346386
942511
943073
452161
606866
922832
888353
359647
50043
317984
865384
858468
933841
557168
920740
447237
467316
92827
567445
387738
59438
528135
798434
784953
558620
504971
651415
968352
815862
51883
105340
863883
619132
18750
95763
878950
204158
417073
141741
781469
755080
657060
761257
405007
157929
357426
660682
264032
622175
891278
980212
354157
947361
878408
946691
781147
293129
128879
829128
944969
890715
609873
430625
44324
444982
919774
889076
729048
315285
607083
129608
236771
11074
930578
24384
314246
868185
172150
422260
685398
145781
965988
584813
914607
807801
248533
329981
539975
520253
989072
244345
372640
372306
92524
915733
842391
697396
202547
339738
585818
754891
931234
102470
295735
269470
964558
461696
870991
890005
721760
637686
830889
518505
342657
437333
89379
656362
149841
938788
892739
961836
100816
500797
69291
444047
443359
459434
490731
477482
427297
661784
632049
643604
454204
143418
951003
842318
432956
741053
753133
931664
767382
853795
353310
933614
242249
647359
657165
818407
532128
588812
33617
343371
56597
312553
161901
814534
463
339317
222114
480332
27660
601219
587103
578403
46490
821498
142036
610440
425856
56652
271524
708607
353529
796433
317625
56826
137696
562175
64689
33509
647591
31880
287158
325836
289473
558544
810923
802602
186912
142474
838146
899919
760472
65262
737066
626412
270115
970137
619430
741758
810750
233600
269113
35733
349040
344722
345853
933697
777514
501994
529171
352344
164810
579182
799221
409829
902330
65415
137832
65072
984821
902141
669581
425062
902186
788014
832405
204069
868920
332458
897940
187430
481562
333614
839407
982344
289692
327483
410032
989813
212491
467923
362872
306227
52588
945936
89428
560713
353890
925921
169960
3339
243
469537
866311
675845
926820
610837
372965
263360
703424
684482
327460
737203
368056
961513
155146
93193
584484
491169
923860
760587
887399
302863
876003
738283
648433
379459
43413
675244
161567
676466
86575
812656
697213
771532
13558
51232
930539
897274
596957
912498
100957
956022
540120
532442
849340
458374
214415
606799
827370
381142
547822
583032
88611
439601
599833
456307
431486
786652
250237
834626
428371
42895
802370
177555
837111
205393
143132
860523
283043
562671
275521
761902
454131
215000
531701
909453
345994
311832
180608
256204
217938
656111
580417
180655
718369
36429
55453
416448
659959
79469
361360
529856
99236
381899
597475
773480
668935
853955
521854
88026
116784
721992
505621
220969
234599
231229
217278
831297
996166
969395
607139
66997
342273
864960
259091
14116
679686
601848
359091
343046
65855
839947
729361
411864
812469
272443
823257
669282
30542
583160
285984
539682
304631
435993
497822
618263
902300
387257
104825
133547
346772
319852
321404
672381
742618
911453
130918
655819
136950
268421
373087
977401
930555
366730
486469
210176
964265
933618
301797
601334
913394
632962
532678
622901
824410
75575
9567
658027
33783
168672
344936
809470
645016
610390
95373
756313
363586
693913
202175
962968
583382
843145
660709
17420
283086
622910
582705
110955
113638
14532
382925
377431
3671
868598
995827
541065
932030
333558
355100
700122
58588
968774
996624
174574
726775
97222
459100
431933
41885
916426
804834
660095
457160
990615
986634
849716
930205
303738
682070
852621
404175
988614
466004
890682
72416
910760
956908
572177
335944
305576
766553
958040
502126
989054
120181
5167
988947
517455
46124
231709
166926
427843
176531
269109
793330
807172
203025
521636
576459
518228
436603
699098
326215
272779
793726
746835
727602
344364
27637
696769
82074
218403
658715
520344
483794
3102
635162
621685
860561
294469
271106
549228
770490
863127
175701
965165
424374
11490
583167
276817
390525
41567
749283
646983
528564
885608
357840
246869
727793
969750
683986
506189
54554
711035
663205
159375
172523
150905
907333
396981
423253
277117
670176
274463
689156
230748
422765
296410
634809
9800
57046
75951
79767
116014
316689
608454
101433
575664
331597
303158
141376
550714
933639
263914
219626
377667
370107
577841
464861
112930
715192
242081
144964
852682
638924
749865
802960
449572
896607
796850
815392
28487
476252
582962
345659
437079
258634
697293
679994
194487
195897
678183
387523
88620
342359
894410
256432
765327
67938
959025
234957
798254
429112
484207
17728
437057
218634
952639
765060
700996
440751
364969
218510
604982
682708
587341
10960
524652
413074
72399
633627
252306
522968
320351
802591
593343
422727
445155
127182
51636
576605
889476
159903
26930
439240
205906
37615
626101
894620
95957
356673
116112
404704
280753
164134
825894
639427
957300
396920
992002
750700
368064
624832
169364
773871
375184
473783
413001
414491
705128
66922
857093
627760
101661
698742
530176
443182
107262
957939
305978
246600
390942
300334
88796
515128
792255
216142
759917
848748
29085
404951
487149
69278
132692
672077
160914
335297
809966
180016
576860
780119
616589
316454
155735
854495
72754
581431
141037
982444
632999
417330
908325
389137
613135
665708
760316
463929
856904
521768
605278
447059
494394
913746
695617
676842
436031
615014
268767
570194
295535
83694
180686
222782
876038
954728
287613
681263
25140
647685
655693
224199
269826
857422
624393
584252
58652
831842
482692
242535
583167
957914
646414
907132
756672
266381
917458
354645
935798
83631
673679
624039
701509
464276
687153
870485
459272
408979
585995
568419
168602
934149
401588
24515
559617
782701
829435
62347
141304
394801
198856
94984
598040
22343
892496
998700
236450
654635
222004
374370
145515
386124
670647
212226
234212
751815
432218
917216
655749
31626
655446
411711
925974
693211
639734
400419
250138
391729
237134
793284
379416
860672
703451
864351
827463
499026
557881
938406
661909
76945
275003
311447
63636
769889
663402
614058
220738
118634
432093
12003
92467
903987
231922
459912
884125
823658
961254
505453
259712
870656
591318
204139
638064
22321
238675
827183
169856
384737
609948
667182
922957
193570
579962
814518
618340
895570
83453
778656
150161
403681
461582
621346
816197
706737
177393
387393
179363
36758
132570
242979
648615
803389
924200
977922
146547
735976
166978
503037
824
524375
191565
349704
681597
722691
940935
236420
539023
357187
746563
572074
295493
947858
883969
74144
881583
751784
56489
688622
738971
950532
902116
801226
18883
596875
221080
282639
353046
479690
749886
402956
538273
671064
790817
66681
742042
250071
470324
737669
232777
95193
101073
554571
494676
892830
235914
129058
317733
211707
331310
521939
728250
566615
255706
760678
306376
441296
847800
983189
972749
697147
650841
269410
202225
91464
23723
696516
177112
677763
203671
735100
930951
855606
462713
546247
643120
907180
178365
158956
313243
379792
301779
679029
49907
28148
666126
286714
132075
965231
901022
963480
422219
374302
60520
804225
704219
79498
327743
924398
985450
890154
226754
241263
193531
960319
624914
75682
312589
761565
588013
923202
197958
611274
886188
454615
114363
276607
725973
214731
996574
876683
157726
849629
963589
15831
899007
757166
680467
760580
751922
538873
766661
222577
442378
196128
134555
188888
390189
780449
532576
912984
47472
473383
94104
524109
343501
354429
335366
636827
905539
318621
935703
717322
529291
228903
202286
854411
771250
666029
21901
993561
43352
306795
378205
114555
947587
107796
652506
938790
575137
76167
763421
454399
475992
32417
945927
553917
803148
605292
707207
72045
497708
471732
150153
700687
147513
884218
810940
328990
999381
342914
297021
210349
26499
70343
963045
951149
436097
652815
185516
529867
452863
744729
482872
458998
609851
654258
702342
513726
187514
856294
9140
14296
818724
958484
63528
49150
922493
589787
123169
959411
891964
561072
322584
418660
82634
134994
89874
285162
662104
650900
635077
270892
21853
372825
997092
336994
819499
791583
779977
442484
523693
878321
25982
381185
628671
743872
321704
512955
183402
307852
855441
391919
926587
487933
827089
11618
52926
650638
198679
83927
125532
450217
265497
121262
843086
742349
832406
554342
547453
545963
810052
876611
517112
421969
526748
586251
160657
246461
220606
937066
921940
430228
345985
390069
914661
736939
392923
838603
241653
800001
773354
971416
204193
268816
771869
696563
154535
489336
933250
200487
82949
989532
149292
24783
645232
8392
612288
768410
565934
749135
140700
330223
504208
35380
340005
865706
46864
812734
713324
501187
163203
692783
205181
847760
860218
364877
807427
836577
586619
682079
760987
663305
186263
652788
576563
300348
964072
878556
886367
531348
804201
698874
762744
628974
985266
92209
291953
567921
208206
44348
389624
459374
167162
870874
317956
667619
604093
614054
614017
794
638687
314949
911510
505903
337223
920376
818959
789678
918453
424465
642924
352923
466200
644290
519173
898507
473868
195728
214104
197615
402676
526183
10609
879281
127345
519304
812916
530550
836732
562781
275466
742724
174694
557870
19238
934269
447849
723819
779955
45450
381417
811497
33372
569939
106893
709354
114167
777514
518133
831189
74895
114631
833047
448900
92300
225710
943481
902716
179073
348461
834701
339640
525010
979009
359780
535966
663552
597593
68368
691283
629715
299506
697371
435562
577123
32929
543645
475959
344770
327151
123134
39298
227209
601310
606601
889047
463358
726986
401192
958523
105119
504939
989570
944569
495758
951799
936174
315802
659736
332260
188178
947122
615115
438045
734871
521332
754536
83229
500781
121499
91326
658621
224349
804667
169559
161439
250212
510906
355753
1234
533831
840385
928149
814320
10596
737776
273353
38103
454500
737890
787588
46530
499277
259416
844345
194883
771124
27524
260621
197471
339088
12020
626491
111237
781673
860441
358935
704237
868590
257524
427312
826890
909862
475612
671950
334699
361663
145518
892826
862387
173699
671761
93341
374643
727400
497764
492129
51553
99910
240135
33075
160440
104739
762307
759114
965227
900714
245143
160002
950343
335483
396768
615809
413348
388380
918051
74107
894791
657420
53754
530832
230871
194488
762842
761810
811066
877063
822717
516261
125580
541328
116528
8191
683324
537131
242747
181840
74818
220133
776296
928699
391680
213133
676210
973505
40757
714667
492044
193791
85912
186960
341962
454414
753815
680841
839792
697096
166699
269165
980054
485034
757400
141718
335156
748501
994494
120684
757264
391791
812255
109469
826753
344230
768878
140457
140894
564117
611024
980761
848392
440639
769586
363983
125457
948727
656198
294969
31368
922594
863067
515423
858019
605397
768535
68316
638151
219224
851860
129514
940918
967564
847765
835542
975765
472424
652964
528338
273369
517471
915593
979689
630030
97566
674792
305485
4036
449265
786744
361164
636438
481093
318364
932705
292504
206856
432607
662311
579100
41965
516753
986281
471457
639307
950456
773652
660761
774501
231285
612110
26838
632836
454261
941855
282960
740801
89296
628237
413717
338079
420673
174279
120333
20372
343235
832631
636265
481449
384644
39290
574440
614647
725512
219180
303941
730193
970205
667036
924481
803072
202998
60895
205832
985321
775783
755136
74435
848011
641596
910549
19641
47717
467190
482093
888162
904244
582435
689893
997514
261210
890393
651865
712863
512474
557199
380280
784727
358272
644247
800305
195520
229086
264316
493194
321765
564592
689652
83471
968986
656481
111554
691943
179365
280103
699627
948802
151753
270729
515282
120430
406064
149825
955826
595913
129972
336892
848056
209169
321226
558781
199227
188439
33419
654114
866841
967570
632481
400319
65071
485520
97226
209382
429748
301639
447308
500425
357619
923210
410037
452150
371171
705623
583438
913792
829348
780877
461084
361918
985752
398203
316562
585069
843356
843283
5270
786289
532962
477693
820206
268985
664621
882760
468039
201151
640103
126843
731362
480559
157474
122634
670236
793311
669289
691748
26072
940349
860546
778281
441034
14023
184964
479161
725411
260786
857807
892072
43220
303470
797163
357069
337153
756609
303488
27642
18820
10960
534895
840645
425243
281021
805389
235973
315183
511465
255162
470041
339650
987610
202593
763234
549428
861944
757198
566224
456497
379890
225382
904282
802682
563710
933320
753543
258703
66365
657855
353898
712887
953532
834784
906219
160299
700695
337095
729919
162405
856248
863272
964729
853824
321597
936596
839802
319244
211128
763851
834820
716400
190607
440184
423341
214012
133764
78989
366319
385995
567631
464251
343260
523985
299816
8526
73326
598471
616033
476708
221501
38512
213295
562056
768969
971718
309001
457839
171959
658182
789864
212558
824089
847189
25327
109270
837478
322317
583141
341902
448969
470569
671709
819019
725269
500681
64055
23245
281941
844705
820735
371065
184577
708868
154994
52015
770509
218057
298721
349383
432988
833367
654511
185837
893459
105363
367284
833430
422728
451554
30788
688990
944152
975837
416266
286976
709847
234193
364493
897905
943715
835119
303957
761497
346578
871639
434919
551855
427145
669243
959147
550256
27758
566899
22895
865851
764469
287454
161284
108876
692375
140399
153542
817619
884321
91419
794682
691952
85673
340701
746703
638286
597851
410020
545351
629209
229873
278171
798575
635869
630017
16658
2314
396540
666160
663950
941260
138636
340612
395050
44866
664651
918552
304295
685583
391103
571304
317016
408592
298286
253196
347107
47841
458807
559298
846324
568761
630924
899748
597636
868656
692045
602232
979201
298402
22465
742118
817115
781291
29043
906756
277291
758097
435431
476621
332799
92225
609272
276593
586566
348978
994319
286982
656661
609062
320450
392284
525779
208975
171654
79022
957064
297550
298706
450739
898108
344406
150739
547412
976015
636080
166085
508473
600213
88279
649909
427133
798635
702019
888592
433088
772635
851395
448614
318234
918055
643331
369985
310764
160694
104429
718684
247251
996696
412588
221890
786230
648312
90444
242885
643903
245981
29822
242519
194598
309916
444215
292936
757033
585694
333303
99356
249432
534858
212455
817224
397580
376271
369627
178953
469624
57359
772152
138210
8471
731563
324783
782192
930885
215719
832807
6123
815850
64570
75513
824955
439697
69749
350933
330420
21975
694157
640706
43248
848510
515911
480450
358280
292513
208639
917011
236782
248194
486036
604882
953066
829055
59187
883131
554927
259555
205503
235723
227546
566169
292698
880966
223622
429756
609555
253844
307982
98825
980908
825287
69728
279478
979654
858168
630330
797788
391723
896975
505285
777359
637688
786912
459594
305742
360933
994290
563669
547030
369139
485276
62949
127377
485489
304713
261708
658604
81642
210650
130601
790214
28014
999210
252928
119364
345851
461613
630707
784257
357193
712945
482015
8035
7407
681159
412758
25801
298549
114875
166836
997792
578807
604734
136608
114581
306674
770917
71649
125924
681646
729162
797786
22927
913800
979472
354532
464555
3547
241861
354118
407828
407434
668896
906771
670401
109869
716713
988641
120882
318806
298424
790497
765510
500415
934741
481248
627753
410129
139839
692889
42218
955987
205448
803380
578218
693742
350621
314463
831984
119129
262820
3848
89562
338405
233342
75060
512878
425255
616811
217087
413007
738877
29453
256112
253131
452351
127749
354360
61457
112132
670010
376456
619008
341518
893432
941836
187034
718547
793012
945799
195479
272104
658478
525068
41430
691404
618799
696598
111726
775311
159986
436997
639779
56157
128543
699766
190133
159083
503538
509181
847506
948989
232187
592897
333291
326353
925758
811829
738915
727468
647354
222895
350052
405694
946055
790758
144972
441012
451224
811725
476741
962587
412448
574598
951603
904236
444498
308357
686598
108728
271808
694850
806959
58097
935141
230682
211823
391954
578686
759043
986634
197036
490066
839146
731483
350414
985939
593387
826561
115729
853021
834604
129463
676285
330139
829910
742850
167900
101193
392561
31747
740057
148563
643932
565868
895315
35933
497957
687759
543684
293916
450891
619218
46792
166945
710797
858175
498957
330230
805550
318264
485590
616033
203400
493831
792107
897413
447818
500308
195233
400680
564176
854832
978754
937680
289118
580365
357528
294726
596536
509840
106267
173372
472160
543295
567732
484810
364845
64789
54061
734420
411780
915317
133432
689992
26422
308411
487769
635396
152054
854765
332272
640724
930101
95888
825127
760985
983644
29271
208820
581381
1125
544054
689483
681858
487190
983766
609636
910514
240284
276385
460388
992274
94848
553788
44074
342712
433352
802005
170745
97915
376365
166226
456637
712497
325299
436968
840124
129619
16299
577677
362778
991997
543489
824069
935112
724562
873922
661977
703691
731709
324399
754215
991141
999250
242294
548370
142562
119378
889747
956249
123584
384269
511427
344965
768315
194466
431584
928764
395381
820514
482974
909940
533823
635475
167264
363329
721543
63248
604344
407694
796830
937550
833210
332970
871524
655481
540155
421434
883025
473596
667563
498893
157667
443360
883532
140813
193888
455372
647950
45008
592647
208619
583625
2830
162903
962731
873238
797677
378555
943777
884235
913977
405008
913993
579793
564271
106005
350123
503266
572088
688494
164826
377060
369587
402773
525463
76061
733675
982493
508114
297683
30376
496292
986000
177665
364321
392085
249576
400695
240591
778007
291239
202831
795036
410902
473491
386759
835258
5932
997837
945600
487441
441323
360271
105682
145296
39689
909013
73930
275941
431593
938137
939841
676167
100610
722230
346522
398064
84590
236718
615575
968937
434705
469255
592728
852413
829604
84816
382834
524239
93917
493121
517992
244808
537149
535872
618313
774696
783094
225984
979749
736126
869878
582724
148333
840435
610196
458818
665574
766208
991830
210850
569290
386751
483164
25125
168891
95071
735085
986339
147365
33330
970205
782188
767663
654241
113367
983632
131805
755839
725709
578619
651077
628986
606457
866552
395371
814126
357006
915990
999612
910611
64000
373672
362467
721431
148205
679014
623180
519
507494
81200
255283
858150
72158
869043
36200
12128
168175
248868
667233
753624
416387
287466
582331
726750
268005
757336
820751
111548
612260
897048
524013
957935
711457
266467
581240
546995
607798
749932
867166
595255
822979
552412
284465
50864
617750
857336
10151
273098
788726
10272
107243
78777
946637
947121
453085
911533
167599
992201
269037
557795
518667
854122
687695
430296
405869
671927
571163
72472
866093
243996
499653
161781
546104
907019
125428
236628
769208
89953
691840
55010
622691
53415
53133
573924
74845
498803
470079
656043
348939
826031
467289
702373
401141
4337
81653
274384
584983
382218
832738
708298
51397
444891
651413
797637
815736
642080
237070
539734
817145
611792
793865
193068
557032
105309
681372
877533
424361
741462
663027
161820
309420
115949
666918
529799
779608
640082
20340
598045
929876
764413
640095
397837
44465
166603
138275
182761
386359
921472
335572
997754
35787
861099
815443
741484
189242
762407
752684
742122
399140
310653
588624
93061
365895
444135
393386
176269
596775
87792
159455
470594
560280
741239
461159
743268
277032
926610
213443
100775
908139
292750
898522
885379
722211
346228
713575
956748
796009
6098
468685
846210
546892
504679
935273
731984
962306
561911
263419
729750
311790
826571
685316
406166
601881
921102
929301
729819
10258
987912
619522
298886
963887
102196
140726
710454
544817
117375
563744
509715
2054
516256
107979
664632
413543
952462
949516
238074
470754
315491
336276
880153
552178
937227
618405
177283
679050
116328
375842
68095
644913
221190
254463
538428
636422
221238
86871
265847
608805
861833
309788
840131
526434
141355
196264
677624
755122
292825
333235
632058
441066
196224
303838
453733
287647
976692
279019
959890
339755
569865
704848
74825
745169
361874
595104
783811
800376
265267
772201
839770
406036
758373
298973
556175
185634
97862
741544
287672
154193
36059
394912
686276
600446
522595
114651
981996
134232
567192
194138
731576
456803
922821
50594
155947
349592
958527
914283
30797
781801
241409
155058
171923
949473
815656
777961
494636
230186
44103
293327
492906
546920
838120
418970
819787
747139
34656
435023
82404
68995
362446
549940
313961
546836
299952
938846
175963
334184
738657
822244
906894
990459
522931
874484
383830
467058
290981
557443
445902
587101
839681
713824
235524
920860
225173
158946
526852
545693
359627
849664
829760
622339
266023
749759
79961
970850
960349
254726
783884
628071
737869
354509
977980
632725
909212
865268
739992
555114
49072
866160
700648
159584
813767
65376
13369
516687
304629
922814
804387
847663
294456
875632
247924
362556
493369
130430
968123
317618
524130
132319
233010
607800
868182
686316
473865
559193
857233
10038
629195
364077
955550
397747
192751
56662
127471
232019
339902
785126
949788
253873
934683
795934
163515
335204
663668
898065
604824
709686
29508
751464
66001
514732
560258
346686
249105
666372
240041
28459
789927
799165
533605
885406
759490
96016
78359
749284
324939
526460
598149
945925
323807
399999
750753
905421
673128
443936
278964
590120
251479
26537
85415
739175
301183
635891
710254
239007
814353
493529
42962
154672
576048
347855
668953
590947
912560
34955
780371
319853
749616
678369
30468
530960
426321
84140
158825
574561
906642
937512
990953
364964
473802
881885
983065
963283
23745
9270
731564
413822
779434
827248
68790
238540
701377
421038
423195
722527
909949
69865
952728
154582
796403
291716
704045
718700
528455
808445
306982
507773
169167
397440
463045
203753
131334
401046
445774
810705
735401
116346
721455
909183
835825
877452
841097
429282
513326
44383
590175
32118
215037
615917
589978
16706
545318
36266
775734
234555
499668
361525
945549
503302
972849
452011
476414
248283
499614
447446
37434
596805
75788
373059
875499
897605
755066
575345
266624
459351
673227
828773
114329
74124
960579
132443
409484
307798
649310
504342
503698
206114
572045
343001
819154
282848
2638
339630
16263
2718
383718
194723
688784
619538
246974
861397
900180
926646
170391
174564
99983
971726
747436
593478
630398
980933
880803
316407
829859
95477
603567
638222
623797
453446
127237
472939
963112
588462
91768
314701
638484
765590
882675
180800
887045
210653
402963
437107
366814
694389
735583
286119
634538
469035
842596
55620
383361
692485
20017
936198
385555
812868
818028
953620
570900
603465
306384
238705
867972
870292
243140
866827
22041
674151
383064
585777
910988
969801
98846
439010
75645
650726
141219
154369
197764
11860
92297
949156
623253
414384
90370
341899
672271
757159
104107
784749
417761
966417
28227
621038
581081
725239
176774
815278
932555
750069
458218
311931
147610
963003
443317
905254
812198
290157
730169
588787
872786
382250
573421
144746
282096
752042
769642
295754
597708
227201
866495
260061
338706
974784
542769
895911
258077
377402
890450
184056
724444
851812
578364
418337
650467
332950
507051
776707
950284
917550
199412
202179
671559
931028
557542
101017
511237
753239
419260
733832
359357
558326
741883
364968
45594
384316
360430
31967
4225
7554
713724
533998
286978
464856
308131
357607
34330
546623
983507
770812
257955
654477
352041
919155
770713
177715
708358
611063
246089
561308
938572
11400
211288
665387
8181
767953
493869
750055
69583
876314
329212
58995
407832
977364
143344
431286
184178
952786
807732
767321
909378
79063
902943
754990
837483
692938
715386
839534
130530
487878
984110
944027
941230
563150
245391
548420
891583
668253
430079
500967
627688
256028
760960
876080
791673
263917
379162
864
661949
823524
427365
929417
317325
767638
464820
358197
7311
492425
816542
514919
913615
355723
8426
47609
518775
498078
641494
822884
62382
923280
693124
740510
57163
351658
138306
417246
380981
353278
691316
337851
742553
454307
855776
643186
784838
132478
473686
935814
308328
464886
385466
828802
429279
765961
119024
379226
71611
125565
997346
179824
224854
197614
971440
227570
647566
117254
95413
718944
102622
287692
397043
898347
119705
744659
808218
96697
111618
561298
275706
627462
725834
16084
710786
134308
639975
353414
933492
661794
883789
899758
963943
386955
183307
457147
183096
214150
398981
357943
577870
335963
374922
936600
497929
648917
72209
717750
986439
689666
729557
513560
457874
950807
796874
451559
872681
774320
226298
964356
440618
270134
477761
844213
960729
670618
649377
353978
409935
201789
135235
886718
746753
277938
426635
492585
638764
253851
360150
678290
67034
566256
757587
392914
115988
752286
608251
986292
234213
415819
242158
243272
156230
153848
745644
362135
843307
769472
492780
21872
323817
685565
341980
404193
299906
791434
916534
2625
252111
554658
735804
979754
578632
43367
436304
635717
100083
467263
429938
897278
933351
845977
425110
609494
302972
341582
213281
75926
618322
205538
151552
376929
879482
882217
543781
632132
507398
791647
389094
983269
83599
170837
437123
664453
807052
11231
593909
233891
366046
398658
109897
888614
939133
198021
339761
755841
768474
146228
437881
398273
808739
649265
599889
852342
315045
569585
501192
27068
695819
962458
865818
366373
771332
116472
120032
602884
69827
126678
666661
930008
913120
673343
280025
870804
536476
293201
40671
44359
913921
821242
468289
665133
975144
59154
319875
610193
481044
742741
220565
720669
205884
151355
484129
231808
204966
865462
373189
246138
12463
86472
873563
811783
144935
222526
342643
121062
463897
486092
514466
55108
664424
90630
715636
224842
662356
738745
398012
278912
342108
90212
126541
283804
29694
205206
786561
946539
211034
110565
315318
831387
121269
207048
865881
181859
677272
599954
170650
871503
495256
114956
759999
241835
888625
693869
893268
790731
151308
11384
347072
723830
349408
731058
92852
72685
100532
901311
557820
836699
341698
23065
885496
546458
326200
37419
157348
562847
280216
901200
602066
706500
68287
513891
817978
601329
400962
247618
287208
486757
381684
3812
998163
343334
357252
62100
864398
449347
747395
315594
618007
828611
202244
44132
47885
17068
616220
991622
243967
502897
533641
28619
28384
81273
716975
813606
104214
156872
539389
15706
578801
881548
249967
545106
770745
129094
586476
508381
63008
37267
802319
233226
294870
17367
747203
163549
380348
679429
357383
109675
198064
551500
468561
333527
482119
197473
903759
269993
717976
723813
680776
422920
765557
876852
964769
90836
26165
120266
379196
972706
661421
747025
298555
474325
872893
741259
385058
525717
435910
845464
88154
100207
92857
467493
1554
17673
252811
683249
633600
280576
271045
117309
788614
316064
333303
192208
266671
355775
220748
124324
617560
529846
274873
353456
83179
425597
786831
681875
51591
326818
37169
333274
599228
929830
508831
15534
642482
748404
838704
48541
755305
510527
495646
674883
512858
936119
493819
285780
188989
455463
44290
315529
384804
172654
306441
973669
242564
839895
693970
986403
608148
202776
598272
273854
941519
890404
1446
609244
609747
294765
688507
879448
659179
222905
183786
253867
223978
637664
804614
707894
813870
560096
907163
518254
741252
384604
491743
769508
89450
939831
421640
350192
659503
908361
608759
868601
718647
16829
781458
477412
669787
697415
115311
840535
309101
685764
127467
27305
180889
868463
723355
21544
503910
351613
929178
531462
258972
280599
813762
845216
446528
822002
178998
88812
212987
839948
144987
904831
791257
146244
611302
709561
933164
8534
592
579726
925649
783475
423015
205681
84042
896313
609854
57503
547339
247828
48133
523589
285840
443376
817011
304142
393515
485402
676767
817549
338972
496562
379886
222084
265816
713295
626663
791887
374892
81903
252131
179504
585403
286681
488864
557112
729699
214290
662708
834510
442238
560567
55262
919519
902852
8061
710072
435234
539662
356675
60296
54982
574517
235537
283831
452795
993369
735856
759641
55258
147838
383909
437546
674226
85776
646603
734874
16880
114759
242316
270783
715946
979877
420860
874282
37832
963677
311506
965588
607631
465422
857795
201526
303179
361068
482813
676663
197401
672896
53181
668864
548174
431046
436493
302572
81032
13428
95134
10523
866511
642778
837949
364773
296999
934372
572725
930860
572980
540029
338818
675915
229642
853070
921517
804267
248209
192612
172425
634356
375697
144496
140040
140383
952608
293159
182906
366826
980517
823498
851044
188261
616648
264192
292793
85482
77368
198623
417656
249322
344088
351177
218337
824481
30279
884595
680085
868395
855498
863297
157001
632369
176153
705421
885862
609979
793987
705223
632577
469738
676414
958902
821298
107517
492175
586909
399763
517584
635538
395768
574871
123430
986791
599269
546500
509019
856121
615968
3598
516412
36460
425511
10962
43634
632418
517820
237291
639897
726762
568585
199861
844910
257863
431389
702812
39399
523032
731797
555039
321885
915624
969622
45095
547109
715476
821494
728446
400636
725333
167738
146222
146208
275370
665658
59447
922299
699683
751905
936555
634
212235
375825
518122
595581
371507
155235
997558
61095
819031
864204
87474
655060
786864
266971
406460
637482
741141
115358
148515
154761
397007
55524
405575
848092
827512
355806
898060
142097
539982
173663
90554
707173
75737
403139
914997
894744
928887
62827
330004
16384
450369
19430
498783
831290
781084
131563
195690
915963
726942
413506
389192
672388
910234
206019
373614
344244
328522
990327
785510
787767
340056
984347
253996
78492
652297
986690
781225
390149
811078
489242
874121
771383
446729
800455
734971
591506
553760
908203
739653
548954
670433
66247
698177
796851
376875
14779
488119
577964
974996
847465
200024
901106
305460
653560
55829
980453
229901
428532
215130
850311
770261
469523
821099
56400
918434
173395
335833
49120
137522
474878
786656
446604
150547
22671
151072
795481
260405
285743
404598
276295
247114
470488
628407
29124
89111
938715
45385
830338
532187
855676
880797
662562
681368
141435
185548
766543
845250
102510
811917
406888
886531
815817
359185
706709
288681
901248
415035
178683
202797
147139
152447
776906
555361
539176
806294
512371
75957
930791
310747
399223
80485
839550
887174
375899
474307
126325
554306
233976
987228
28220
670636
768494
533450
426352
668010
178297
590870
946428
789798
630940
461383
332764
431654
279289
880204
611837
641994
771586
971265
868225
284129
990474
562593
870494
168295
808437
30729
597222
173727
828110
397797
439393
833353
204919
231609
356822
567873
108731
667598
103657
816948
984896
573623
857886
373631
262104
48446
741307
369510
105590
794096
297228
188653
154429
597250
141696
982550
519796
81503
194225
44984
789078
124303
321345
603513
431878
997189
120992
721704
41312
573061
333225
650233
823723
729968
191340
893534
37418
871725
59591
541758
167378
658038
614701
835668
459093
439932
155464
978471
331741
781304
627131
161633
709268
929040
927040
91151
291104
685666
694449
659252
280044
218287
75234
59530
290082
145703
789547
990358
340277
372621
622019
965543
886042
440774
539335
416299
378774
182468
187995
150637
991730
185802
288871
565871
346252
779483
613315
155743
228232
433667
861165
576954
88547
920065
18807
679482
974311
271695
577662
89469
440699
971024
801812
960372
485138
855381
252735
323396
493444
344908
576475
140092
557689
824198
458074
318131
469313
908067
163820
289086
188994
504285
715450
646668
488841
794797
375243
310046
362049
553181
858057
398309
552641
758124
878750
977273
143103
181527
632249
255156
969570
895818
250221
228649
23798
239779
832568
769028
619129
928607
660640
81920
995666
277667
446649
451199
179809
582505
684356
10761
975537
929349
100530
402659
118218
148883
243654
123211
553892
143679
121112
996303
868021
828337
731317
743111
314667
240275
11748
424501
482806
751168
358980
532471
43708
997898
795601
445030
284464
635880
863109
828687
205181
913659
676186
630796
807132
138491
215214
980094
678725
318402
141248
997288
86273
517493
281175
218795
357022
985419
531906
982490
953148
939131
561466
36857
125829
181510
859235
574551
987962
339486
467313
221957
56808
931314
22120
721714
38521
2711
87100
362084
12518
688660
241494
402133
323914
633290
614712
874856
552466
686206
915831
479174
515857
348357
44583
705050
445424
847691
952470
407141
69827
792127
195630
116990
719990
688414
717054
793962
701670
151259
689298
432916
943308
727208
141310
266729
551636
482212
178682
816210
327756
402977
889831
606735
706487
273936
419312
227885
306498
377420
367307
387043
908686
304896
926751
177679
182892
347317
471424
471368
817383
679803
663381
597983
593658
725107
640731
898743
503522
773688
932226
194430
184270
840744
902453
173383
993460
428114
109303
749510
25661
710654
803689
665511
315808
293203
711464
257291
471949
766377
544787
889248
947263
820268
448234
338203
820468
34857
393106
904341
221881
298616
887797
546175
177822
79814
555910
218564
600010
229566
263266
225466
36967
590676
468626
57731
324797
370030
265197
545990
970781
480495
528602
161285
60019
24352
652659
498524
147711
75005
511366
618133
625373
614618
507125
410730
963072
16240
593917
754072
817597
538312
670419
753500
571651
277315
526954
475917
359145
865860
219218
286613
11104
680634
203514
506765
47560
396301
400086
158452
955678
798436
37083
945612
613330
643345
373927
935762
300982
253914
514815
160344
323667
316453
355440
390016
177878
209215
704022
554583
290536
549833
617595
349579
346651
130367
82135
256715
410687
758886
543798
735226
21397
889426
759415
752335
160667
209105
270704
533259
581830
961207
642991
725016
892750
571015
882139
971963
848099
684027
109178
817398
456765
810289
74700
310653
513553
434226
157140
938642
849311
134047
174390
152639
282856
457082
478587
181936
14398
5902
466866
72746
360307
440893
243826
869356
628275
255332
500154
457056
273838
938604
374713
905406
537709
552880
113065
806078
622790
243078
236757
952759
636715
373100
644924
13593
19804
392145
423054
291972
315325
603901
509075
673730
291714
566493
293163
967912
136774
452527
33072
687684
453371
763462
433847
444931
292796
943610
743542
554082
359231
909424
550975
581519
996454
38082
921002
616284
225652
769226
307410
494686
886748
688080
124789
970024
276469
866510
610431
790623
706443
648348
995104
222202
263311
164412
130521
427801
352750
967556
225815
39294
510846
948900
428790
786860
1685
563475
350438
392346
945012
396059
445867
21268
382945
16189
595326
71407
293138
540482
744401
218023
362693
540831
580016
524503
448493
747779
886467
263955
742022
832513
103920
830821
868042
49813
762525
242659
255100
250837
692435
508778
253281
957237
22846
674681
170062
59831
954705
349996
570589
671981
222598
448082
509817
135532
198723
868142
575769
898063
363608
313671
422794
606565
258597
726764
875172
372536
26841
671240
960478
380283
827989
669789
234558
239567
902766
416673
1384
299442
945425
538418
997720
824388
971585
927094
449643
410295
85373
951571
889751
711891
634685
641224
151420
347748
332762
819814
750290
880577
19405
898735
225793
638521
951823
369865
536207
468251
629664
432671
457715
784162
283684
718101
159753
702779
199015
484773
420895
454901
321281
326043
132460
462788
152981
633705
389152
304114
853683
552808
487895
477859
254366
763564
372391
859971
576359
477570
954456
659278
482360
96264
763891
345595
426797
357737
808307
976582
381148
964469
515544
89049
960053
436505
748571
51158
491909
4799
394492
220356
917589
695365
650039
79571
626543
711058
926677
437261
566272
688795
178398
311579
137689
993329
625132
462002
421135
987140
408986
455768
228483
155704
763036
726295
635964
991522
152681
17788
818288
598303
467922
649420
701794
630609
105846
652741
15845
724855
519758
12108
337918
343464
983268
370104
971047
329388
733857
390841
768624
888567
90051
944166
305921
254531
862573
134563
626362
658760
702296
280939
521019
445787
378280
887040
186431
242849
141145
157676
325923
9838
182168
966386
736517
628030
549422
77718
415943
880270
649175
984454
471859
292632
635889
544420
532921
560810
730448
253297
560851
762466
896366
633175
638857
336584
810688
976659
442064
631688
902051
779261
44814
881034
415733
644533
947385
592368
812353
196140
509917
227883
314130
126924
581436
722490
561448
574661
919951
736001
277192
547445
2731
437314
246830
59891
25343
27450
290462
206457
774074
747226
725017
771691
912777
567584
529706
212616
215742
617874
389343
82988
917708
219159
11029
984895
856495
777202
486189
453182
184936
297883
738139
163364
644518
431420
277597
555956
698369
964549
768840
323942
465631
15212
349885
527660
20921
157253
597435
59423
469752
601849
569870
39755
755257
579302
470886
265107
960176
612435
719810
194819
56936
192142
397323
588848
957480
685860
811005
894862
475953
128765
913600
111822
279333
301521
503061
228273
689986
390603
866604
637998
366603
789304
333586
64956
792839
813612
839175
449405
833699
762226
663854
809927
943474
535469
479261
435215
389845
79695
832660
445044
280310
7797
61515
263206
106478
415646
363684
233777
459783
595719
339072
267434
725467
26724
981101
558068
459035
230908
861117
872943
441836
788898
392370
413183
834155
17291
688789
985140
535377
533265
611046
389659
244466
560771
195821
585376
924063
953510
367215
505950
342444
152461
508
571333
769036
892176
759653
134311
354648
190124
955980
361631
860526
724983
532116
267678
666038
440318
565942
699027
432384
727933
493621
477175
519881
309626
814442
502898
252253
64830
924729
934829
55510
933745
539748
327477
817346
247377
134270
521032
887587
697422
863735
196416
186832
212486
838166
858969
180024
337944
972550
3489
153222
667751
924999
142715
788513
586541
143365
987407
599435
788729
479622
500882
231401
276358
685244
306989
953697
469882
53818
146700
999455
932152
344260
120454
274675
179426
134463
67940
435220
893998
877511
71056
171400
406627
461727
291036
541275
195569
404291
525099
276940
535915
512730
955968
377800
928802
194759
237281
848526
336159
764447
713383
594865
286844
383477
771237
743868
82911
720848
824563
265263
390292
790142
882006
51880
68359
787138
803085
93661
361115
263912
837946
201350
335337
754042
790700
977943
659480
364043
140037
751595
937621
265072
978189
382588
401455
935694
926674
429391
42322
504783
795065
327213
276638
910447
728358
722763
64868
141042
318659
851403
574269
853816
446385
779035
260102
989992
753289
858172
227451
123338
727565
125789
312943
212145
485489
99301
999077
172885
954111
522192
833359
305215
680811
739569
997600
123677
130803
750037
640016
36917
677234
666120
660588
684599
953027
934897
388951
11947
687500
15512
948129
881801
337710
351112
596993
531879
122567
530704
395762
786509
426146
666595
608680
979236
485180
632991
892654
933837
485236
710059
964446
204623
85838
186297
876540
352616
364067
935915
143215
709316
242217
843346
817756
632715
763611
717457
336992
932693
11589
431584
295466
861689
357614
749228
963060
720899
810401
420956
722268
986755
769370
336175
719523
657090
592266
683777
63873
788112
386439
391596
642978
205753
161747
882507
36609
584598
818247
324058
939744
92415
708637
341369
644641
673118
321943
644560
757828
215519
736846
466764
947262
466691
77082
24710
748658
949844
670875
261125
447118
845043
475234
434778
340613
205389
800576
290602
738148
987692
81256
398536
187987
811113
935299
586048
870059
53312
57873
233713
257134
449788
248630
372370
503271
435345
885801
49685
968799
629896
662772
730728
456313
719701
275112
595672
255275
414852
702497
32976
51481
290130
962290
457216
920528
871384
872044
437209
659931
944226
373776
118260
670662
762910
110863
245330
844845
273328
478649
424318
610943
942882
779530
776655
676501
456313
713870
438026
484777
560867
436909
562980
788020
300172
495703
434084
232424
798863
533196
777575
128263
645129
254920
999741
328286
782474
907658
169329
582754
900517
517888
831015
589989
82407
994001
755549
920565
150628
653510
855828
285714
196205
532182
452808
657673
514589
484492
36570
969777
781139
448983
440015
973441
440058
653870
976177
744845
405123
950046
489299
292827
647924
60529
936498
203622
730330
527357
878391
716270
724122
128070
1306
398266
323238
117137
415520
462060
871371
179334
233476
130111
68646
585792
634804
118175
535990
353013
438898
62116
661965
442749
332827
434349
941153
535936
259077
993237
270079
674177
482241
80149
494303
40833
586047
488310
453010
143249
146833
300912
799384
470392
904328
40996
566670
220668
984955
761907
86276
804561
213414
119289
341357
971803
560622
923626
537263
2082
199042
417543
676443
191057
584734
771004
733879
644523
649897
415961
612726
962123
917822
886315
208713
679638
490056
58743
843918
152127
715207
398226
302759
781046
71663
998752
783846
185646
887855
915239
769444
331081
777807
237263
45681
154083
175730
634040
58725
382776
833787
457912
494421
771123
45900
222959
163489
120660
1322
947209
815851
250748
801917
342864
5986
617752
390195
265772
401788
895144
820099
656696
116162
255147
736399
614401
416581
765353
308066
71773
255662
351068
505881
421606
780979
996028
861983
43410
593510
487910
511825
260336
844583
346088
956480
161281
715066
298347
441364
36337
632755
334398
440013
452656
359886
341819
342693
504370
650075
112024
278290
507455
488086
445964
908007
229559
64277
672667
654042
929510
139290
398976
263968
535616
611656
420662
504245
90489
404531
485284
699640
353347
421392
324131
975922
480549
201099
280557
976247
697269
50744
972515
639205
40690
490465
937594
220809
944576
358909
85700
361570
901376
519554
798999
70205
360459
341970
303772
998847
844108
539216
622326
748225
423671
36950
112204
573973
937770
716607
65909
970920
733790
275807
509823
433216
644618
42578
632348
649188
650644
789810
439082
344538
12660
581218
67165
744971
798568
218823
25228
862851
58830
906967
752916
717141
516385
680905
567661
15707
171090
18412
655559
235099
953922
724372
561056
643014
391770
981678
687717
811994
356488
842741
365442
452327
478806
839101
338184
603374
721896
829997
185274
280164
960594
794762
508788
870679
819988
815790
666361
90152
137651
109719
296023
646070
838517
246875
199609
346715
352312
428985
435593
766480
722095
854092
950784
683500
360634
796249
140299
350217
404513
92359
533467
434887
221230
766446
879818
759018
993508
153287
748389
878623
299103
425156
552154
91164
516361
80057
24383
737509
37302
168567
275964
337002
807901
449082
983639
14733
166452
525048
313690
741442
603815
920089
981987
165456
34804
431046
56008
322996
62118
559771
1636
726756
396395
215286
357123
28337
178580
324145
237990
102469
416234
240556
95411
947660
712359
768323
366716
918704
173016
708831
114602
283068
419981
207912
958726
965218
417145
845400
83427
308312
653805
39339
397036
612892
625004
902770
733510
497305
462314
194631
255777
411170
512294
490523
919520
955419
617697
675499
720290
600182
501497
42386
567149
702555
126439
656055
129399
300193
692370
292902
559568
502073
417037
117949
686447
687339
723508
28093
698391
682808
905246
496128
783717
248989
637311
562121
861177
839993
789469
753399
17279
208518
10413
798612
680729
392259
680458
361162
844971
822322
202577
663861
724418
729725
910299
821396
401249
757044
429912
487064
192362
477489
853060
674591
427110
811165
139017
747770
433585
410571
984305
248362
573573
579010
361798
401258
784289
690712
786505
216230
154325
932601
237259
440905
74605
837831
90859
54388
946295
457500
334956
841546
774323
564202
274225
189736
637335
856004
755288
733554
224572
451061
360497
770377
4648
689038
35162
810968
209849
488830
254200
756366
444138
207001
120468
573414
726085
822779
406223
606177
694565
239238
168579
569110
307495
14278
256632
367711
869293
137078
578816
849333
223054
316764
149616
490646
537437
257551
867515
753890
256405
451929
163756
2886
578590
623223
615808
473359
528830
396285
255901
459168
660831
172374
934323
320511
894840
888873
731694
253833
364315
376344
145109
565894
637595
936866
961794
643863
321176
59304
188350
149132
241449
337741
973176
47570
346148
264694
842018
547337
733837
860337
252073
371252
561560
82098
476879
50698
387484
905336
494758
265705
307287
36366
901995
46378
465240
866477
819324
462543
479053
800702
866231
640409
29097
446590
47409
504439
209969
727291
669904
137432
542948
739067
334214
597601
199109
789627
962986
223035
462662
975829
903924
911811
609235
411451
64085
461093
872568
162719
307569
834307
322351
390261
884922
228430
645834
782032
802218
185336
496185
552361
564445
678144
694649
883583
519112
49708
552282
494808
148314
403413
503594
974501
358829
375900
933315
772611
299689
872954
392430
375774
519606
103798
690931
25392
92763
458415
307455
212839
564344
708441
336751
362469
359196
745797
769151
235617
217412
463064
707530
35242
721201
862173
950781
827852
6884
36023
960732
380491
639161
853615
965616
298572
471006
401324
521612
902740
285358
642944
435515
508967
497326
716126
50185
925330
508578
160490
307434
998725
571085
551145
12874
836120
366980
82264
324401
186478
680430
947480
350994
264695
895578
637510
798193
315087
922813
697897
961136
581316
428807
352517
830260
182645
563744
221964
309560
149397
305156
144052
969710
180879
357432
717092
137869
351044
360103
373319
430716
165295
94046
744067
523865
27690
725089
72004
965670
121737
707368
386994
288784
67300
798009
810625
185886
850611
749347
370854
166643
746001
58452
530535
926079
381091
914008
620875
290888
997330
425902
293873
625105
534324
756425
535933
972132
644040
748640
105453
480001
981984
364210
625417
899939
518937
804570
974777
147819
852422
807242
877361
961388
470315
206055
418247
548242
947429
695489
467684
277039
713127
162861
597721
291811
879839
658753
545865
526888
284215
247980
5956
488952
321335
311535
619125
452123
156743
125308
267313
6672
873554
616809
40687
538519
512519
935313
423383
169881
379065
269704
537331
942325
525350
701816
700994
380329
445013
644957
520171
669976
486552
923033
699791
3709
855537
876788
151799
268205
277457
102132
665132
639874
857276
226197
659878
382186
435080
188262
473308
17290
746883
11008
983930
647760
190388
376611
542577
60372
744698
140206
165416
184490
33682
805307
742416
758854
124596
281045
287317
738572
571420
926167
217200
769844
372262
927778
238233
992279
809298
177146
586970
52056
710952
651069
294847
809585
329269
148034
932522
629721
474163
914122
425155
917839
562630
683621
539980
469766
43619
31589
471570
594925
929227
995127
855551
986202
883445
951779
22541
695186
848906
897632
129557
689655
40202
625108
699781
600271
119244
686376
908272
377133
93858
333061
364288
431934
813979
202221
39878
934962
277730
817336
69810
84932
584515
734825
986910
371944
282382
421804
782468
277969
226580
505454
799569
495516
827086
210137
42897
388572
577950
11051
29833
730818
355309
647090
180835
216873
359987
856742
318980
921404
280980
197986
688890
149317
360488
463105
57681
122578
723
666897
555588
507910
985619
690743
377553
855097
139033
975007
670501
85645
371278
337885
519223
943758
339510
118885
570609
693637
259186
375139
608200
894746
479455
828728
935021
368995
23644
266962
834139
187469
317802
409959
452689
377381
536428
79310
239962
556036
430285
538810
912583
648469
83008
548883
698623
966468
985507
383539
121197
976517
640893
316602
600279
950782
732838
93134
570895
914642
421126
405746
106946
355083
284021
894466
592237
913955
264514
951752
216432
311599
292431
575679
350971
5673
688026
869666
945765
405656
327702
35823
960731
293726
994167
637181
357429
304414
554637
657143
944804
429832
208904
662132
176264
974914
223898
724020
997022
101364
321402
571258
114071
196208
998020
742401
361219
173373
938237
554908
529772
88575
314549
964717
566784
200452
157765
473409
436773
332653
251128
365831
400881
236727
781830
415403
761202
992485
436667
221972
136295
816652
830839
894646
199634
702138
513678
819732
826661
662596
370319
395926
127769
942187
212066
915394
313694
450090
498187
343578
517549
142431
695051
290194
928633
573459
343589
982637
624451
719144
123710
536563
495501
558046
474142
244945
250598
381250
593747
96653
191588
756595
742516
752612
509360
667346
941571
249409
630971
625222
435884
116060
925967
306920
338154
371438
891712
572306
243913
682188
719361
849535
186502
749799
177043
541855
392722
367199
15063
885882
474229
713599
235653
948926
740432
727641
450933
440359
485883
612223
867419
492169
94156
911643
47376
544893
374841
895148
930571
884006
292181
263198
470446
762911
996662
150084
110396
590083
502456
707444
469481
496664
614554
764991
572938
284120
464709
126667
432300
860510
778797
569999
413504
598954
296208
158443
119732
601297
661020
948514
297180
428420
985454
508341
59983
72122
552884
573981
842319
485181
608883
780580
772640
16782
588708
992
872249
408182
122298
815501
465048
375915
597631
833606
398640
531419
586780
711648
12478
554519
267703
256483
141626
405791
163831
202598
462504
358342
897379
493510
256525
984706
868840
794114
501119
702226
409721
197366
416534
521676
793937
543154
703231
537090
520788
804727
130350
994512
830867
642189
772275
841221
371566
517316
616294
303532
580244
824325
903613
316982
115431
525395
36988
950277
700090
589732
293579
558487
101628
477398
318115
846413
78190
612816
218466
630743
306640
258230
788223
519039
91738
894024
768599
224206
551334
51672
735718
261726
864875
504230
550353
23934
529059
685849
544351
71035
488334
62748
63944
640529
221136
720147
73062
805422
426166
855161
8328
272095
919190
59224
114470
928154
733204
290211
508078
896103
748161
565555
864701
401451
436701
190301
174953
965842
473789
779884
337851
86936
62344
579264
237882
719221
979611
986178
255010
