5220
964105
25125
139144
152794
67847
911717
55402
447999
360217
68714
441334
437528
269823
44045
977487
273926
558361
177110
181315
43616
809417
905206
765249
970301
377397
720413
634919
368799
425579
501177
165754
444284
346144
3725
543407
295530
292753
276649
230054
935910
543371
909835
289462
152065
313925
247378
93987
860391
386347
751067
825772
652301
703926
204858
376449
495158
570614
813655
872594
652387
55665
980770
527555
753493
268070
733044
330620
685312
277482
335556
847900
865294
61684
299394
354573
172492
364340
113619
100018
306165
566685
963882
958589
727897
244548
842368
461662
143402
306272
349615
414230
920931
445105
27889
798826
893398
364222
935919
443442
87376
727670
565577
282704
427754
816440
716066
77950
722351
39598
77156
944705
306085
334100
320471
492474
134010
238231
625241
452763
553357
58776
798459
729335
40725
492943
999992
81777
112946
127821
534803
624022
580430
630170
853580
430791
611504
287996
508478
69199
897565
445337
528600
804691
155115
174644
185398
913383
678115
169299
505179
361277
490258
362433
469965
385272
883308
700783
115981
929439
718430
988150
876146
729389
641007
633912
658785
66628
936145
253156
155819
34818
200202
297112
248771
913708
250298
963360
649818
382088
542664
364124
249433
252743
690669
385344
439931
397982
709405
489910
487556
962677
711757
107678
711521
505592
222501
15605
500957
904140
943748
749139
37310
470172
531626
383630
607162
402513
722503
339964
91481
1888
574877
62486
923112
428541
726548
45945
954455
184301
497626
246086
949488
146489
462132
477416
703092
333502
661926
677749
32340
752738
351547
712750
746697
922081
354162
46817
390608
348869
678149
90158
31877
59700
602199
294054
375195
991587
623865
315919
348278
439464
116376
252100
776549
787502
891335
313977
136767
400642
515941
535261
115033
477194
444587
415192
144545
883988
279444
518643
683866
321548
87081
863063
202804
47752
319016
726958
888327
152190
304656
516710
342892
747029
22284
315284
905016
386968
627002
303925
323222
910087
708246
32527
834944
568584
711751
572086
308378
457979
407046
372906
223787
232491
411239
443358
73592
527839
551878
870547
897727
368721
528911
900515
891405
466806
416297
929946
433276
600508
349376
19007
494029
199058
606253
147184
488478
904608
754437
249131
220616
67608
57083
735657
609175
133924
814066
712356
358822
841599
226788
668474
873879
842912
947304
577706
919533
420624
730083
553018
430790
53341
524301
309499
581879
861863
23583
942565
120262
702743
791446
410268
387070
323120
220391
577876
435187
258237
143423
876368
601171
212394
100533
27717
757988
784559
235535
375902
482527
823399
766318
414617
993449
909439
329687
253966
881450
298889
439262
476048
66316
728176
18289
843244
225938
199110
435390
963022
930578
133626
397122
253187
218385
78757
743152
90778
142969
965443
437626
496419
47161
946622
456702
376409
639993
518182
386448
152540
78009
786302
822624
935958
368389
498352
562696
596864
387351
553888
866165
631549
905033
295325
543727
711396
141748
884852
317126
607323
392747
624415
227291
4254
542477
256091
953736
488415
20235
109271
297389
109320
287479
939080
674904
683420
324548
971225
876304
959163
196256
222912
323582
638404
748395
203436
858681
413077
467730
651546
993260
16301
990733
661703
960038
311667
953841
118528
340222
462800
415282
917973
990561
109239
300729
727468
963962
744772
943646
550257
559036
751042
222082
323115
971279
458311
772684
207274
66644
627578
53950
906397
843159
13045
990131
217088
643344
750021
431031
367986
443606
878798
516867
325924
837857
134988
453779
919470
20986
986932
856166
638523
652353
389753
422674
98597
556443
882410
540609
134556
933750
685176
677388
394239
655802
474006
595314
373773
697549
880505
776117
637365
562371
820991
96785
981321
479969
360171
669529
913233
330316
612494
390577
124028
45075
71619
767842
108017
645590
127953
504157
574276
764177
230707
816783
826565
459657
284723
714205
409650
569425
762290
863613
549708
682809
183301
340976
71
73748
898874
92704
708058
986917
337784
360785
668855
151846
757316
666119
822549
483252
124896
309557
202664
379354
453582
251997
633522
772664
492722
903369
141555
267279
410517
636644
27452
477036
53510
590069
48226
762287
49690
961721
199885
857655
21461
666269
642096
187821
988961
158549
179987
502825
982843
699740
286476
387012
264941
869320
467276
106811
10805
120585
267861
683324
375237
937278
592265
987601
599972
326323
21726
887526
96178
8379
968238
861176
165384
537895
209451
428572
633662
111904
934960
231402
700294
181286
262066
965572
804021
898213
642581
880454
449058
870129
353115
706764
797607
429215
201079
511578
136965
83391
640128
556396
216228
610809
583873
722651
774839
145475
746477
419049
302270
48124
547056
395817
537893
321576
459104
971086
924362
190473
263314
225486
628060
188246
811017
353074
815966
321946
556362
138557
659531
922604
121291
498550
882452
539655
826121
174164
796677
334661
244985
69638
563781
875069
348694
4444
633980
745013
30873
43157
107343
996230
933383
78341
769862
21323
947684
102243
318351
670917
632453
37165
40604
479247
286403
114104
240679
359416
420939
917400
982229
627458
10387
381159
155064
129590
218215
662902
800495
341218
800289
98830
257449
331441
22775
936929
657606
993317
101359
89682
979486
93619
447213
362782
730330
608058
680557
976485
208384
455714
688651
64665
942605
548301
130175
56962
411387
180413
81767
185643
463074
976066
992381
178285
990267
260446
34344
934101
636415
951415
842414
284084
807726
996279
147846
528260
634027
951556
738123
910834
936772
783127
163341
858573
399824
566587
357250
64073
267121
204964
855002
572271
461369
192682
817072
292965
736809
802720
74780
191509
648341
966357
655333
805373
394723
118375
374740
834195
426930
238398
865572
76563
960087
657196
769109
419110
891970
881119
58719
277680
706175
60609
311684
312439
346393
768109
422078
109163
824217
271053
459032
293782
912364
143700
328153
811361
125986
751253
906778
207488
112979
471870
634489
690875
741276
266997
837158
220314
543367
337358
932379
943853
717192
413478
293992
924661
505380
161823
343276
568626
503597
782968
288096
239306
736552
340679
242125
40851
192271
660118
584670
299453
922289
783000
277584
11167
453943
780934
647045
12572
739715
251995
305016
774642
214833
343464
366091
438175
528959
565204
514493
24496
339785
40052
258359
380519
524333
210371
368837
827336
980109
778238
417634
979648
648882
722847
942059
350835
127949
689459
972278
154400
417306
272218
780156
410483
982174
10587
907505
592360
111503
613922
585461
19927
64594
862295
444322
422560
847518
118747
134854
481715
844928
506401
746091
385468
98169
801191
729617
994218
933186
675600
535613
324443
838960
625952
369514
900518
997425
91859
35294
913796
324598
799386
668376
810971
341035
186547
280165
862377
713441
970788
157330
851273
197901
751891
777020
752997
556458
849925
363011
308473
990521
722417
468701
995775
885929
53952
6599
648317
912593
952484
998741
543591
972761
92178
876267
81201
376569
460253
998340
486198
415193
844080
618223
476606
426328
317992
273435
450799
50089
51084
704647
270931
222807
780970
132379
970306
771113
544021
342828
785632
365538
370140
975045
773213
133725
839025
138957
159903
728233
848771
307451
125035
949718
672993
343045
291268
222324
329098
147791
266842
83921
516192
611630
798463
740622
137531
191831
497172
142496
198362
838376
546306
318817
806197
508883
552484
287120
945838
469859
768834
696491
709669
112108
940089
695016
948842
230036
60598
45579
937614
667703
561313
191334
423058
469435
517014
829043
563073
390258
539726
213767
831578
19877
199196
370164
605541
684227
848852
641726
147046
353702
46918
162039
929903
411774
834728
197434
44752
687708
21201
660032
359338
108445
589858
332642
119906
16177
303551
347243
341809
233415
275451
811033
810775
715223
793106
671729
156975
263627
47951
942332
416990
673099
253070
746785
693797
422436
934428
612896
186455
578708
922810
988457
315364
615348
382337
983
428179
790594
808671
932428
6926
310026
282431
331561
671831
913009
996807
960938
831001
390046
891515
923037
874393
851909
949183
833917
3019
163537
212665
497071
301441
698158
670165
240920
364862
321200
592482
963545
914793
353123
372057
90472
410141
424048
738238
863692
845021
125544
88351
285812
278437
650736
453882
82037
367515
534474
671356
873759
729957
321084
156451
686714
863380
540638
979524
953058
174909
521925
832233
51964
493673
683208
804114
641748
480354
818283
239324
368661
151790
122608
485312
82532
139608
894838
73394
442905
429417
263819
61161
826714
353590
910934
625982
991958
509395
694362
316206
214811
457317
568104
537530
653525
39381
413796
916782
632804
855841
905585
332606
962520
977996
228732
237643
699916
127926
474210
784261
593244
83526
580543
362283
8388
119683
189780
362799
859606
557570
702484
214709
635224
765242
312267
918073
56312
467251
292011
806991
161388
73309
118645
723078
138090
54781
474881
963366
530881
491330
107178
88857
357011
535670
22552
409894
137199
916176
268203
626648
651151
748262
231488
945277
432299
22207
468260
987594
11511
825607
509715
601884
372992
114140
332779
873497
505246
530373
346354
812277
721623
495298
329024
328593
711505
781822
414667
985405
620657
736417
69517
866398
669780
336578
575892
595755
906088
878202
911910
678097
247785
403539
776590
244087
214132
56544
185287
796444
405833
198566
417796
937883
553186
185592
499994
329809
723562
455136
320715
663957
723996
177721
408944
330342
605881
23130
51778
918115
873317
281837
475525
67315
71967
334429
615953
902276
259035
568557
608062
140337
243134
305574
486315
350205
720885
623529
818283
680956
926643
719522
687373
412817
912069
593181
33031
899858
764243
588786
243006
590280
550645
395932
101941
42962
85359
633256
599311
774633
96843
892489
903938
533245
620562
775176
755227
858559
449638
433688
21351
350200
520895
918856
970629
395094
491840
246097
164934
927879
356917
982159
521790
340734
981228
245517
943338
760083
241069
893177
738237
99335
602902
931830
167113
89829
965976
332368
836039
427907
892680
471307
26819
738088
661282
625556
715623
877192
558945
183065
591713
464234
799796
660148
487348
906666
262749
643842
81240
437083
311275
703314
651471
139716
90706
51642
502022
921355
808612
45315
866467
43440
431598
605892
778033
783216
52337
575628
37350
759818
114044
109689
159373
289565
369187
119589
260692
822192
449566
948928
380596
944844
982976
922041
183672
631172
798865
595862
200749
645333
829067
929316
544805
54120
292462
140872
996519
437556
951104
519411
874870
507072
130404
821428
908028
983302
214934
492647
115732
138227
158209
65419
95857
316299
429053
606066
119534
497066
422248
732561
300658
349157
594592
772855
665855
573519
416090
996635
688152
96664
254690
795278
957069
921103
693167
382351
131172
185735
119074
686141
901094
488792
847003
211559
192899
918269
24184
213247
316834
313819
330987
270830
518793
200545
681911
672833
540518
130698
324295
915136
523512
530367
832491
982559
796637
863898
24432
179150
427896
926854
389018
519211
896382
409090
446208
996887
743070
158212
19717
75686
267
594042
931758
1840
984743
864811
772773
210117
564109
123645
625801
911549
455611
702927
910320
728364
493722
955462
325306
304821
293676
214694
300051
601142
975505
130838
531460
199649
229302
755142
363382
532074
506907
884268
167877
11548
546494
732457
816893
817927
537513
6411
67188
812884
826261
126379
797316
137273
51450
121015
725795
333959
769524
141386
188704
978592
139027
178423
782331
502087
277183
159909
961634
10192
676102
680724
678020
804982
162180
790078
134932
372299
202478
49880
190812
76362
964539
521591
148411
367624
533807
598224
149757
813257
949829
699672
160853
719215
353592
376906
631353
278285
814446
957895
635866
572442
625602
28887
93759
663810
28332
399693
490749
909974
529743
130569
21397
47586
84575
110616
504170
208927
669997
858870
385821
725375
646673
698867
901639
650214
309427
111794
681810
339897
237174
937422
972212
476942
172097
555544
930314
201027
244970
754108
750861
150122
639553
929538
974067
80226
962871
249456
398884
447617
817514
925132
7959
217069
527310
907646
67401
484234
968569
66068
217882
381581
488074
656928
414276
332464
768823
700988
812344
632574
151795
560814
866007
979982
638520
544870
660233
709964
914934
12260
327806
762994
986136
600310
920255
267991
113775
616415
426608
329118
965757
725332
32612
704463
43360
96096
118621
523650
989466
769255
514975
729719
815673
114503
570735
424195
376295
390362
914925
493733
714960
763096
668171
731639
508075
224986
300393
525632
33640
688121
935631
356070
414517
811157
897286
704705
328044
1969
314835
393610
496412
825660
52433
70130
574770
500011
339690
963599
314819
631681
885489
1329
134969
646448
943007
492819
448921
667737
298153
662701
551149
348784
47162
884390
16850
966203
832274
770919
752416
90105
617659
762187
104369
281567
549219
937010
832080
700221
480155
403125
219264
490496
629163
505012
8742
614352
202255
587786
115668
488474
936403
449698
767730
466472
633350
755427
512715
465643
404830
234119
398961
71515
39912
489033
328334
424565
479017
935165
323849
768995
193878
540089
961553
315002
902829
239729
947913
241437
99503
263841
756496
656446
381562
251811
750060
733509
396294
992288
498514
565897
959164
791907
461268
534651
990190
19529
575975
537762
13175
869589
670096
7168
95280
930656
145579
740436
945292
877677
484760
142009
86033
83099
357635
120748
867508
339123
98573
108202
638543
781473
618076
494136
873473
665088
817020
587772
775138
491854
693552
546249
442593
824639
981785
654520
215293
423981
361346
230449
902684
704300
965254
305865
914955
545084
795486
935494
505299
523032
221515
806973
357428
838379
57244
911580
651137
417826
385693
905412
250007
728796
254364
801742
807291
440318
70233
133871
559696
696420
326217
224822
311793
296050
352455
290866
131825
850504
856920
41264
328108
605972
369561
105057
699402
898497
894599
697435
136976
255501
554923
986166
941090
823416
684384
165463
664793
389144
876674
229385
604029
847753
40629
602630
161119
997698
714767
530454
457110
293316
163875
346511
25748
288171
408683
7738
869028
239655
370257
657558
985922
920708
907930
461750
283734
191204
679472
7173
484431
148239
438666
784298
212184
670433
314554
366214
75258
548578
108178
916186
155150
310323
162356
236294
110621
273251
902645
311916
267158
846305
912686
390259
322155
485196
601375
937512
332232
634343
296255
338942
762224
873896
76644
594486
269558
144367
471947
542490
11606
664980
339589
462499
745902
610009
303167
93562
675164
863550
319276
152668
116469
990388
50897
822102
650654
354409
946156
851504
167051
807042
498114
381414
114514
669479
600964
978065
994603
604727
295133
821413
629446
131229
895195
860947
219529
409850
287031
84239
97061
205250
742594
292972
348884
68707
699118
253666
861105
102559
638647
126642
643123
921915
374828
846560
222983
308623
255454
704351
63050
553534
179876
379083
138656
683392
364423
18576
110132
367323
697681
536616
335948
572273
963437
447489
496711
758770
261435
140732
131382
36657
260275
677906
933589
595796
170163
489425
274789
417190
779558
696964
410535
758727
981331
19761
402550
270851
479871
518460
588673
70335
986752
617257
694245
398095
821216
316799
231203
980197
559850
320008
341635
74725
911188
581812
865540
583764
630280
605277
123262
757678
978065
867365
298838
898902
685151
567931
873182
404840
685494
515325
382343
639594
395705
437687
653123
633762
211599
753802
35643
240001
262192
970280
806186
418365
46862
846204
600277
136252
94690
599526
558183
259820
605649
918756
707692
77295
704059
284940
846186
655924
902561
651446
229464
86625
425776
653814
688956
951916
508846
26118
42212
103561
871808
116227
228608
408702
95957
711502
40154
695314
391667
84819
812980
735395
759004
215014
244925
783319
901468
797321
162543
820203
562226
891274
95432
38439
401561
430729
615842
891506
555954
759704
774449
729346
896975
834939
327449
823851
535838
519566
645354
828441
25264
534534
501625
888281
936613
38223
94748
272401
953142
82389
582721
750800
646559
245535
571371
414080
327911
318485
424971
168632
553101
560226
282423
496622
131153
357940
587017
777994
10972
761184
428183
305301
232204
463459
988682
361552
187872
558404
386269
458785
756029
220245
156788
759976
349019
28504
902998
918769
356815
558653
813577
26178
644725
86729
248905
82451
884025
555795
940452
578333
810882
11305
840949
124619
552380
746639
189051
792397
511617
610087
116501
128524
789604
399276
201500
817336
128921
521112
202205
842748
384068
367270
883697
684179
274076
64690
644859
729780
35964
834556
414334
150953
227462
690059
455832
36798
79924
269166
604639
805972
696829
115677
108055
214485
393568
688063
953229
285953
679695
167237
936018
939367
321339
1395
308503
959792
301816
136895
682978
997526
461518
669522
189227
6322
598875
646123
923861
565746
195176
394019
954252
886249
510854
995531
194295
875200
128868
380913
147994
905546
29489
44994
402060
927990
563432
965577
119375
373533
826685
71957
706065
570939
309026
361529
654462
191931
971190
951405
725888
42795
650187
277202
589460
349327
846162
561299
315274
152081
538725
822375
859097
280854
104625
2035
95836
592491
130942
322059
247981
359710
868317
974169
308061
717481
34797
201622
944269
300938
479305
328758
235372
656174
592977
288353
307469
226443
567444
428699
193955
848717
378519
739972
229148
198824
556229
65851
548184
988236
360946
820766
565189
192055
686733
203821
37081
639460
456930
440013
370026
49697
992778
496680
154925
930814
167344
474865
597129
569569
513472
495301
825111
668407
409197
990509
459705
32773
402527
903616
87252
924508
920248
518566
831595
300971
931266
913335
167577
602990
14647
794241
366571
264133
317420
696105
133847
740063
502362
582440
314653
313877
35786
855991
708025
959315
496029
298246
793410
746417
548789
236901
456163
810144
333956
185606
792051
371391
556975
777497
701682
414669
400094
950935
367330
82169
759906
814043
243071
911254
55428
635498
563549
530090
306598
783443
728350
70693
401688
570162
590220
566639
992122
658766
969689
840026
803913
397154
214512
930359
406984
208697
825207
92804
173643
868402
160804
434179
699107
944035
794617
134246
83361
492250
782237
684646
647177
228031
463641
127410
335637
104981
494251
968709
485666
856671
526602
773712
58811
183583
7480
35351
176769
897082
592829
82584
973683
523767
692229
353957
553120
739686
953048
529235
532454
508701
486833
355147
10981
768286
7230
768381
681478
764820
662003
35893
985762
983036
513867
146118
526864
980321
798109
550434
11662
352063
264151
469579
357066
911881
797529
51364
720334
139590
11568
648353
154695
791766
959981
404574
167152
662547
732130
139787
480608
204115
179320
229636
845932
235401
279088
946430
474746
619595
556212
72221
969955
186990
607321
835299
266756
488781
996916
168324
432546
754537
721750
5717
977527
783338
372837
127138
358877
867524
155032
113822
159254
544821
376206
664949
375606
67882
363980
500158
18157
138497
809745
861900
151925
437866
951640
594724
999316
383270
573610
476360
98446
371378
673437
73970
385323
727805
369452
885597
792928
994516
93172
180476
397341
43486
428489
116494
792818
193987
822451
917513
65951
79785
226312
492467
596342
625238
789479
975888
414063
85753
810318
757494
526472
988356
179225
776572
234263
372402
822680
687505
571374
494182
84811
466728
338857
204596
340989
78929
861782
286136
267002
744931
201282
674404
367917
887574
71836
850136
512731
965101
576648
839786
27190
930448
703427
352645
274527
962936
611630
354797
281403
671171
421753
99104
520817
494183
427693
434840
217533
139715
408085
270318
614196
601169
947274
935000
393492
173688
341402
633171
280327
410558
677013
59932
646709
72795
805299
258263
771266
542824
334181
666899
72939
759478
934839
945829
490808
129532
3230
143665
461535
373480
682276
964615
943989
630998
871597
212905
320209
956574
34340
787691
954879
124296
381767
452339
223582
73947
960077
731744
747287
792915
352560
93319
416890
478128
953690
699993
438518
208043
201264
319328
132597
401668
535669
345576
123538
845366
304477
182458
716216
345676
925935
552452
686744
44429
977301
161620
436166
249491
628291
429123
801969
35194
927490
177006
556211
666520
582944
466303
251768
869398
583948
364500
186330
830078
445877
28510
860918
215758
92592
533917
853766
759149
209281
148965
10195
816497
5987
977473
37320
153803
986084
133093
3875
966736
839404
2952
723908
752740
48606
30630
122408
951301
822166
390160
940143
274225
657811
947118
976921
738101
223726
923731
142607
637588
25672
772475
531870
752400
967619
989476
106046
677592
95783
830853
420624
330061
913316
566639
678055
683762
394551
639551
507262
950833
125285
562557
123399
43140
988196
261525
618851
914630
481113
24880
94829
764247
649660
762989
657136
810085
607768
880641
257785
992862
990767
673000
938184
745903
813947
797318
375648
175095
408846
555615
921598
636109
890779
662511
688038
144362
719117
632104
184792
961909
546325
285702
797218
398698
764225
569104
414095
714661
188040
686765
448893
828561
201634
940895
677836
212392
253460
662177
880754
211429
16521
533465
191276
986958
237276
38906
957711
246999
118195
106234
807549
437237
459525
924522
235763
94657
357499
550327
219902
853700
912628
265979
284941
688677
654371
802113
167970
461036
413844
918612
637475
804786
478156
948418
706509
447719
91277
3058
107720
224896
5624
566431
323349
339515
596365
691120
967523
155984
605326
808886
62273
448630
196867
102465
699054
374670
44438
328415
876493
355696
745054
439090
747253
260241
522681
476077
253988
161806
40273
735403
862739
933719
338050
266540
836132
434555
493906
932268
536952
922123
885982
992546
450397
258670
154838
460690
359204
841665
713055
916751
627985
615848
803223
580177
123180
207414
130421
293742
300021
773237
923021
831865
310772
610962
681907
609140
972078
873704
751032
827058
254580
206567
21712
359310
171413
944672
80596
17537
4147
574257
571298
894692
712819
148104
66978
657667
263118
106837
635876
702042
74053
628176
571749
846191
385841
215524
670897
11019
631608
775287
196130
540758
400028
48407
521606
329486
496173
383746
599390
8484
893855
747025
140867
626995
684790
800131
924644
211166
801693
5730
578858
268356
684951
445332
938684
53730
15949
357505
483742
624326
46085
66651
63860
32108
623859
780430
567653
332343
412586
905414
426971
753549
155883
100888
159014
610383
563294
468110
574144
276660
197470
415826
842667
455873
201199
517173
792759
596711
874379
429213
109856
433209
201177
550665
537299
681032
322815
214082
583889
9308
569870
667873
249837
213650
377052
440631
234735
298381
76848
234140
28379
899482
813461
760727
442507
807140
51281
347303
251577
949072
894384
130156
733401
435062
663033
520245
299171
667901
762946
657319
516014
777170
603231
86598
148152
959429
411190
397347
167234
750848
343854
86114
647768
720676
420230
978023
313519
449729
486082
269597
563430
279154
772735
644194
937967
550100
803816
564627
899399
689569
143425
794607
596001
394988
587681
50218
655969
588731
595709
328401
184835
46268
176478
216596
810972
771046
772213
338101
69177
803565
877829
536204
462948
452065
302078
890548
996933
615524
364650
87190
582692
812486
310144
556431
980684
596671
682966
378049
494923
203720
635188
416883
944279
67798
690948
224294
400203
887668
57573
672437
275662
126716
15646
387303
5716
707889
208495
328853
435390
271548
836164
982322
30557
728001
638915
530812
809940
988894
547908
326526
330779
140416
795680
523071
966816
535713
188130
541707
137288
723618
839515
80219
827411
99328
303058
73379
878429
266998
785175
805369
259520
670383
823608
343965
112407
791911
855885
397033
8030
883869
142062
239190
621685
437751
896837
137256
703875
348210
144318
667256
217975
543683
34651
848220
224170
409551
468451
957364
671648
611204
63994
84052
457518
273298
45769
838517
590090
576611
319626
217100
430161
329497
278269
718204
9984
98407
633634
653988
717660
701211
721696
600765
998829
186600
398058
334776
795837
497624
856718
177156
888238
685084
222554
971755
19704
323204
320235
518300
197183
429513
946323
343043
678349
222728
685350
891540
460529
902794
76513
174696
680627
102590
678200
822910
170290
972872
61179
422178
189341
340914
661604
131563
279498
402432
763903
302237
806326
110562
45942
87727
248794
120003
235448
266216
912038
943231
287174
548131
148188
984689
392986
84081
337932
630185
47540
856477
174184
876157
684994
360842
116483
711607
193003
435449
72875
836524
805816
319655
50975
689708
779039
478547
157679
340629
952686
713565
44527
89410
465105
117706
541975
269473
97919
767972
886714
166114
236935
524287
552097
56204
746611
533654
848772
560810
624342
916883
215204
699490
787575
160685
148167
939621
747546
934636
888721
523778
611751
615752
502844
588438
755258
415151
115764
904094
738246
364198
480658
476525
651430
955911
58674
549624
166914
280936
394547
872527
921050
472348
53450
881766
703602
78163
780419
513874
753434
173917
550870
858639
437273
920011
20834
804605
657590
224886
629641
280492
118498
34265
13031
899788
763269
538137
882351
88519
697635
767334
525412
422634
614699
850169
39153
11262
518236
209981
735847
331765
586580
432010
809489
797888
771575
626380
723380
547902
363064
391746
983784
533262
598471
312099
368141
43333
760279
487259
812140
116219
41483
884466
226348
988864
758588
680526
687022
808620
39913
237455
614149
308756
568508
162136
50261
763225
569077
377774
537927
208282
238838
134392
811878
318793
204841
991142
439001
950427
162257
948526
157693
134425
447148
218610
794974
975636
636162
762430
365971
496758
414798
191341
457139
617075
902341
773355
232695
275229
367303
338836
126062
19095
329633
381563
941399
676193
265853
735688
515294
922771
49063
586617
197174
149349
102780
472393
233679
457194
101809
113645
991477
941085
726973
467451
849413
87508
54437
672230
142348
347473
763746
948772
11581
184568
453616
232752
200975
431322
507125
419883
274033
35055
740364
285022
443819
383843
37038
918810
774546
217351
870717
81344
1319
844008
570924
440861
394510
272189
360461
473645
816294
886714
336632
708225
712265
332673
928917
23483
905313
649912
23367
583413
885797
17909
119797
885505
407599
252054
687798
374667
344316
658478
179481
993691
101823
735514
279630
518647
661218
132209
793971
220709
334618
193817
751423
160270
584485
799351
960069
515006
138147
568382
678502
869576
560142
283753
927126
356615
593816
952899
109257
239039
514976
190755
75641
708641
10064
501686
674007
594989
472661
288116
894027
519090
752444
536181
598634
389105
704230
41884
942516
237664
967464
90097
94278
30986
272001
255629
596706
747539
62200
358766
395737
403994
943442
39723
561619
187319
901165
578497
886203
977507
796349
927947
273545
65975
463392
886288
515501
360013
977311
243383
590549
762435
334851
759317
420123
179294
443602
969767
580302
407498
739301
555739
998620
844799
845927
468680
269465
480960
237100
363391
802350
330430
362539
343545
966560
191577
638170
149999
104380
195270
704228
752073
466973
355083
615498
464110
626073
340903
709267
333946
896078
474128
291377
228110
939844
566036
379634
517504
571775
840545
849631
259443
932004
925472
367221
124418
225413
631739
192701
110038
4171
225920
923274
809816
754431
460381
885007
257215
224117
354827
217498
175946
416661
758216
717873
563594
983943
259900
91848
25495
288827
207293
568283
806499
60562
491310
452462
398123
673196
960258
249631
761097
856591
77598
724644
82727
559280
536221
987687
683854
930850
658285
81339
660380
997848
766614
956345
551892
59480
255003
792700
752399
602943
145977
389877
59345
779307
919820
287723
728183
487880
735953
547602
40012
876410
564934
310087
546426
842660
234158
631782
809245
758547
767281
686153
717619
960843
735967
371485
385712
671723
111957
528034
881582
314367
904376
225791
52866
700322
956447
461247
673002
294542
145933
89196
816738
800194
423771
56262
206101
884110
511605
416992
909681
112958
226683
792856
939219
88097
706503
575729
189730
81077
222030
394191
327031
206256
784735
354318
481530
130797
845449
808894
387848
736434
690650
89471
247696
988058
597249
323638
974973
470500
992341
372585
124941
221398
255278
949501
67201
365135
606641
232073
786605
21800
438122
969238
265903
202118
641362
770870
982204
981248
442927
667517
920534
656039
489050
32353
4378
420278
712540
654634
67445
552087
807730
846037
774263
116624
343984
181963
335360
974344
475778
188473
954454
153786
61645
618827
762329
181429
788340
792330
565901
35021
735670
180240
648279
20386
370804
256548
315267
781514
595088
913526
517954
107550
137202
376
986481
500062
581732
25686
18900
67458
665181
529044
557857
956510
639707
451203
616761
136752
902569
108320
750962
777
827776
813705
212047
423638
555914
67549
366673
472587
587969
684783
698150
508843
778486
629349
91840
579062
352750
836531
705281
953519
562599
54960
752082
486856
889272
565074
437395
439980
918678
86603
877868
442601
398515
476287
722882
268537
23296
862816
484166
160811
810644
129512
927079
578675
966181
32242
811624
332554
343282
377270
355148
836611
425795
100383
544493
611820
595144
12043
322667
319261
337503
878238
380226
394976
78897
495427
949365
688636
564859
201281
287399
872352
804587
616693
112392
147817
23840
239218
242156
685328
886996
297649
633527
99891
739798
810806
461877
425214
53167
953794
347590
772086
173607
973103
48054
535266
332192
32427
842475
18582
528543
565907
43768
557725
438443
328875
517262
886786
42382
394424
87569
208827
619832
308347
867593
655731
552259
723722
574959
237363
872786
181004
46695
362028
734610
38800
83726
877539
253154
905418
878056
37881
632399
456108
446396
617558
978040
126301
460220
957490
163089
293401
654236
697855
22594
699429
889155
293111
496047
909805
432607
330557
102803
277948
315283
66098
425093
981014
84812
507543
256733
398837
802097
730010
565744
173215
172728
32319
219702
836448
787862
70060
985037
241769
675726
724753
658518
716229
601835
574770
208190
252916
712969
705746
520279
501670
274573
136574
62180
548885
48500
100659
365364
415679
840777
913132
210405
484863
965552
903244
821130
867399
600608
876005
60775
519164
932142
102179
363993
148910
687684
280665
370642
454131
555376
496869
758978
535775
973401
268161
182994
129121
590348
637609
738570
165309
117108
288037
550931
367970
683944
629938
211926
279335
431199
701137
516418
582695
536446
290667
748717
779445
718354
852127
278226
141886
27417
572650
84601
278906
766395
524914
765684
856206
184598
66671
964677
612290
597751
874038
172189
859546
170980
852004
185343
114451
545430
131171
309059
39163
113284
878300
936439
591341
373018
964089
995680
26280
985352
740629
624030
638668
234359
859907
491373
172976
815063
261752
398600
107938
762772
443862
60392
240828
25959
223573
651434
603231
728329
453456
477774
709647
710210
227178
196891
869483
28127
999899
943776
904775
4289
491483
659606
778472
461010
492777
452386
641883
516755
247096
327158
619378
805585
248375
991511
943708
29879
370107
456953
825376
774332
435020
195462
528246
19644
388233
949118
997314
486629
686904
721719
130286
87240
58158
344710
853474
982735
10839
950454
559459
229966
750563
860341
723077
72178
223950
59599
274126
253398
645386
399377
148969
299380
956746
683471
565892
300536
182829
943426
111430
13616
183685
195081
865264
574752
884484
582480
813903
702259
550082
544974
566747
192267
121646
355752
294000
514169
620494
505075
923174
72776
587124
889431
58895
936884
532927
992463
822924
225208
454603
978252
2572
158597
778998
467193
830883
284366
474000
678682
533954
318720
379614
838413
866713
708368
578059
216179
213958
283052
530348
35752
647992
417363
721838
676909
345253
208448
72479
129703
114020
811457
520789
213889
455783
204327
42367
599724
358553
817942
131910
837574
171600
721660
82335
93528
921263
712607
137200
834810
971803
501774
772444
480529
871192
88569
35629
806777
197375
392925
656349
601661
819998
312535
859201
21123
738860
984026
102739
53189
485607
745980
472794
817466
239500
90730
557304
391507
500530
872828
588752
717345
217412
144804
775441
968531
417369
146879
212452
638557
592434
972110
458478
655861
764687
257790
478338
492151
980910
357859
378790
105577
255201
214532
566720
912920
939531
769999
618334
236385
499191
552301
21343
268108
272916
481072
365184
989970
619089
853993
218182
579647
655057
656535
781061
617906
278795
385786
843276
388290
313665
574149
888238
827387
60379
592625
105837
711110
724768
749870
479684
667686
6928
633140
906705
916575
15968
207160
838557
269873
141714
330171
37706
881922
213425
955196
618904
378713
36006
244430
262675
364422
837498
642692
139613
67488
839529
91336
340179
527654
641439
341835
837983
852039
956626
779542
868698
777086
138491
176064
654235
785172
530546
86840
176033
635913
424485
259970
403481
297037
527028
683583
733452
499433
899245
239972
439527
642555
152479
292557
66664
231070
349277
140714
743139
150312
895889
144279
813614
681677
555449
750794
344431
463840
738435
470630
508672
860986
79297
121132
759740
62899
822217
981969
566697
750541
129324
77418
880514
275697
173393
165763
707423
681297
889133
467152
614531
147372
107361
867835
327106
713392
927471
269916
461773
961977
597722
851847
765212
244024
428442
390398
991670
747375
488505
415623
732896
66456
339725
317913
777056
869477
47954
543536
670252
105891
808867
228416
177012
222776
695765
635270
14153
112715
915249
203321
394344
835522
403467
626271
329447
555878
752963
136829
515195
878692
180440
460647
824868
6189
213988
906293
102325
207996
200056
183190
118532
606647
774868
775806
829610
51375
376579
509371
942135
815298
613201
772773
568693
11936
990058
288436
868951
650922
840913
946604
503487
704694
614457
921139
321769
82095
178180
13507
85687
633626
2773
25530
637721
440371
254420
82254
999448
612149
649661
690719
706816
715641
584101
909861
651816
434486
755595
991176
19551
628007
405655
413903
94069
481610
955634
207792
438115
896004
325505
362053
778200
865378
333439
235936
762273
659002
134645
981941
575539
643312
870745
266614
954264
562068
203777
646012
526644
777577
408578
791137
62771
156289
246249
564714
677522
498243
751189
959905
241158
261199
874736
83330
615372
890040
42056
442571
333710
393072
314190
246454
98863
638337
929897
239747
107443
643063
90424
290862
299214
465500
917091
995008
658184
413403
284188
955394
297033
512006
243768
883468
902343
437619
616868
201531
78729
766017
303813
691521
915350
494521
329584
206614
228543
771919
638531
94796
516038
621255
713182
9984
177450
245876
860161
511852
19664
606747
120196
318618
678607
534839
715117
30771
700760
869270
575473
871478
870976
114401
466698
82692
292908
371896
954353
629079
382552
366844
559865
612051
810948
609702
150728
321781
283515
517460
432562
855208
630209
786980
271155
138806
339416
965561
242249
132571
709743
132955
524460
824758
157288
490043
70635
671705
195268
635859
283748
753087
7342
709036
966176
251677
231073
846777
225353
961041
305078
761697
302728
733047
433358
113818
345343
487515
228696
72113
934944
371784
588287
807462
203176
216959
254771
537971
976188
601603
133843
35181
759518
65617
381748
567044
919372
817710
23953
293221
492725
981784
145551
179582
156825
738462
79530
897697
610364
788299
126658
885634
585734
405950
219132
70427
3386
3349
969814
931695
311953
337032
749515
490474
843826
654930
206431
994279
380241
78217
531272
115212
188897
4751
929593
46736
128631
111841
648972
224541
884925
645324
961482
862672
866639
635008
418970
215646
837237
781053
481733
580496
335294
808106
990754
196398
502389
400644
858403
188538
957379
796019
668346
155027
680160
991609
974889
77563
399223
603779
880549
258290
306966
764962
884326
24641
872975
234195
364494
414418
797230
192378
30899
134972
628118
42286
701195
109021
238650
676781
463795
379553
168437
617456
604828
451231
255687
745562
119186
671138
100717
376778
360810
577476
491036
973839
295112
250934
246617
530363
770442
364637
160696
729232
29269
376023
787759
222296
554746
599772
682453
891345
603012
577599
373757
469828
904800
1170
841257
455030
464553
682537
4269
171192
866064
320375
980258
748121
142693
761878
679043
143420
718084
216610
284391
647748
844574
771268
903835
362859
498275
461837
598939
120626
