1069
223455
128751
86577
681687
600450
782241
486578
270323
120063
952473
543675
832733
394834
318521
235108
801378
309340
270264
645451
722261
548376
674062
628965
961681
536566
295432
124710
934426
860758
961979
68745
793122
504610
659925
418812
138407
217544
528015
881260
370809
508563
429438
440872
121114
647653
66121
138740
512126
128595
46517
9389
480945
341533
242396
975507
879768
550472
348797
374200
782479
961050
95404
656324
929906
287602
215722
565539
851127
47873
574031
155723
972281
329833
977572
193325
446351
732400
669389
552759
533723
586400
24419
443204
194527
607807
365984
51617
377353
92006
523828
230269
338255
117697
237876
650604
413941
81506
677618
715608
958444
753218
436583
687685
829524
245268
709261
363390
12322
666439
962762
213153
178909
627545
276870
797764
204098
506323
892701
528963
339976
336741
181936
103656
201662
519646
593686
16053
765392
802439
455664
538896
299304
574493
384155
943243
580081
658282
708990
559888
573238
310591
184770
563558
697961
369936
225313
726242
966208
742892
640472
755564
366266
709335
460470
593069
244480
287046
919703
655378
999654
723382
392426
709632
67984
248425
417901
500244
302193
530366
173946
889749
70255
554156
830523
380985
336547
494746
773050
283088
643964
473054
652307
722705
661763
908433
925834
908352
430073
247628
321081
260216
660508
63681
44770
307354
940296
394359
105891
5202
278075
726691
15111
333763
651505
761824
924217
610511
616110
310668
720019
853316
458522
931710
561556
352678
976262
201191
263664
55957
861645
198724
756162
339803
488853
672637
536285
386388
216629
760221
12928
132666
893616
469551
268199
115276
53216
191601
577406
216155
604398
586936
357489
637553
575486
890912
874590
45406
32167
180205
976812
470048
637343
174723
730741
38638
894006
672894
591327
135521
658233
69423
206152
314624
645303
641460
768863
672870
527776
125555
287440
757074
277705
929650
475031
951051
555467
524118
265590
29550
996364
404535
538625
85782
417557
232860
119767
615782
675042
910488
172395
526325
151033
981632
807168
955991
447090
810567
350323
495172
387605
618745
717874
332776
167584
188496
547403
111175
404967
386038
886879
37898
90262
437720
906869
80233
831763
662691
211114
196791
897534
750239
880902
2629
448218
367076
463339
165428
528133
654780
109031
108699
710435
797463
22824
900816
354009
661477
235599
589783
675061
897044
658653
721829
79851
253542
656458
800783
532155
713901
458548
219988
569390
128742
830452
436611
191294
178352
538573
645195
466965
879271
807230
927837
693102
808354
333175
28927
357464
911813
649576
368560
611353
975875
574260
808308
518383
71475
956484
779387
152242
362254
391353
671730
53845
116227
930681
897125
108043
439543
255979
743503
980038
794332
408957
290560
199450
414957
139554
790697
795712
415555
474202
912071
31607
46103
533929
192170
352709
625301
166057
352545
879516
495769
167739
401540
634391
539784
29145
717342
874467
94478
239879
796725
363067
772143
40360
258166
244171
597964
902573
677442
37622
305013
758760
376463
509363
288997
546879
156476
151442
697886
627259
981622
449437
622690
964800
324352
398617
311691
496471
374626
251756
808776
911591
372464
490520
298484
312387
182517
448741
999124
592541
817149
105310
426541
504279
50364
448753
335552
592698
462750
409338
703587
273152
146156
269849
581438
299659
251671
306687
139230
185913
251493
370888
663737
702799
482357
729538
34175
904274
553648
753421
139929
423732
78798
926170
945088
626987
900610
432597
74109
916510
700100
309983
602233
916537
388473
384948
223296
350689
511744
996972
521366
836161
176091
710493
353078
704449
695736
150365
889699
58456
65820
101349
131117
1784
385643
578513
459331
105128
448278
912644
897135
787184
504225
630120
115442
157549
513039
667795
64380
144516
682285
423493
708680
364915
680249
804110
140690
231363
608557
847436
142262
918042
931243
25874
673318
83885
593734
723557
369224
952850
651434
754848
194410
754739
904490
134967
601571
684575
839012
303320
492103
226746
693971
1581
819334
23957
847729
706110
33825
593432
311303
40628
49674
612188
510354
562808
901336
46421
964947
481978
983076
377452
150900
61390
187267
17963
573586
435312
455007
579538
672939
983528
908212
231175
46502
683465
401957
994025
651129
958099
37432
462405
695802
156344
441269
896609
91654
98620
683094
605686
787016
176693
844331
927228
620839
331378
976525
127709
852430
662648
294908
630987
416409
974952
360920
416365
297305
738300
318072
939316
329924
59248
172971
379853
211964
270525
1865
313071
86202
543552
696820
958611
555351
938426
667056
142788
802487
996400
62301
833100
579538
311731
710989
971662
664928
800186
695366
166130
277281
200491
940629
354618
518790
339000
578381
860724
496127
531494
336539
518472
789922
55145
930183
111153
720116
563052
105609
780744
838936
229357
397637
263420
81169
482948
635237
854686
137974
308035
160466
744793
513777
538809
704783
839359
188147
719249
405234
187134
547448
42840
244799
263729
76914
890460
506722
175763
125909
395247
165705
508174
645886
579083
110236
318321
645825
357519
48666
303297
567565
423144
599505
310694
864254
673675
942074
425926
400383
107806
313390
732335
546970
13558
455433
698862
209630
423163
385178
823805
467628
398504
351555
653080
583454
976367
627188
361008
94099
523450
470590
702969
319899
284235
449942
570014
422588
568068
648617
89621
427359
34179
664726
942220
904602
466341
825485
171266
998299
838380
451522
576243
857197
251451
970765
556459
327466
983998
467809
54332
316542
50662
11879
946955
622675
414674
941430
492612
603358
781065
954929
796526
618182
432996
863422
977816
981484
827593
163422
768435
691675
828881
967534
59962
53646
630539
240697
816843
329240
516314
537592
532569
906868
900537
759783
458811
394665
445151
586692
446172
531481
882430
562471
929237
144615
637029
428025
498968
360387
912069
516434
608579
537172
616208
830323
357076
222272
519037
970844
652796
122011
188328
475788
265164
279529
568279
14163
284684
262738
835992
870613
810603
962657
58758
914525
668752
980408
132330
759131
912783
405972
338301
951100
719095
784889
489483
253796
287176
775418
218740
628427
288705
699495
199757
536817
805208
882643
59683
986111
997187
148416
86175
232188
461683
705386
547973
752040
107041
405421
457559
442616
959489
405779
436758
445359
499410
262910
989288
842838
495127
487598
838933
430936
876768
577584
332267
107068
33665
378916
231554
315263
250788
492841
40090
179277
669563
541095
69152
18268
995661
965688
800016
444710
246706
935667
392564
692097
673562
814743
256394
442268
340999
397905
37123
305560
376859
189802
997992
690112
870091
954641
786647
598567
181491
214784
1132
794333
546372
933260
375035
468493
225048
703566
350329
744502
539366
289642
44474
497668
572433
889785
541908
927562
13787
633943
753379
908255
587063
351434
401254
461906
642619
531277
148615
705034
810868
627193
204664
791167
843284
78031
21881
857487
325382
778404
739382
407358
579810
232233
918412
739213
225852
94038
300524
319413
159831
153843
163736
26048
517623
377539
718859
908869
793620
719565
638646
585598
876138
119496
901604
577159
649517
965858
425534
733942
730842
193773
364715
579409
565417
717158
302799
687984
267999
730340
994229
807344
538816
82778
45447
973585
79073
113033
393594
486893
113818
61765
401287
319894
697306
929249
317715
219338
153366
333689
134832
649109
98138
725917
733756
857540
738176
961237
623847
505921
267133
298838
413715
548112
