8137
658873
7881
545214
2372
459457
174641
853967
53102
987545
706826
440152
965469
578970
729785
78395
388772
394487
962613
322891
274888
484502
751188
148533
805220
372805
635390
656393
864556
603866
715330
224425
733326
36972
884935
565964
72116
975399
476186
710703
341734
55120
873063
889370
63309
937302
534787
744779
929234
413649
765542
896193
538277
216474
39094
154278
702042
185926
937790
967961
780333
167231
55485
286168
259558
40001
999195
506823
559896
63150
155831
230239
204803
55695
512795
683894
573145
780776
620945
507110
898270
327927
673231
837597
114216
324616
634445
248513
73286
535224
449656
179070
747645
166980
35070
373677
69806
353165
187210
334754
726611
91882
603466
693970
658408
161194
886315
90143
701030
746917
827174
446082
261162
633533
796276
696468
779701
74806
680541
980153
288780
945903
377262
282793
481344
399677
396425
211484
533064
207843
534806
966290
811082
385071
566360
566460
262457
345587
640474
140682
776279
223647
21576
349650
684124
627192
50969
427546
996783
825207
772586
346114
849617
307136
109223
565137
643673
59773
109090
695962
121753
955735
165062
723210
731872
189521
37668
632209
301081
118529
733292
745195
199761
590763
596665
791882
982
167163
678787
863330
698106
470047
299320
292880
571831
979327
992228
628584
286764
831898
633996
202138
161350
226750
670043
449855
39162
156707
421236
72006
692462
634469
659814
124022
12279
405725
839869
524895
197565
503387
960437
39137
905979
554049
62666
839256
527011
500607
605995
929251
760351
125414
482892
303439
452273
543275
830043
452133
87419
947451
656010
227597
624603
337333
48075
822430
733678
217097
568282
605571
557494
238699
375732
472395
345046
577331
695205
464012
841402
346964
566655
798389
172435
382390
363878
868207
473152
903731
813065
32752
458120
316203
231211
338652
855108
849861
203487
334871
822042
773250
351250
769964
456483
842815
859906
712851
208622
650823
421069
565666
382750
742546
731236
591955
896942
625951
654878
85486
103509
371561
308969
364499
86917
965833
128411
902630
704205
529319
925222
506199
756446
826014
702890
575180
285354
395500
669285
650798
402280
145938
385734
219853
625780
7246
545055
840881
699732
82035
77688
736766
797014
666210
660223
541506
608149
816615
621661
621407
260826
653426
754661
26512
386974
42160
444198
305305
54254
333445
728928
455951
686375
727464
41811
106945
19873
438108
208434
398594
166312
943431
85495
495124
339557
694128
731088
837747
501916
947610
520887
323643
863695
338039
77599
572150
842879
666443
747658
30342
511122
877279
556920
496364
34192
995165
71033
155506
535367
277071
568100
203707
591311
887087
352864
535717
123304
663530
35039
725272
942143
83062
338731
572014
115600
183180
625816
203839
257061
37764
24409
174471
588540
44045
350511
437046
987142
443205
264124
708821
130316
794299
762486
974544
424364
635582
240823
526500
325698
106466
469808
66982
800034
718479
769854
729837
754433
389189
316053
247453
434227
889584
755545
41105
815758
790755
485387
965796
290990
446516
67680
734300
10323
261621
559022
67892
726820
141066
651839
28421
251606
935596
696200
101840
512040
177273
708148
712554
704582
862837
971993
111812
15245
758177
486092
265494
961006
259766
111376
986152
398316
663102
507177
294333
678015
106960
543439
785948
733915
493222
408958
726780
96778
408284
837098
153675
70518
568711
27344
165915
207107
695472
932712
425578
970713
953132
861238
2124
835199
187929
939264
633783
350114
495991
227930
125419
390070
89696
484701
716668
427764
31461
122934
104765
710913
256199
787546
936203
846191
382095
383191
394419
810140
533003
576838
143873
459896
923109
890653
876134
96997
835809
411489
112837
523639
323954
526648
544154
887514
526202
421148
685831
150419
370461
452716
464509
494623
107776
648797
261507
500599
113060
328077
651046
987125
481433
53304
170237
378640
798304
26115
571416
899139
629729
547574
355717
661261
439045
468231
396094
435473
569009
634833
644402
744093
826144
370276
808558
616135
527132
453301
344744
828468
624217
447222
660904
870002
355182
124033
104916
429253
328177
179822
895318
954367
807533
755203
215404
830984
720194
960459
815115
234302
19802
667199
716657
345909
853123
916897
166982
943647
993006
46376
897838
108295
374403
741910
604270
420920
362847
180517
770104
977466
414123
523295
381908
442620
391642
865101
703213
315149
399167
430279
91062
107460
228744
255659
634551
29952
170011
898409
719480
846474
912395
95290
433864
866519
931319
550640
817194
522665
750207
757865
312477
111252
135524
645213
306439
435934
453243
484375
373565
587392
758798
425281
864241
626185
11279
958679
881913
685602
961594
6462
846776
581036
25158
385837
262315
313413
869127
815433
271634
958570
364323
288143
984569
708727
788974
6187
787425
968393
834597
671781
335952
28484
211012
882171
231986
380080
134916
21897
192171
841278
866997
42277
140538
676457
425075
148231
760459
996344
14856
722533
551129
56415
593118
965661
150589
355077
486303
817868
430744
270945
678827
964156
799450
632318
470645
804090
476396
717213
437947
932740
239552
77305
12000
919265
564594
290533
488231
317643
368283
608402
948942
368136
409779
476525
356869
655319
291232
752229
216713
702661
832415
683978
868770
110303
309838
836305
592693
55873
56979
760948
289222
379597
265581
900534
663822
800824
319957
696132
352437
144190
696016
276023
919981
667702
343124
278326
344363
11007
912788
559289
16769
745050
237866
120296
306012
705106
904800
54497
458200
51798
93660
798169
810683
317735
349989
306202
93589
82412
763030
607146
754930
352035
67806
289420
79033
773938
905840
98400
366372
186139
906190
45861
22748
741774
674350
722207
33584
629209
125254
655252
803442
757499
343609
846128
604462
825302
518813
219784
126664
443394
445864
183931
584625
680638
79864
730228
513669
418241
296060
639693
502853
623407
646850
757902
245292
72551
945501
167123
747887
741753
944754
739723
148694
773685
86688
786909
432050
745950
693129
142437
704442
292222
405825
943707
178182
778899
496659
803604
568871
15527
850026
272227
236641
534781
289699
610904
611974
122471
909740
552808
736048
444085
809753
332205
688538
995655
922947
98756
77915
474372
311453
225492
715777
150563
446485
285038
814278
775783
874146
904016
229297
888743
254320
846852
995340
493451
706918
348454
313918
677779
457296
29250
522628
496529
859566
822235
81744
740151
93208
24201
165182
691979
341836
417722
388911
143351
118870
335512
17092
458556
841178
385483
977721
158663
250177
816726
163355
101532
490046
911772
420327
716719
222012
912069
556225
706129
708134
433020
915278
898951
646290
596688
573998
81975
98443
205178
436697
329660
341113
93374
58005
643864
624303
581866
878353
753353
408209
342907
436706
835124
307360
789087
666263
912126
188004
91606
670842
932858
758325
908914
355302
239676
645669
391421
942784
27276
637133
874745
213267
459639
587635
826946
684748
901695
910613
564304
103630
181042
944277
322137
680691
481496
227520
825043
737249
594502
867580
988951
841860
737871
757902
65697
406893
504410
739142
683764
641351
385935
798920
239450
140337
415659
298487
153545
114173
694196
757759
632353
685893
742790
187519
496850
163044
171851
398482
715611
14552
459529
374009
644141
11122
644565
338982
821550
106039
368101
702503
397273
343255
184003
603501
534658
144967
399646
858233
506999
834237
932795
325666
25923
228872
672072
56837
323852
838985
653393
627273
773724
915410
187019
163661
63868
75801
910862
668337
927292
738584
482208
477054
361168
168133
353196
388787
776021
432361
157458
180525
251953
440671
564632
818929
887255
778668
230526
91417
957930
815541
26158
445850
798649
726625
418770
91246
472425
848268
816192
244706
144624
344292
574353
50302
520957
808804
418703
333196
739254
204715
694732
574791
703129
446392
995535
734562
411012
268996
985322
587825
59535
31292
719143
45112
52567
935002
418913
199823
18390
859615
623214
290606
287150
345967
600506
830491
229573
326473
297199
527725
336265
682401
480720
956987
176916
223707
993253
607846
342507
478758
337041
840192
135649
115379
29311
564184
602521
116561
838459
758500
770088
487015
988829
709385
62233
561805
756959
511497
622474
897991
365136
725129
776627
652958
45474
22334
627783
624925
492637
259764
984179
276453
614710
774395
835523
396525
350842
960430
56996
322586
580581
67617
683140
539191
500879
636774
357397
244689
773766
333436
138673
584050
349815
893589
961880
773368
581381
343875
218900
30097
946492
575230
230078
82580
323231
946964
132441
640383
385501
522157
249627
540809
639266
27962
438540
100324
762250
655802
262152
890257
518897
219177
962206
827423
876262
61957
246939
432833
3454
105981
928545
393291
414852
553977
559536
880521
121486
774464
525767
355132
690411
125578
899299
38962
234936
379363
572966
315713
51602
540793
567059
817183
302117
986434
289398
324961
836899
2188
16097
787086
46673
58018
221520
232352
330747
670232
477102
863638
338376
643956
439864
141544
101753
537504
430633
308969
899537
257588
50338
917033
599318
30940
385425
38630
468477
353051
15181
933362
556191
364493
372
691266
586598
109191
264355
906277
341520
977051
49105
768593
319331
778170
335816
669208
716974
510197
74433
831546
625143
42076
776604
124373
772166
92615
953977
596088
965133
821491
119478
524757
930674
921219
528133
690452
779067
889000
788328
345988
640853
486876
626060
555372
163329
26120
4031
491008
943004
795974
162768
533807
967689
476032
563906
793113
487868
834423
509292
66782
282278
19936
298928
229842
636408
65321
607382
942477
350870
723545
328132
635166
346971
802645
721436
189471
204482
640894
471282
100451
226295
349688
143912
355212
531515
695622
650217
886970
569582
390289
549566
674142
134332
977672
701200
704812
297383
799776
918587
481455
498732
448189
989898
971894
525397
921577
965525
242284
437978
539072
137012
269381
96117
746031
350047
315221
244865
724113
697252
121019
347470
703672
672387
22650
553475
362957
221161
789479
202480
600143
840775
730750
970544
603767
79631
617424
545655
30012
860747
247896
134974
92274
164890
224299
288008
315854
24007
714637
676687
868420
594951
961824
45456
82897
320143
629239
112816
531157
782416
730952
210698
855768
361808
989632
290006
312301
951718
63281
662007
741427
48274
639398
156896
97656
184438
450968
91684
196921
453877
212217
633818
796869
335079
207661
347689
622720
326902
281752
770742
205890
570904
841106
268071
383775
163625
51639
583506
345090
633956
329244
383175
555250
828798
997660
474422
408951
495519
91152
377791
262933
473597
132829
558357
745655
728471
112678
846925
103143
590347
999010
12873
207994
452949
296969
23419
823049
846309
187049
496344
484761
101724
512661
536411
114780
130210
772604
658739
747857
131942
967639
783691
548742
234931
232636
590963
857470
897068
542096
287088
74605
963428
497818
733
752096
345372
662322
375931
813561
229018
158936
809309
694168
426786
821472
185961
71446
664020
316939
897611
404907
493345
815858
963644
37487
796395
761244
983402
99773
191353
253102
334917
904052
401876
810626
181542
307351
220992
264784
88859
55700
469594
119688
628243
415714
993483
185602
500579
813571
561382
523213
761715
793641
156324
463908
161544
329461
270969
366399
726062
478746
529746
174085
367809
170912
815086
181214
290264
58501
98902
712359
14927
926014
97530
639231
823024
324699
171306
541374
671677
834184
230574
28038
299549
123183
384642
284593
331681
352763
568753
328362
877553
185720
418124
325911
568727
376790
42055
274548
296424
447437
88369
232763
740682
234586
414671
933823
876007
696743
989459
825113
813229
897928
145022
732217
431678
375074
367759
759390
967611
890278
600294
185888
789160
71995
620218
610730
873788
554106
628788
180998
423048
766034
581030
217617
842561
408012
874667
422797
77996
65706
267803
156117
199717
330664
303723
338987
222603
784036
543968
85485
28107
50329
493102
77415
900552
637895
860977
504450
194212
221167
312519
120281
848750
862202
882248
524012
176360
781305
732067
322349
231795
175559
298838
212472
165721
755339
269385
593696
870199
368282
168200
960164
669317
168121
399643
637377
12100
703040
729860
904161
203523
687130
143893
586929
129101
831784
441707
562704
713010
995269
186507
149027
572464
771812
469719
730821
376255
754326
329900
221468
605494
185769
513499
473671
459549
683562
220419
509619
546704
238026
617096
395597
653836
219742
865010
999250
366553
954496
104932
561922
858708
241171
927350
776626
711512
908900
435314
297089
529801
592493
106728
402786
859068
803507
800814
146712
916614
253647
983928
866881
353632
779209
366224
806345
388212
530271
56241
953343
1542
484902
545798
134148
321346
290760
9914
853728
797790
358763
133179
744814
661035
899443
868369
77880
821438
492829
729749
592797
560501
70156
76303
194543
985512
521249
410544
499225
365742
768387
826344
46013
286729
785534
7397
83932
75759
406279
615786
290991
316789
469982
545799
680914
810842
765324
454266
690912
171950
506892
803042
194394
255902
797446
709596
884224
550044
58166
625853
147650
833647
605291
885802
975696
996884
216940
387414
969614
875280
872309
373657
109091
513631
141226
462449
714250
442973
125817
344735
267074
280354
702955
149201
168180
650144
141619
287865
936753
736748
346954
603975
159275
441278
712522
55676
887325
951636
115501
807964
600472
22069
851677
872770
933292
159571
93687
424717
470127
947274
674977
813688
628013
613189
945028
784968
329324
287167
199848
999902
167514
625767
773419
733484
547477
348701
35358
874500
159063
544986
277052
278028
964860
885548
577608
969166
709362
824990
280706
789292
679740
130038
9029
516017
142434
678551
132800
924290
915449
682119
622287
985459
736587
744715
768053
21238
679522
812335
860920
335982
836022
299170
659801
355297
959728
233981
426735
472268
616282
153380
413023
790673
534374
750213
345786
827980
245400
629246
940851
903491
265104
810011
538875
714619
878200
195773
560955
431975
622918
499478
432686
879100
214382
613008
948696
961440
590504
376973
504870
851648
713497
398473
39139
901121
888161
150428
532117
873934
748992
610012
247858
157840
863845
441184
802562
332028
438101
235167
715474
206405
146420
180278
667986
77491
511411
477704
327244
142476
384919
323264
621121
300014
132642
905906
133602
855870
378080
150879
391144
207163
134799
655831
997968
591660
200428
104377
689847
545144
189014
731414
97869
812436
789601
710516
461881
418838
717242
860334
907017
262505
709106
112376
615508
806937
880873
597953
658031
743822
332952
680369
643720
803158
76858
159570
146786
318555
138328
706059
123949
966068
201008
399430
527105
832790
952065
197299
665143
947499
162486
978534
851044
627771
371820
91676
629171
465863
53666
974235
542366
964021
925820
788215
989385
107173
296628
643888
401083
800993
995357
933369
463673
139315
623061
585044
977409
72977
122759
612760
216544
217844
805146
815765
907120
126279
520250
266190
614962
10938
846081
501028
220612
535029
566273
582612
728895
328810
295601
135191
494063
294595
818481
600744
814895
637627
584955
341730
559073
56585
161640
819591
80072
783798
69852
978717
118658
912207
791248
306418
535909
521719
71610
778177
684916
564436
856283
262445
448125
307241
289125
390890
287059
822596
817670
943675
744228
229262
59413
377877
306742
322688
786840
266595
754690
358837
86256
442467
43565
556826
754145
399982
58783
357697
446786
898388
446978
907733
531261
526501
825305
590760
115972
114253
988538
324200
347793
823447
293290
178737
713751
492498
491219
398012
434314
743249
138084
865012
930696
539659
503493
727849
739811
277603
99062
875166
834316
133187
566851
954620
899229
592481
950566
119658
283714
604324
454265
333108
762117
846303
617174
586344
721781
299707
607949
316480
68275
869684
544705
603385
201625
804730
873823
237186
765063
344567
311932
759440
768331
876656
40010
219150
683436
528005
866935
672498
538900
328018
866403
444395
650327
877240
570683
861110
277796
859894
405367
748112
684231
31216
848876
862534
729112
676626
616590
297000
425092
143118
918342
139420
487221
785025
931692
410126
846753
256819
41890
719493
540332
574461
395660
697105
111675
500933
886063
265249
809174
312229
622629
511793
311865
48298
527482
164832
421880
540216
928999
627807
462988
83851
960744
899269
797630
755800
189628
468864
15726
360658
543993
817255
508096
867976
660617
777898
249124
459051
847557
42987
989185
635886
218156
926309
259582
323718
631488
434442
961005
462673
510973
95020
241875
573459
959287
190673
733464
651803
720399
538153
657480
490884
699153
247131
622851
12375
849965
173115
731335
322126
459344
202649
95576
674227
405663
479859
760778
790631
820560
803082
467627
399359
382884
844689
279695
797001
481349
273026
758648
282988
693240
800460
470754
739309
935614
580455
302761
893902
413005
625543
190104
850385
175718
785006
391375
156890
566547
625244
927184
239730
261119
337506
664486
709160
658801
934997
366450
929234
497062
325277
699475
616817
140171
796397
562481
971634
108564
330765
165287
497233
125628
506898
587531
556440
608281
784880
498650
403078
486107
736934
685701
447242
973025
855703
331602
910382
951671
532345
260465
484113
360752
781926
638940
828173
750877
710544
224041
603703
497127
689554
997423
65668
659150
44065
934995
760712
311742
238881
925294
284378
531531
30292
277020
780180
268618
795629
419300
844215
832139
956035
221823
158763
382134
607969
671495
28771
349441
39418
591165
438495
862731
28857
345399
507083
877464
395639
883748
77637
579434
704774
806781
90812
153720
995498
999370
504308
960525
41831
906318
111461
821184
902006
321041
782915
88844
999889
587080
385177
245707
743150
838114
978639
532692
938312
629169
493130
382317
163992
445300
812850
153903
554147
29885
721807
200053
538925
899587
569357
694528
870027
700806
400478
920043
998806
133979
213758
693189
672763
284755
785490
752144
262960
837260
603434
610581
61761
360019
222437
656098
757640
321780
823860
659810
205755
473249
976631
263575
90143
676603
711427
632950
300507
998975
55685
706654
477223
81168
852608
537655
926243
279133
509106
895460
22340
254830
450324
375332
435625
882961
942465
870986
58316
882459
677230
337431
525012
80861
489879
163249
252871
81317
934523
197698
634908
523117
53629
2096
335662
669733
688748
842740
911117
452760
26908
457241
957551
726525
513715
996435
528708
738589
168064
942778
36455
946459
851013
498465
745904
215909
184661
976983
68710
528886
243864
582074
852754
249989
768684
103538
841198
863373
899686
80721
92989
639674
59254
692997
204788
789421
448232
150456
594454
33388
11527
251077
769501
982697
815452
347862
140820
618605
50708
820190
341186
240097
405503
518448
191360
567609
982773
940027
304364
34814
978579
906466
498294
781942
444259
347516
561943
89969
203802
437285
848546
462195
340154
989695
212403
763193
544472
913481
532931
938730
956536
144409
441758
947995
957716
200249
683627
373375
462716
23708
58794
301034
352663
328636
59325
786560
296583
864977
139741
282878
299755
181359
704237
306404
561662
699773
952683
884542
356380
956237
621891
545102
590309
790590
846168
85178
910761
166615
633290
36324
193067
747310
88133
692373
470641
323350
857228
329350
764568
591241
107976
348991
934506
734907
84341
622645
563922
783115
742765
348877
471736
315606
655055
598271
402685
819302
422412
326678
871636
444232
333454
785171
118907
231100
46276
646065
22933
228037
624590
531972
505190
661535
354178
319291
494570
210704
661017
216644
752274
160855
376314
614222
74268
646401
642720
819178
842446
26715
148522
825483
314574
437058
474431
866924
667745
936150
612507
69201
801406
757325
816763
560165
803086
315811
739809
626434
592963
427823
108164
656208
45906
65937
246104
885188
70414
758664
150965
618186
267043
581984
990055
569853
289067
224648
359761
807187
27952
724674
636222
555222
931711
630899
81158
416461
856805
89498
908953
702841
516233
448350
860139
19963
610277
164479
432764
673747
898658
95343
996610
512963
109776
988026
288566
437842
46143
402016
992760
453612
242365
752835
456288
133862
819564
357755
412002
875616
254014
663943
795101
143300
76432
345311
783616
447338
947936
952997
221849
258782
258605
8761
134012
252089
937450
775979
529228
166827
838046
616011
800169
948571
340123
369821
8118
369253
550744
970537
794565
233218
654829
566062
2722
744454
286571
211127
477753
126530
419478
625669
655333
682889
540801
152043
255317
603920
676868
874425
833757
578287
228507
964944
333271
847748
456734
356053
94964
788982
109784
895041
324259
184727
706055
93524
654235
55971
515696
671273
357321
495525
205404
988133
405649
500089
44274
229449
154755
892076
230578
878823
985884
309055
753548
192562
459382
740939
684187
980718
74701
902270
191873
664006
189614
609475
150175
429308
189502
472640
414449
259451
744292
234489
156357
61512
648724
663442
429270
174487
860409
463409
968969
28410
600382
667010
190979
32692
850938
502420
229413
620460
580022
327073
153573
733373
999323
34155
197962
367338
179773
674625
156740
683503
29822
242273
18853
765682
292256
163575
474048
490712
13675
451652
62556
599669
373687
673114
147733
995419
193879
559875
851856
328211
432098
375489
40409
142826
973151
935857
710299
358306
94156
223113
33659
83658
361035
84160
196561
743720
170282
643597
615939
602066
499853
153415
690624
490908
445370
97067
223190
271211
432001
309244
707505
28584
809670
748101
465841
697041
673133
175546
545510
68457
47840
955069
945259
567056
463616
358332
854364
814637
560293
961143
182005
496711
391828
987295
671816
321523
292156
162970
490331
625640
959533
580835
308508
434478
775126
235663
887233
605685
886073
852842
101440
323970
502829
500672
48360
218244
505551
598967
8923
18245
732039
595993
51112
118780
563122
614384
807561
526143
347249
346698
650998
313941
202509
120541
954659
884585
637765
464323
733213
644123
529975
323942
735613
84657
499495
247031
531142
549483
514926
483607
994721
288308
786177
619289
809394
766196
97693
256351
810966
643331
119500
843296
378171
18871
697431
736780
894941
705886
347017
779014
477081
158407
907995
993680
347439
639739
742529
228357
831193
230793
387920
609855
916610
364991
40970
861144
566053
203701
950856
76814
883139
501059
456130
478912
881408
841106
624126
527957
346459
464336
49875
941436
627016
140029
888217
917901
609580
512803
381232
76879
594805
423330
967209
223507
412435
73961
643412
254333
648086
134785
890599
211234
776869
629443
337991
939917
724696
796586
123318
546716
694387
485827
63834
711496
47872
726721
849190
630914
688392
105197
964327
900216
145133
778042
128813
287094
49319
524662
826516
376362
889945
101405
657326
474560
769359
119304
400142
446572
253015
915459
395444
191878
98361
971004
464976
596174
167059
707606
133045
201489
900950
852381
187227
670437
528087
4948
37456
179726
931923
191595
358333
553155
416578
611789
920337
684682
311638
60821
435916
645760
853072
233504
322538
651637
927039
60221
673322
30900
773655
938049
780729
161120
861162
282232
297472
604985
681541
852982
926727
90174
878954
783947
571716
808301
923301
179668
903684
147302
783245
591534
593589
431917
273689
450566
904078
845518
402908
426956
71579
211995
858206
758854
742120
111761
176921
586305
325321
444825
84173
849762
367877
204778
426112
161754
651229
275787
128918
173368
423228
691190
374536
426328
523836
699609
329412
481465
314002
999350
75233
854061
235608
845289
209277
390569
368246
591370
603638
445884
390764
371624
691137
582749
259645
974134
397290
844188
17147
556418
464040
543611
978604
995680
590620
578518
834262
344421
696486
739325
804396
333455
666788
854818
551125
611202
181512
234029
345685
233389
683413
116270
868378
789451
734902
387498
757669
141894
720443
727894
933907
308790
612529
877538
321800
886790
333852
432108
462007
581047
412179
180565
485071
187647
617913
178737
507525
964233
958803
695064
11194
733088
807883
536921
243082
549286
263872
799310
826801
532222
877128
881099
182937
594634
771779
716976
564292
441934
607965
619614
288018
836723
113631
115014
695088
939304
520691
943901
992413
747043
636146
46252
43098
427973
962923
248899
143854
299676
644275
542798
380179
886786
47652
900607
25344
327906
668020
399147
211732
579611
447922
767409
702108
765629
78174
424852
250177
743792
250470
719466
99729
491763
796601
518510
983848
364930
249866
436272
133754
280209
250787
415660
910400
42166
406243
89847
679933
314723
970326
998101
351660
359568
693423
399464
893320
224183
257892
836099
536823
100665
118310
554845
971284
699422
390588
658657
721112
916026
23163
742114
710628
397739
734884
30508
805549
254910
693594
454518
607428
625969
263422
370355
670657
931475
315177
355783
221900
628936
213765
697047
776583
274921
975496
57145
668251
192136
626639
884107
316382
815632
968083
110367
96798
654219
253002
418196
608269
768894
775900
133760
859080
495343
484608
817609
657221
677703
774131
820179
87641
144530
207573
390995
489892
27682
18848
513410
690522
992468
550021
238126
693998
295274
696741
16746
657693
177431
919592
201766
476052
948570
161150
714329
133374
550082
501232
722842
568686
775695
646050
830031
527014
639801
964455
92412
32002
103818
64449
864893
329796
791910
829044
407631
677693
737899
800517
692808
109460
537907
318100
435687
519158
334390
822035
816774
962522
469005
86882
967020
231023
183377
762697
9855
888421
186530
142289
222806
106389
192516
809599
889645
252302
848419
614766
876146
600125
815415
969864
124604
388216
315906
458848
146523
954215
133302
623279
277194
90703
71349
521770
737409
537276
44144
938492
74279
490955
777264
569829
380837
605010
63027
341167
139030
46060
120238
59336
437402
481956
47538
439681
306122
373693
340137
605538
440773
619099
213183
539239
339369
498450
865629
591836
116510
648074
867728
442704
267404
524811
905928
158969
743213
458731
140669
17700
115260
703441
730668
489494
680588
914725
621888
181957
38390
143702
758283
836076
314155
656327
15987
345103
122344
135127
963882
277451
95303
86987
745109
442648
957105
451547
80078
36703
586993
494486
356101
467122
235556
878962
669121
755052
516109
545972
922820
776807
467013
664760
681165
988371
642511
721246
876727
229177
680137
650385
939583
742733
818047
407157
339299
192425
231130
129644
646885
802156
282678
73669
754991
638062
455569
886147
372176
199838
607582
653701
837860
579835
394298
13527
273170
987627
776054
842388
875632
329723
558930
95349
600001
628916
284107
334523
295710
676310
582732
825461
903602
683188
310592
319022
675294
934060
293895
535031
475518
193152
746246
970252
903683
666006
133593
968998
867263
362376
831588
192157
579776
774633
142599
910199
669523
66581
281327
449617
75562
546740
81737
629352
783384
170891
395218
220868
841528
335998
385035
257795
543982
545318
295112
464702
33477
808203
621862
749978
460856
821886
104412
91437
285196
998486
495723
397834
420122
926533
292783
796907
659819
582358
798680
77306
563964
102725
499314
233724
771936
91066
47903
944218
874373
771172
477415
956430
763726
42990
787046
508838
334368
440545
145507
506296
664825
111510
478593
163811
729146
502102
602383
130813
61701
728080
485434
792222
831553
674486
66786
719560
586298
553460
833737
130674
825446
753997
734824
170863
16962
623892
912028
3264
501595
289157
507454
98739
367849
160382
261584
297077
953430
266589
341138
991163
905948
302391
705141
912457
402187
966321
59943
946846
897706
944447
507789
480700
220662
806455
962639
77335
802182
463761
867852
122394
315470
418493
122926
834960
155714
277409
176921
164149
426962
62126
314045
480730
202196
884766
538763
278383
432896
397580
729157
936240
432020
649711
722989
586415
212696
230068
298399
185466
594748
160888
990715
911080
905629
126239
835578
311173
826022
852372
551586
493143
94995
396381
800340
355853
152401
141401
904451
602435
202882
146649
791359
862068
18716
312153
963887
865277
351537
75482
820190
738122
490441
416093
533868
95711
124203
27133
628900
342597
803899
494634
328558
875023
386173
236094
905435
851848
766839
945533
420830
946234
757493
532334
726490
267741
309414
618576
117142
522971
532580
499387
183886
699388
653457
484501
443171
559091
585052
602733
974770
15300
939491
83319
22017
718224
253811
261284
631510
174335
899690
501469
235938
468616
516542
843869
417371
320608
514966
496297
475815
578940
566550
354924
849972
188165
473144
116403
772964
284184
47702
874497
298214
935798
456580
91408
173472
104143
742617
779813
16136
954278
125903
116046
629010
644256
647296
648827
103747
495215
223056
519991
886565
859926
825642
280641
667539
321240
563746
500107
229364
828673
829306
105550
659972
812688
787200
965192
527374
30591
986197
37203
178870
721777
619400
137315
348978
302263
303712
604
614361
616127
267065
179406
618068
539802
347973
702798
367985
822121
472884
144818
517398
137571
790254
240232
620690
399556
812093
843059
740367
137877
566472
506948
762916
310869
290810
377137
405703
873729
277506
738260
298720
976325
224499
4483
84920
261887
50955
74599
775632
653804
618576
798203
233806
566513
86166
143395
610322
286280
601630
198822
326375
692037
369305
968522
186646
930244
410186
831819
81556
720881
966409
587831
335003
815156
966691
289705
710998
807543
17439
741344
182773
868245
582171
885755
47329
112288
206101
257363
642697
371727
562567
53301
69915
665155
285673
755194
224783
485108
5594
853957
199517
158844
172505
290585
221327
224704
256301
904788
550192
667383
178213
526156
892580
61528
113466
337669
39121
788644
195408
91340
535291
315661
150683
397875
224302
654594
859999
756840
948500
793880
361167
975156
356902
846422
315863
761678
159487
611933
494197
155545
791885
871346
296194
261761
155360
463978
393615
2925
716197
438257
517610
415905
376044
704758
858432
218996
210788
637687
914844
886888
962473
794404
62094
474283
801140
549362
994599
79529
622065
393023
932384
600268
311214
172317
667098
271761
592815
54206
559296
999944
184990
10106
427976
486184
77151
550655
833881
349132
4482
728853
475591
42638
582610
292172
367993
367679
787530
821701
829420
505600
262951
407003
552656
112512
136793
808748
219920
667154
531987
569735
33711
72681
612418
305716
724494
937395
143194
698330
774666
820560
602955
386641
220546
595118
761682
796165
35126
144899
62701
830659
818122
982053
11239
45219
542122
768585
544977
882450
301193
75990
474385
312635
53442
497765
748948
190802
526879
578264
526239
886653
936887
110996
214339
877919
296433
986780
890223
602369
852519
89931
346399
295839
843751
496302
90290
420237
205523
465084
489818
184580
375400
835442
213165
851726
551195
833551
190104
341193
80159
569385
277042
268315
968068
277611
880942
322802
626617
629804
927083
226550
888562
184428
906278
571982
241764
537901
187471
963148
121581
524652
724985
55030
892817
904442
314410
716018
168992
285628
347154
905101
939123
303227
570649
196392
306004
564649
953169
513087
2941
657521
405259
601047
255289
145465
196421
715204
69928
389623
1
478548
768862
835565
228656
918940
73514
369538
246477
304860
692659
561407
574471
85201
275454
250850
240662
855832
885325
964834
449903
278714
735714
845633
251026
326488
66786
143431
621569
758196
855444
478176
964171
111577
264840
12244
320390
144041
407828
736734
644506
789313
100410
144940
457018
415050
49382
608371
687918
612511
958994
639915
367308
627734
120012
321134
961990
981869
13392
458217
619804
1619
77519
75452
811634
838032
639889
285812
15548
91473
942198
169378
451925
361044
32728
577176
385328
693676
689548
648511
101605
854386
743880
360408
612461
885256
427422
637261
565737
424139
195430
44467
681628
30804
127162
575775
956218
219371
322587
703010
718872
683658
412274
28386
615362
857993
843632
287254
643435
196266
284566
166237
218303
968451
50449
706364
663381
769412
681405
472626
551872
15332
343818
322554
589381
134189
35132
156381
60646
360672
447372
22449
90205
453062
194092
456626
172900
802964
73256
363834
398769
124794
766440
982304
328064
809800
900050
934507
821192
270077
56204
761778
2895
519086
463711
493073
396825
28816
95351
432137
982844
519010
569734
180853
151247
173433
422665
716581
346689
753577
83555
812057
172293
236621
540261
508188
949227
790132
93615
540986
959754
13672
895856
933599
116698
277532
414088
626125
923422
536625
870927
460793
385790
463845
72943
227715
178930
4633
543084
55825
61595
130557
17220
815943
112492
196698
556722
401636
521349
556475
637132
457788
96352
594233
971212
581133
673188
672034
197803
626945
341591
953349
997545
487744
243313
487837
596778
346286
839819
154520
94458
325768
17270
291970
17841
2774
429480
238547
994418
381710
414034
125841
765709
461125
910797
161635
938820
722898
147250
282548
416491
590785
213256
949952
369449
779697
42136
587902
576027
473803
594781
734314
795543
677279
120856
183918
158797
647517
51200
934380
835914
36332
502933
708203
275350
697130
52885
590555
357950
77377
314888
847174
305132
485090
266550
617622
253618
681505
298105
943869
251941
877229
213869
320324
895910
427818
989443
655412
666108
493677
857973
757659
373725
207571
381780
116219
420620
33982
365565
906581
425819
314542
701930
953037
480530
253624
72740
78010
590312
539877
415830
436556
473326
393641
823101
970778
894219
38141
780476
800648
948130
350684
204556
885585
355344
598359
821457
19895
185425
884182
478215
776708
467202
353260
198875
494651
720385
215189
881558
753376
868976
137679
600884
12513
290713
109778
316179
399968
489323
325932
190023
128990
821091
405821
85962
146885
443718
728013
217937
147730
537930
402309
282938
806045
946005
217489
812640
412678
488989
884303
938513
652926
125102
962420
926103
604527
438282
738940
945267
927625
316714
756299
164520
664234
57827
345381
525363
274921
800420
756359
483480
620224
156700
218336
715543
768083
780280
872943
937278
618401
75274
119162
960600
835398
61509
83432
254211
382442
27109
855292
211295
429002
597675
838382
878498
289825
616006
674023
89417
371506
533325
591257
214121
262581
559209
931962
66724
739292
244624
73499
245238
296704
764908
724265
61295
887853
257882
863230
281851
592454
773325
407269
933341
700439
377555
795049
360378
670518
771312
228888
109330
28884
717926
381081
816777
631525
701590
175207
950755
232682
12480
253481
712079
747607
370023
733168
833946
129766
472016
793932
185220
628600
790440
22987
199280
989155
258501
756943
384244
419996
832005
473675
643793
760514
315859
323290
174268
406853
46152
566844
320731
104881
563821
462381
614539
769819
596767
244004
917150
767910
94732
553381
60066
790834
400217
176515
331996
69347
819430
647862
42388
648713
758441
634644
16842
639089
699767
759856
942918
627911
100129
71564
788493
462182
954747
280059
825584
582846
417656
549592
751230
743841
631089
251740
708569
726250
736644
113440
449446
704522
883289
758000
551134
986608
43840
838600
163010
596181
526326
686894
35243
680353
324103
800043
343935
987261
50573
741671
919295
578550
699990
107744
136830
212042
400676
479559
187885
622291
106829
506487
811345
852365
471555
910419
868245
371590
238382
256314
63739
27233
666549
34794
767918
95110
27996
246446
378996
617706
218952
857541
670847
323830
773661
355217
697186
481751
747848
899128
25697
501345
694040
132059
955937
674080
736839
282673
765630
829245
316311
764287
925692
58186
582360
362550
162133
810218
832966
901417
660080
194272
355663
77353
399027
843698
967601
41727
593455
203897
438338
768133
877306
783688
181193
531553
557978
868023
970
854367
942557
534667
915296
997482
515718
117443
244098
708135
360162
48642
826536
400622
186936
977300
919494
349286
56670
90078
405751
211388
496552
87143
533109
424832
398780
17213
102021
340764
462337
258757
254832
91633
143222
316451
91755
83920
172319
587713
945240
49297
227033
175296
512549
467028
320079
100153
267090
574418
327173
272751
255313
736926
491922
662803
95750
705534
849066
744690
530926
571360
118681
63231
312731
643067
504140
24569
46557
123075
588234
894008
207101
305928
133824
751834
323555
421420
376441
439876
94999
754175
370796
859671
365348
50361
240815
356849
246297
872659
489930
217693
114985
945986
126374
739416
330418
370705
265637
824065
13850
895194
589643
89756
31702
436512
795225
505218
477061
453964
108026
908521
567224
49410
126103
341324
808597
393760
361925
800119
532241
991443
878366
600881
510042
930709
565997
734085
141143
712583
579
221807
505799
798054
882726
330016
760966
625197
935913
592174
943278
529416
903511
96283
131738
819952
195785
278913
231878
364583
782103
158167
227730
686418
276971
55650
413669
559470
153649
394810
824558
641968
207210
666231
687750
112765
149664
522681
865842
13891
364020
130257
109572
20658
618131
851664
957088
353755
869383
149289
273244
817571
791082
215685
466305
960995
924085
379556
263855
119392
534710
846507
126364
761954
582752
429198
142013
398899
661052
637850
178237
172150
4222
90207
719914
910497
995698
409657
541615
413016
214037
826555
558780
93927
418112
317047
720066
462236
585407
459691
920090
111743
334977
901387
594437
29423
432167
315558
762062
153243
819519
358712
183692
334105
272522
3981
445636
303526
718905
646285
622635
502587
720375
409448
962376
286920
192480
610462
596024
612496
383631
249131
395723
459296
129236
613326
147468
745197
986629
916469
617119
310473
23531
906951
273218
634818
345245
517709
182133
506263
633515
44670
996598
922648
598193
783525
994214
605849
62411
795441
593351
317074
360487
139097
867047
120150
356533
636714
811030
944622
144572
43246
816338
811218
174982
980731
408708
531907
965948
145877
42275
933704
920972
369217
351799
158146
627270
12775
608824
874542
312326
75746
145109
538743
898572
370536
955664
947958
800040
974993
722630
283271
253264
188614
925133
561097
892500
161543
361974
128497
433960
66648
592113
453323
222880
371465
913936
921679
625275
269793
501604
677276
154838
935782
6403
931924
842881
259660
353003
344147
46319
337464
147585
643212
345671
881071
315698
555266
852183
302815
883707
844961
196264
438538
168835
653623
1324
302155
522469
49490
987156
275271
275852
57462
706622
449521
25144
761979
965772
979257
881629
705601
411088
467538
18602
848849
803363
223262
618727
263122
964885
772921
413367
344805
751806
339999
604541
131869
851059
938619
781467
181726
325269
374157
836630
412817
188099
798390
840981
564033
647983
153955
153416
278805
975182
628308
453478
70634
507433
101448
207438
760268
451985
425223
686287
423826
962927
263051
385091
542867
662009
451084
830550
681352
180993
826791
916773
845184
56040
576426
221569
407034
419439
560318
828050
96866
407150
445106
992728
854699
448157
480864
488461
87941
986639
226302
848999
55292
810047
680771
280185
797741
184579
784307
902905
271909
386141
449289
346076
870359
327281
664129
588637
446394
683408
608191
919325
35581
510514
487135
168165
258600
888067
372186
68423
294288
151764
643921
635298
529206
488050
136121
441219
376574
928916
714596
987049
528391
430445
468904
158305
549867
835362
242414
50576
212692
300438
959577
250831
821561
623072
173392
275056
678388
271198
400234
531167
899330
414435
758581
919716
67734
978635
953699
904965
470938
950640
651090
112137
701443
511541
81462
284759
753807
612863
244454
559420
476382
937412
830655
344971
675754
577339
483065
122398
879909
881971
945668
57979
845550
933376
134814
782675
181871
480720
538228
630436
142166
35931
79730
867837
34925
558329
420009
922145
656344
370189
692892
835973
12075
629215
13095
10420
425381
160200
859405
888659
976141
766598
634205
371006
970280
948271
383359
632912
955220
702339
648800
843458
760453
191322
71608
613163
227481
34940
29300
905253
264153
936527
795077
543248
357070
719979
611205
42800
767614
2890
532545
890226
870402
175195
653543
258060
898309
969461
868621
710785
36315
723177
841627
496196
590523
598256
564823
305396
903835
136323
398667
499206
497638
346314
440021
522369
18525
984236
367563
264034
34375
551941
970376
520735
933014
11701
901464
67785
972632
967701
335932
99786
688854
555077
372186
583438
494605
356001
776132
501631
419398
149970
484387
451240
50388
436928
584192
211387
125802
160357
868014
1965
978070
19517
813784
201215
307358
255450
739619
335256
252598
495124
553279
766094
805210
724125
331279
893956
527246
689330
255283
45805
1648
470893
126894
43823
219639
26487
908217
28450
47818
49436
237027
745143
672895
800247
423587
919350
351278
194316
349564
730783
804914
224500
840139
40946
723132
746931
175088
298507
320403
395493
585495
444709
577644
168279
235490
989055
900513
700979
329717
552347
971921
673619
679709
754211
404373
867446
330077
99687
707866
374800
694487
720897
709216
1467
159828
98330
391246
497676
907376
891141
621999
821377
824741
864072
905613
558230
638962
259004
231144
534326
499623
569290
480467
450830
128656
430229
739884
283006
810620
390006
126070
330985
181288
552546
389205
635180
197069
908201
854117
436651
335555
699863
559351
596295
527760
813629
39848
524396
252754
208266
303456
999558
892996
531538
507172
781779
90288
992433
391193
555860
566065
615113
714454
834205
346596
465830
978468
398156
770155
152323
569749
376726
880797
668838
474301
764157
476174
583078
419794
262941
526518
214221
492124
845606
79552
816856
291160
464036
759537
76443
3247
81402
779955
65025
624654
634158
341246
680881
273506
199133
908194
197389
530289
464143
462002
308052
97688
867493
505680
687143
423261
840815
44690
27753
463664
165210
457870
818047
357955
740423
268616
27447
604162
142070
792884
597764
102577
622625
340585
129639
976162
432421
262949
965354
829647
729947
417463
130887
131993
267334
139469
126949
962078
14820
21914
772482
156529
297639
234723
480492
301945
756222
556967
662889
465127
694540
904937
527478
903893
4986
785947
27180
654072
500264
538601
795647
419842
921150
500383
595617
951319
414945
187895
209540
156329
543874
435139
39996
88498
569680
933491
120706
726605
167053
153284
181077
654194
881598
498950
778106
691724
959740
68295
540773
506873
560744
935969
884464
314269
386172
559261
547400
415203
71996
670723
216423
371154
762059
501504
117243
569671
322393
467826
660198
888085
737338
866130
637407
516341
461458
455358
371445
249580
625965
526690
912948
235960
916011
967490
552416
45110
141912
546855
484318
414227
220954
320100
917682
462956
383235
309252
408035
177349
808839
424275
656699
660067
409543
419333
468395
880135
667403
855174
697099
160135
774991
888926
747710
367178
142388
933824
638324
502239
609559
893873
938377
143930
505663
791632
131338
453581
409840
827142
470360
267328
246748
295690
234342
5772
527545
94097
99677
27129
148398
490897
84126
299250
228263
59697
554535
513538
828104
91343
819471
91693
15677
145837
196907
430637
460272
972536
710035
668616
109716
550519
633343
99914
872991
956301
843914
869348
916308
734122
699929
165857
889086
51092
121877
246785
926712
285518
102675
738036
52905
128418
312725
759284
363918
448336
459050
334655
653872
546963
762288
565296
64436
525900
360826
649529
218385
120270
438412
639808
664732
757445
855235
341523
112639
309123
347922
225224
844424
699881
516903
307445
606109
816238
829163
268360
719182
360847
45225
903493
721603
109331
529990
377371
834708
12218
645550
996321
639031
525569
896912
354482
346580
531285
3839
595553
195701
887442
201529
209819
906649
826934
569093
513496
201256
353958
647925
375421
931584
453533
8971
587986
697005
567533
16824
482267
180920
971507
117247
237845
296918
584988
961849
122190
748353
851725
307697
528161
566181
378868
697071
115598
399280
301865
423826
885042
592716
986496
8982
357991
287337
298029
605558
841146
263539
28756
109419
68869
449827
778029
763090
211689
266226
213393
359211
802282
715111
106531
637246
463591
613137
337757
75544
770356
866321
131574
383603
533014
270671
898413
239603
309530
984973
594037
908237
478034
921816
622333
612930
109357
516378
273179
780297
640050
154317
736596
883083
805273
405130
673610
221896
665542
95872
464643
12503
931811
786240
237458
669834
788248
345460
151524
552560
819306
87536
435177
634099
473069
396128
158044
230306
17191
728161
358961
622858
503491
881133
943771
892029
600303
244270
518967
217524
122578
16051
46296
869520
959917
30656
989423
203452
586573
75711
578455
643439
968362
914581
998075
215694
812704
152912
237797
357870
674567
601212
166179
16887
483825
842453
123352
442788
573119
674710
415836
456038
867360
54448
818193
985705
115112
552854
440259
388590
48649
233013
203579
476055
161392
197569
403425
500481
589310
478635
300875
955403
662369
2095
663078
882678
570767
296969
824255
581093
427359
217863
461423
308163
316803
470714
16993
12739
675238
564294
649345
993986
872478
12249
38147
317898
791054
740472
680141
179696
215835
702325
24450
134429
245129
950525
256940
643625
188657
268046
665989
204387
870945
266245
182115
950317
760528
436949
659197
839044
384060
784340
674014
390302
371618
131311
951844
480044
738201
7294
90805
459519
914380
624690
206720
468167
754706
490027
483307
343734
585068
956711
226910
983554
492954
156820
936299
457290
288474
514182
820505
459344
365630
596227
682956
466917
326057
672700
434898
921570
188198
600343
854540
847186
162020
444711
456247
856173
49106
695485
73686
799167
157715
251096
530430
85480
409246
653175
422014
168188
834102
980879
461480
15114
435648
629081
220928
904634
60550
147203
469313
780432
832199
985542
584006
244813
221240
409175
978396
594292
951771
265079
725345
460266
43259
845221
256536
692982
484097
898484
416781
459945
271222
755319
188511
780439
296918
893336
981039
676931
270221
586888
610788
63193
351825
402832
603480
158164
267867
476038
520802
260928
766019
634652
602432
340313
742519
258003
289633
874643
418711
71629
204045
826803
77361
268095
240946
220634
99092
793157
473612
259938
524563
540047
925039
646753
256088
441849
595508
115019
897954
282489
964990
965236
253596
290929
120936
687474
425819
206885
187917
62689
415732
965062
715443
687488
436280
863085
348116
127096
431566
208611
941003
201789
67755
997341
454936
857165
550768
671877
965136
878358
584991
28723
691492
124212
688379
574458
46731
625368
725692
620063
956367
422916
645228
971493
810609
145522
135969
115844
198074
792213
262423
905784
332512
884343
879145
318005
189201
7617
727340
35191
179870
705625
417961
117368
394887
150757
857844
165051
713951
700335
856877
199558
159516
577953
384787
417452
338237
58991
160512
876680
390680
129683
114309
598406
74303
546164
931938
956443
849358
382688
649762
843733
278164
435512
633105
839436
352220
859947
205083
606008
138199
717466
576515
73820
952295
837019
346620
593121
301962
834522
724584
420477
584161
514777
800810
755666
121436
177751
195690
286995
890821
796239
146341
408353
837285
784343
66797
815924
526871
178729
820484
896372
282791
65087
537041
903080
836197
419287
227837
63621
258444
145174
67245
33768
897098
20937
14236
94240
615596
998150
353363
745442
289512
981105
597576
885855
76998
142939
532945
838771
93099
344900
672067
252788
187139
909761
544683
754091
915274
59833
29480
774687
918392
987017
459428
257612
667399
761863
728621
365555
661410
869220
393012
454219
346411
199595
196384
242261
4393
393766
670544
81933
992269
409503
136428
906684
182751
199876
596198
198699
877450
896612
467923
956146
914368
947030
166944
822446
983051
277112
617650
212816
773874
323989
717790
295186
55620
5920
236994
368453
694532
679517
683070
228167
746224
842975
702930
972944
585840
703276
821206
443435
893912
772732
704080
303425
287898
424160
78133
500368
922699
990464
320511
486779
895312
565373
712359
335292
294117
360245
461760
828405
965065
413988
64368
384163
753290
797543
658379
33779
928488
239005
817229
486703
309225
368806
197684
375121
208761
127117
705272
2232
247867
613698
526440
918712
83440
399104
893027
863308
124098
378317
567471
341543
866542
120480
150969
944104
4941
636892
265065
565163
633725
557563
341281
339707
831280
685190
363027
883046
184657
845440
497788
759466
157838
237603
136129
964683
350726
333250
416164
99590
15121
334605
253219
315935
17638
832627
660909
306967
703341
958562
984706
823738
778210
800810
263334
856724
799394
452415
833409
100227
830102
144477
914774
914216
45241
302982
78302
392567
527687
579239
203072
647726
531652
497240
296944
599267
141605
224642
673441
960502
750495
563484
744808
896421
266123
610382
588911
47357
632115
244342
978002
808558
929468
817288
809305
579768
928751
807952
301267
974978
924645
605011
455819
586505
489487
20243
886122
444149
127520
565618
78889
418951
752727
238382
120112
243183
607020
528331
645456
547195
771414
133966
707290
135465
510199
678693
153818
792925
657574
878884
386931
153838
468374
655082
691416
238362
610279
183906
297252
913242
678281
141605
240471
560145
315017
550717
269038
533342
653946
235589
788766
54096
839297
601004
785644
642809
373692
730712
528236
253019
989263
479526
307092
98303
88141
888144
363195
225317
161280
372328
378548
178582
450710
632577
936961
332693
850664
38253
39926
262452
781991
213472
305900
890178
356197
269555
595998
723042
21886
539333
949155
301943
341217
712700
318536
734331
125694
448873
320649
5167
27790
235593
963180
391533
913210
957160
353787
862553
680809
313057
512156
309878
190633
890176
903566
562132
442873
610120
928002
665831
106928
113488
912724
723508
964558
31240
549476
814756
445598
510105
307414
858683
287172
589098
954914
119906
597417
72256
354968
798880
231039
592829
641652
760615
195571
530441
843929
996299
829359
406286
54766
777230
694793
864541
876690
103958
758987
74222
692093
928320
216671
478148
42996
775309
797335
111983
442408
68282
616471
658667
352556
771822
419744
630310
792209
151437
350009
61151
84129
641258
814715
87658
62004
809561
633722
198800
923441
658977
477323
608659
353701
385680
197559
37647
662777
822569
606907
135547
420499
365497
511864
376079
391500
991496
659901
586368
51081
432234
882479
836327
226744
408693
853971
540031
720489
738189
736632
674189
313158
138202
218180
867546
546737
724251
242457
359580
741753
446676
92451
361587
154616
553571
883264
454991
962827
377137
118029
333870
136047
384387
349642
788995
375860
350960
743017
520178
290785
816301
937528
110072
767013
130820
112103
58792
804661
24612
441784
730576
258310
93329
819268
88954
472297
725564
445028
759886
836030
409197
488450
639829
864726
368796
958460
326232
771369
660576
12465
744103
322224
747647
941740
457461
124129
932324
943019
884961
567493
878446
835851
214543
76343
472292
514769
919093
312315
750407
800279
934642
815992
577024
122833
811032
600915
334713
332283
356362
459690
86280
206881
30849
900522
915269
784778
622377
695886
877756
832322
586728
480692
586302
345219
833726
851037
560402
510719
937095
782657
810185
59917
241182
871949
418671
609645
217948
197755
256349
331833
444862
30155
540204
954731
603428
307875
630084
786885
918774
608448
170706
21793
964449
610840
523224
241365
814783
583822
699294
618178
339029
763537
860870
277306
192949
772754
705341
192523
765764
48736
346638
771052
618774
616737
507152
21827
412597
164399
820992
579729
56385
711820
760553
104699
701425
58308
930431
284982
190775
953822
431564
954957
181954
150078
987266
727890
234461
126874
799726
769375
341813
86487
215118
867720
816184
416383
422969
606431
617752
596513
424700
365282
758126
477126
682758
872069
854588
937675
547833
19032
664395
847520
78816
885654
867635
672731
746816
971785
764729
248826
995463
534172
464850
823988
704865
876351
886086
727418
142442
3377
803248
755855
86270
926701
879714
107585
316587
607155
228645
787843
385160
696753
245341
664936
345567
717966
396107
775614
727749
277652
821229
626565
161291
330296
205056
408970
222605
521286
945894
864293
408999
575277
443042
397835
141128
224229
740607
23249
818462
27768
597520
866238
882993
233588
50835
340363
279500
609708
385647
105273
775957
796837
395165
182607
366334
646564
207779
720751
329620
259218
544058
428884
512053
772617
460497
294379
358751
743101
309994
10378
407331
676810
547619
356369
950776
473941
11087
205020
872043
232098
633667
573730
338100
647858
87149
554349
711972
259415
759069
963894
727739
145686
343848
810972
782615
650230
422049
288065
451462
73643
702216
359041
211196
829850
299199
361360
205408
900105
254263
335343
171905
94693
221994
515595
473446
202094
296065
168114
693890
583171
831061
853362
989766
596422
612242
855952
505489
661611
760632
82338
959363
596194
625339
632650
63791
596191
214987
556111
857902
106946
265582
4825
464080
692008
581320
870409
14638
312525
748349
946867
352475
117404
972909
649337
783097
818070
66462
16453
408103
367834
182008
222178
253208
914582
910249
876664
862399
889803
639720
396514
931430
849590
340375
7022
151134
246368
936514
73520
946257
809092
174917
713539
338931
635096
50761
463389
256023
551994
205486
703886
762142
875256
617221
810837
462474
976188
607348
8287
359473
495634
41405
19997
94732
758744
778584
533056
249007
305153
358268
874068
834195
224517
648637
228022
769743
918825
643983
832564
949926
520166
482856
254719
996409
835001
874308
417039
586781
424198
229186
128980
580807
652970
418092
801236
696100
596316
758740
534757
814021
999678
261017
861513
923768
532038
683913
17889
611314
303171
577824
532112
906856
151439
349999
514925
857084
7696
287064
652836
467092
989290
527989
50666
481287
766853
490009
50138
223409
760438
731374
544177
173734
478604
892733
566434
550275
982778
578573
162903
271200
765148
46946
721542
655841
108007
657191
973739
210028
520818
30374
556391
456629
342427
804659
162997
939764
22103
804393
364997
604984
330778
230284
560503
703446
199199
689230
8245
440313
955029
772589
69485
137757
722726
169721
780266
172567
477796
88563
581006
808716
76818
530705
612718
951554
307213
334431
63370
442451
158102
945791
62503
165437
846908
235921
262539
504663
327722
881965
46101
907295
484939
161677
617206
555310
995861
355400
25616
390732
316089
791225
695593
187872
886566
59518
964876
555968
147828
422108
593404
974631
662516
175424
910102
389636
528849
120161
452098
596527
866850
708737
594965
519478
678288
362321
680775
35158
893855
167476
571404
915717
336730
587484
553872
71788
684383
709265
393940
786547
634756
959504
507360
797108
125797
855888
804388
759889
394188
496031
790255
812961
88443
41387
612171
596805
418136
382621
736627
934809
46966
581664
68849
257222
985276
381184
451032
908341
304884
813933
5787
731614
669746
30686
645129
783806
14622
108690
751846
983015
751969
165169
568295
990769
144296
67346
14537
180238
920856
375382
230542
503868
815310
707377
137109
617043
661713
114441
958805
335934
857751
105014
72182
798918
401137
699306
704459
676810
540691
289834
410096
741579
11396
35642
549501
699940
884126
773719
816932
829911
104387
117150
513517
234625
376604
322058
159818
424752
227023
983899
888729
939659
46077
893777
95031
483247
538676
294679
550459
667
628344
861757
866070
416769
965417
72094
714821
264893
916945
779553
201392
895777
190412
733018
55011
742831
38356
967120
738534
232288
371881
207386
644666
227809
17241
825442
639411
608285
485745
781835
509869
730613
781312
338031
941996
139213
905476
699905
530324
458752
428724
643602
356737
133427
765929
565615
224452
789639
98090
340391
512187
970920
491219
984681
968012
93826
422752
404940
291646
751828
507547
277481
817075
718173
597344
787939
221958
105778
145738
888839
700285
292337
79932
651086
699691
792400
78734
708095
931877
382799
509777
184753
182494
501708
133505
492335
523106
367797
428870
414708
418859
916311
200359
2773
110308
903381
247372
897470
704375
479029
829421
527188
893013
639701
953693
239482
866498
533307
112429
910255
673305
633481
65598
87765
389028
77391
923175
719757
875344
402427
968895
104061
20880
611627
643911
963763
366993
669923
602551
492067
142357
585370
275427
959052
50415
892975
256778
92601
118745
850169
640635
985124
115125
77884
867557
646645
208479
65079
443321
659496
276779
297626
11646
401420
416320
85140
691313
68647
20112
601355
711382
779319
460915
859365
607071
524691
990431
937411
718392
553584
519686
223438
864493
555968
436044
205417
863481
126005
667108
580358
722348
469604
393478
512404
940791
283652
21006
349526
491159
972693
546420
347535
22812
922589
378404
923226
241237
551437
273082
704790
356250
771587
492060
425406
62070
401897
724403
647894
574767
448250
713862
963969
582771
924773
324021
311600
532128
233674
960592
619445
696239
392673
170258
310389
24830
334586
104829
477884
339514
380383
744915
981611
227878
3861
146414
458188
49994
78465
812925
862726
52026
774824
788443
457324
208449
806863
592461
920047
139819
240705
742808
833460
904428
952751
522877
21632
883760
367281
793427
780176
570688
458091
379775
893766
163662
233291
990929
127741
231837
751342
423550
58877
408015
223906
