5513
448248
189613
686067
900796
187474
735643
414674
91362
396021
512139
281042
501194
749744
218364
741124
594032
559106
863007
340377
588527
419333
65616
251289
843396
398568
530223
119149
796538
83157
419231
481942
848632
80881
122907
736192
945443
512257
169968
854897
640433
154474
303195
924892
56907
724241
620095
567442
592222
55777
471171
219928
940799
712682
489670
349075
369528
167783
24768
541088
780916
488216
191350
117440
347394
236174
587353
235056
347977
348165
307964
883287
283145
256107
413296
975641
647369
556735
357887
389193
718115
376789
34305
240443
749480
654518
743837
501431
850417
827875
736928
312201
265795
62778
667379
981749
745118
650866
304636
327943
351906
611585
298132
534537
141471
860253
452768
438223
631672
681182
148814
791468
391730
587202
297390
833223
652511
842763
319594
956999
322529
690499
661284
803499
923485
82015
229099
658935
111358
690690
890840
646793
666723
969048
86923
481354
645030
225827
611582
867968
233930
804498
725122
107071
475392
270541
57054
71743
656662
959822
230401
925641
84797
818793
422624
389900
6645
954284
368112
565068
580375
158689
475010
480762
106174
285936
734774
853854
239955
958881
579613
536880
414516
416064
886767
252487
216641
420825
927845
844393
140611
257251
701365
477889
352760
350905
726888
934510
545599
882755
717017
114680
840860
935347
470284
419293
231529
320940
173032
170890
2074
625533
509330
122341
119787
233162
237544
307463
945704
298955
40791
501447
577305
731950
588954
361841
459015
190616
660047
404630
729647
981065
922487
240125
545475
708702
279050
20215
617751
113775
398325
928912
314479
759512
926257
431138
586722
356885
437825
409603
792618
988359
834312
169054
390411
709907
76356
381215
54366
512554
838379
917256
443130
552099
200224
522017
702141
52612
863250
623308
190076
971487
977010
204662
155077
398617
878095
809450
607821
560198
75471
425279
93499
431344
581196
955698
981008
219575
746056
174478
986097
438290
635599
269127
854674
239027
633704
541735
50561
725833
987063
868768
85388
860575
215986
78912
677456
917666
253630
588162
883616
802815
347685
66368
267406
877291
622390
243910
84569
707388
346298
620547
431667
755956
65166
314521
775661
790431
252898
877715
904129
123026
4620
361142
100348
750547
963722
459568
369030
357655
20179
665069
753679
714726
484952
103433
447768
902747
304156
5280
134683
124679
172
129216
938456
130870
255805
89216
973758
279433
340450
807466
944370
528322
836455
390995
246078
846943
110349
758540
306265
116829
630817
122417
113359
339229
247547
606495
486285
170404
654736
233410
440715
709565
75893
9099
137174
843321
647601
36929
772025
871511
452413
686063
513479
135294
811098
514619
307848
488358
267023
902551
281534
170647
252030
464976
127250
524490
98722
282244
907616
759979
764392
654897
601116
721984
499686
236648
812255
213603
330364
14624
668498
13611
182790
612134
924789
189609
375291
27954
994957
154958
177061
328534
830824
555562
226557
958863
612046
345679
836002
387902
556678
9044
290486
819888
920002
971830
213525
884441
194984
325272
971763
47456
659581
368171
191697
992340
140528
930792
636636
396668
710081
304506
175522
214859
165772
381690
323953
558194
863286
790098
95374
610704
164019
572930
313103
405253
222897
169409
559126
368804
646308
115515
436778
731782
682031
455865
493683
720380
49260
787487
611346
482332
810712
803534
445979
697148
71966
789162
775408
416125
987966
505589
666427
654847
349082
543642
799367
733810
257501
552646
3004
807628
13320
182001
545973
387799
111578
10555
878847
123682
77916
273713
598769
822871
6406
120622
456547
385325
97105
688094
96268
951028
713754
197470
229436
761357
312624
206079
287474
767804
297402
402026
911707
328342
310024
375069
459688
474708
510964
853652
724938
393802
436212
589570
999373
127345
731776
245630
931470
799840
836250
540347
111066
144218
802175
219568
903397
320960
967016
336918
277540
638567
494333
381328
478791
453380
784343
302628
266455
592004
434608
153639
942247
497081
212010
537400
324922
923118
720696
174818
681841
690907
925165
572069
798959
680244
807583
650254
248715
132444
435575
689859
456625
166775
302553
184347
185622
821340
80490
940522
99221
390441
351874
786778
695019
987250
484592
527924
815627
351953
7204
769086
488223
80673
98045
766399
923421
482246
570928
275166
950017
74147
342609
572585
885292
984303
782593
491057
184985
600098
369333
286418
70264
3721
274142
246480
870121
716537
936058
549020
504214
536736
611255
210807
744301
482742
633215
450478
900601
57171
928485
407747
633500
453659
21546
930220
600107
130324
879019
778804
963814
202904
123179
21056
184850
291750
918713
973996
224117
63186
866174
93652
534126
776989
232933
219311
668782
648415
601575
695317
484631
137953
737138
67425
815343
385095
481077
684017
890240
699946
577547
926602
314256
245508
342209
213017
8185
382596
60165
270484
924772
992066
287086
50431
891942
733261
500706
832267
376439
457567
699240
597401
109834
782706
114635
159132
337486
648363
322087
125595
695681
967093
683347
223510
67500
675433
843563
194368
925567
215337
65720
630379
607433
697100
905150
618754
877587
374899
358947
141935
870234
499770
817527
151133
729768
705483
414628
945047
97998
837644
928947
821135
294016
690744
733432
588348
717709
789451
616540
734554
606777
512407
421829
303317
891257
527732
600868
251968
570506
982101
944090
433791
23406
185589
164424
355846
600580
514991
580210
452280
752451
213869
513486
316401
174226
215545
242799
226207
259655
841455
658697
999627
514619
400019
993824
532086
992071
399103
410386
428894
386461
394997
51005
312736
417220
548115
221518
880951
175665
733924
68711
721826
95423
493586
596844
737252
584588
853882
986539
12645
851055
505816
878053
940534
715801
614689
407613
215346
631559
231536
456060
551487
244769
898776
251519
748020
103283
91032
637950
998357
75461
726252
155001
509817
92888
374528
213185
641933
914752
62335
66656
798321
335769
94666
57958
754176
637863
201221
66321
115565
690254
644811
796824
285320
826154
708673
923284
589408
417740
425032
541579
622083
808786
437836
2267
830049
947554
415802
551296
965071
72067
317838
211074
441319
977239
885386
789950
355276
161145
600578
674510
589835
26031
812564
972888
862685
826572
156406
479856
583817
40165
787240
721771
615142
380013
463240
431425
883390
782384
171140
965214
984527
273832
500777
144773
243563
569151
463643
83745
953727
754914
261918
658986
316848
716287
989712
143216
893921
432475
58233
125575
216017
137041
898043
327504
105506
164138
474916
392607
442932
586006
193122
677454
994416
899205
683478
258525
245729
821733
431361
265348
60988
268664
742619
933656
546752
753041
749058
113557
559608
792042
588239
164494
115230
331685
766341
789934
167450
856990
978595
880554
44263
514665
872217
47493
33686
240685
589143
382463
148269
543516
777408
748507
281831
382030
652605
430156
379871
325241
923630
22651
539911
577039
562172
899512
867538
627956
832202
874746
962930
504027
431050
904916
49723
103228
401516
49207
706407
151731
5232
889950
868915
131448
678621
447130
306214
742583
766538
332282
986545
521292
160089
722774
579506
155101
161092
52856
845139
323923
476175
24360
248335
22517
233117
355411
746709
316387
837919
633687
188421
273837
285543
324526
111831
372814
734618
675508
784603
180488
333124
781846
503002
455261
726918
400217
855068
303591
320298
358532
277891
264853
382359
601004
923029
704194
888864
503642
672791
476211
223606
948186
260308
643373
806718
357155
507837
522801
280126
140446
468842
578326
199472
288341
155774
591297
482745
471865
560105
82946
950515
127055
119688
53454
817190
583161
296103
825749
818006
399773
909478
997184
673142
891380
428601
263433
480762
848305
446153
242934
229194
323083
654712
432243
1746
838953
323778
844555
550390
172650
710590
218883
111779
334990
993604
730259
761985
679236
9385
141697
654597
389520
249958
612060
168034
8408
302231
702611
836447
174924
731935
266096
800708
116144
922728
584628
719918
516168
600008
782223
118338
771935
749695
62332
921470
13811
931869
796791
412139
829184
129601
583196
715311
9639
270075
339805
284223
336699
893715
495264
607665
662249
680611
406067
292143
818177
631583
419181
847879
332069
372661
280930
13344
742413
209807
738114
193032
385588
743670
741582
79144
156066
445840
806520
503065
3735
691530
878935
561615
395345
110160
248580
276211
829562
390841
908116
963535
285106
258881
489138
313187
602932
987630
218839
851412
394407
886227
256873
514500
330691
628722
7085
877501
240158
903484
882091
863878
716563
877237
357405
871960
739725
946995
936659
317738
191733
3333
496934
675369
471478
527217
575190
142980
154985
299605
42371
58019
462690
904622
299397
319351
314902
439
779560
945260
908391
145321
414919
695420
706766
873633
409795
912413
757796
60832
352353
787674
391053
589228
347390
316544
710786
828499
914927
297775
357881
869967
531129
270480
675058
365573
964201
233637
870560
940392
285266
867707
411763
901691
321953
243389
541886
134195
258206
697443
286346
175866
425985
512199
884854
573392
236271
437208
352777
368204
189008
735079
571094
553281
273933
289439
338827
915579
801963
833682
118870
509545
73151
52910
954547
324308
393677
531342
8022
469773
375169
660076
148786
451174
54665
913525
447077
787286
133197
155317
590784
771392
548044
222642
65206
730573
441172
896148
360032
313397
231454
974401
558826
978205
58563
539335
676894
234523
676127
763891
887307
277
379201
267838
61969
67079
765771
662247
291020
89443
972525
333468
64283
245138
298104
348818
94476
414873
268258
604404
731493
504599
627861
331959
602961
658026
618867
493708
636390
282546
604459
59567
117327
300461
963313
797085
751963
772417
603613
480354
456993
484697
831714
931344
945805
817190
372201
217164
640524
454471
220937
860034
551696
76996
988837
935288
510528
5555
646307
853504
948672
955709
375173
477191
714584
226939
958053
974859
602371
265338
588625
32938
206678
941853
741633
177493
57803
98338
133361
403555
274602
804669
551583
724098
898067
387808
756579
42760
583850
262428
874790
45224
221343
242977
651648
371904
818265
324833
9266
426318
478910
371475
595964
192579
911329
677396
66845
433072
441161
539239
225317
113885
109210
151965
922872
356473
361891
489936
537761
105835
729411
145097
327440
847302
983416
886849
442930
724572
177925
882949
841323
440617
602880
121074
708531
908784
397621
555872
452426
423972
117178
374492
722073
55228
450065
188493
938791
113961
339507
115511
593972
816228
831167
711454
521718
361504
859007
356930
897581
604639
245139
699401
716837
58721
19132
787003
989384
195383
525703
152551
660893
485045
268499
930338
677921
23941
504705
369711
193984
932440
17848
138426
811760
403576
357778
505919
180843
161658
998183
509000
689031
188111
578228
815891
416435
414265
178343
43730
794000
461338
519241
703819
720937
336231
515400
586912
623505
690876
307808
642473
844888
258122
632614
577789
828713
82027
945585
397776
415363
452758
892325
867638
865042
425326
563549
642310
931369
429045
662836
734361
920159
57629
44017
334322
900867
354431
676428
333048
847868
201637
121377
721758
699202
811905
355376
916835
639155
67457
150095
534453
763859
21882
224621
143409
837731
714817
253635
919173
127132
376025
895897
340407
395784
716614
227825
171838
379390
795520
173460
681294
790072
294083
764216
370481
114578
837443
551435
126289
937634
292669
624159
151570
638382
101353
556018
308188
674190
325068
38232
652150
218015
600745
576391
347022
973601
76631
206911
255253
871918
642926
757588
855367
536920
394395
638297
260680
160925
378515
601195
454122
360265
856741
497367
916171
792553
540071
817385
486811
658471
658834
693842
851708
663623
208362
162293
441794
427261
229909
97358
781210
437864
210126
75647
337798
495663
164977
364281
157894
559223
262134
608643
887059
463870
8827
247530
544964
678039
566969
29574
406868
637826
879833
906404
663099
327271
974495
915989
674424
358063
872068
878546
627504
112639
49570
524874
42864
787282
481865
113930
399503
171378
758127
673352
960239
217427
317059
158925
184674
111116
502882
535356
566696
673011
931043
819650
530391
187155
58189
612956
319124
933965
762344
701568
313277
916872
99185
235625
594985
69462
27495
420866
598151
528229
42562
984174
107811
584158
84483
370738
420231
154653
842534
975616
543294
374734
268213
154721
489203
596832
134902
328573
246969
753641
563397
691466
137828
592214
455420
87503
487124
309069
51342
884436
606417
294113
592371
156328
459794
230385
721149
446862
914264
532190
317642
940934
51127
576870
83090
257331
624309
327394
684448
273838
33675
799448
762910
207142
305289
616254
161865
788145
959125
435276
491203
122996
255635
253244
612743
743019
696225
226913
43127
84950
968761
355553
584849
236609
977338
244881
209152
199854
204992
577195
182607
323680
962863
326126
621944
431558
195215
623891
911835
952707
272401
778663
713290
816534
905008
749002
781249
408683
314867
909890
978611
314109
521807
548092
91007
372134
913129
237345
615169
843652
338104
632465
611205
561482
928265
772991
205079
615840
684444
42409
282870
213304
704556
136242
965798
933295
183116
612317
992037
22043
858093
381352
553781
282807
99196
221699
530584
147752
465320
688235
868698
956331
429697
691688
257416
999838
715068
931999
757438
457448
33107
100309
16030
910917
358601
975297
549405
947633
990667
222859
63927
279984
200498
874919
965635
731640
717477
527433
898657
916412
64092
307716
834575
772887
98943
275459
282459
317521
918573
917282
876083
779408
854616
533482
212632
268189
241165
197735
799345
921746
342801
281320
801404
120414
344743
473747
967263
761973
192815
8994
266845
557270
747112
401790
925092
160826
384278
702006
644930
739990
601727
677980
479224
827277
682511
214204
124839
144694
737051
788538
137255
964165
890882
328967
52215
411224
467440
726336
627534
518368
81148
135459
24016
59178
694577
581550
905308
196489
532650
278998
375298
34210
910103
410656
471698
769044
555868
477472
314639
338498
738328
795788
483651
3070
316546
625468
183276
781075
833008
934721
566740
166895
246194
598495
905342
783019
420507
420200
799100
279929
401119
528310
74206
97961
876696
482308
273669
427224
816035
370154
988437
306677
620711
743859
707465
583537
823478
126812
4128
758979
794059
471340
533941
74645
738611
690730
518828
399438
649545
701568
899400
242748
23322
545322
245594
81694
798631
736603
594644
148492
725704
564780
634620
661060
619757
443585
534332
430546
50496
756091
75990
55707
561638
251923
427572
964998
819365
964953
562077
440006
751903
67338
460932
543560
337341
5639
17147
752054
770983
408824
972613
938214
979183
679804
771336
919395
825421
686539
459233
872406
180485
356139
82834
637648
774565
204363
723158
790454
712490
941760
150997
621897
576387
353881
719155
809232
947629
724577
532035
773477
276157
744176
623898
150746
551356
362606
742526
515398
60076
885350
954364
775215
307113
98562
391832
458837
224171
893609
795231
32153
18408
647090
740633
171528
194390
778755
853339
78217
211854
413130
793400
264158
315916
421015
574488
124506
725267
648149
846176
195040
603821
500004
426641
755987
62800
763924
421101
985439
378141
691583
97299
618851
856642
649155
739692
438074
525630
267738
243134
840613
812740
503064
245534
270102
409657
546625
3970
176603
138264
727557
608948
573606
639733
24666
855971
775989
569887
641843
33300
411106
27038
37730
817782
919753
185435
990663
168146
153105
489311
762356
538465
296665
974964
37663
611575
95297
841000
490626
936350
607634
6767
345171
40190
144395
481000
146011
117751
659913
554936
916726
671121
115730
311699
826342
943051
807742
399833
71379
426768
783874
389852
569827
604679
895642
395968
795122
213193
902802
319676
356334
274286
164146
304189
187282
770688
866436
132457
592893
633297
478915
851648
411758
296617
782370
324255
786399
600215
763766
524895
876923
855016
630848
475226
144444
281014
125851
821837
444901
383256
237374
22553
642585
853175
380463
117476
448407
817984
720197
215772
543059
57333
794072
485148
982065
261726
339335
639079
504544
519582
84325
654672
837777
655584
502528
664444
74899
79728
101392
624512
773197
909542
368057
984548
674327
649341
410877
956809
160309
818177
940417
451046
786608
907879
312762
275694
815187
178871
560436
835598
571391
678756
130111
149842
772908
672700
167222
382247
339516
535034
269229
220283
719357
538745
3254
770561
223676
426307
806608
858384
574656
204424
151533
312747
413802
200490
438175
442012
700839
173685
359582
951033
756495
1004
194104
401224
176157
667902
349398
177407
381899
590808
560166
391524
736138
609620
793066
111763
317979
855311
201373
727774
465037
917335
49405
562190
743251
443139
584570
174984
404225
556062
5177
88523
241251
882427
312709
933718
554554
737004
921235
899174
421780
703501
627440
547805
575367
131963
785865
888318
754698
400931
458070
672597
613423
160181
247269
921652
388929
766262
581887
341783
361462
4149
185464
758953
945873
158933
859864
657888
527639
871689
834977
140995
455467
853023
12861
243084
397448
994739
639430
298472
868699
386628
305841
994010
314107
38819
537176
788544
371334
798983
715298
480494
27609
133950
255313
410871
110507
126
437031
298442
978694
662298
636022
242360
785828
850576
335171
730387
789922
299902
720918
701106
457315
407157
307425
102098
349508
828198
635786
476759
80055
811321
403159
154096
128574
125
784885
341272
643398
595834
95205
519416
548766
14433
102340
590633
431186
70821
504053
870680
109864
80099
543149
513859
957814
84412
415002
286303
663326
639939
738097
465372
600616
955410
993555
915072
336698
982391
675291
114608
337654
416716
401862
324366
666224
202980
660864
964667
259979
350177
440007
301245
637231
756515
606078
621180
815336
941211
307280
664487
440158
134717
228479
821684
507181
870804
199240
178436
660897
799343
223285
428068
502223
718457
807231
55152
402770
776423
897501
178386
422561
472970
787181
670824
797322
13316
992830
615940
5133
716631
347768
634188
366103
250201
265064
468098
503194
839748
651180
738078
580613
195305
138488
615896
265253
70981
790082
731138
315928
314924
746000
249809
508777
241954
132060
650620
481613
379529
887264
387452
392441
315636
840644
535220
328542
326617
168610
688747
397058
339237
90482
126132
312572
754602
607767
338351
938828
196660
433669
372520
117973
685881
770445
902748
617143
136686
215110
913948
954061
260214
395162
575755
697600
232949
293354
167298
296902
862339
521183
94418
187387
626685
227982
713769
984858
101429
697671
556877
925272
768137
617659
311238
11229
473361
741063
528537
404512
72626
230049
375406
470237
27920
770589
372307
651638
996768
107613
166169
577188
216155
134739
49244
770712
238734
660468
40545
427442
998222
934844
341079
266588
645961
803735
904256
588165
3128
303667
611241
825334
780785
468896
496789
867474
243289
945888
670584
469678
635767
760785
169375
796554
259683
245876
366381
758764
7325
3609
15999
255576
378682
610025
118513
768174
912312
404496
685370
561376
25203
713477
482098
171533
673649
152759
819829
449599
386904
950485
661215
965758
264063
284858
807798
876111
74593
515060
269224
81740
923502
499759
186281
216801
893755
809091
534270
634848
409946
517079
82904
91074
926597
956912
21080
351035
913396
124762
983921
293625
171214
84273
580780
821944
525948
948364
35908
504836
665368
833799
687025
504909
747396
555052
3842
183648
294168
716734
753379
844680
109939
665249
896063
713536
765106
806953
883902
499603
97215
146941
101487
851026
912769
77927
68674
178738
773041
588732
287788
699839
135116
903587
299693
578369
622564
38787
194862
475370
874962
32717
595011
871608
468294
30115
435281
161389
153407
684707
930889
765929
850582
124693
36562
3681
451828
7789
193989
412478
584867
114876
488210
514900
327874
590074
884288
951101
214483
479400
417169
923474
658478
242533
920195
793029
95000
336463
421235
137694
513263
650772
861149
462736
717500
967892
491966
381687
615915
615924
443290
5105
472790
307394
791385
606422
97469
598080
25165
85461
304338
317071
212111
586412
737457
549690
753223
164419
895597
776795
998793
851046
794502
490222
466844
972894
24118
216048
195927
168554
328874
868403
25573
764447
992782
658177
789223
529433
879361
340074
60408
917725
227112
209517
795980
338893
356574
982527
42097
278918
590601
460154
91384
347866
949640
58213
60077
858021
908488
463644
635649
619214
133046
82268
490953
685916
459791
573037
414559
21810
503507
805356
261094
755561
510232
106996
851052
528584
637754
326185
316200
710306
642032
545824
706786
795021
324218
235566
650674
820218
356406
549516
86560
647158
455058
127204
313707
33916
652700
130107
281189
789620
728438
910138
959419
317772
742053
380506
966867
572850
978504
745451
884878
724587
557797
803714
812269
592339
417247
530493
133071
898993
887044
415604
155800
26294
252035
712254
272686
162770
604538
103133
718877
927860
16366
913735
327898
945564
59156
490258
983013
106526
159436
552891
965959
589429
152237
859602
997627
180737
622779
937478
805865
906846
310069
344201
490573
178275
336011
394399
599863
459252
834221
638665
277867
358660
643967
446472
525672
407019
26985
518032
302278
553376
673866
347723
871544
39635
700876
383430
223921
902250
596306
795132
31268
747221
132558
831869
680611
221712
274992
443259
253289
90037
179897
230833
477427
806779
956078
440176
692104
324047
524839
592648
465050
215885
603079
718223
509253
222235
436870
27857
941876
170146
249449
966612
900195
873002
939283
358214
711038
861585
194229
107525
147497
419816
106530
186507
860377
374315
406013
219445
45855
872410
573267
630254
334341
370488
426245
314876
653329
510175
523422
760807
681511
723646
951235
568065
364298
78321
488200
693207
674755
253115
350367
221170
155482
136227
164139
969802
971521
103656
836915
495496
994769
6113
649458
439
254635
848438
696139
68806
367680
984949
916953
333820
658605
127314
710500
470585
210110
45374
779313
230180
453460
91362
56753
596918
682593
78136
789465
684130
543951
656006
98769
618912
932992
856760
977734
605269
305009
556698
747610
133793
715128
853231
608123
373316
656172
838704
146641
284781
983779
740900
871441
857377
207254
191640
447023
341253
717665
287100
741936
721032
576551
945434
710237
87791
819987
820788
726291
786046
362553
582584
755512
38976
134938
794082
269960
895092
635334
167854
925133
282388
372380
404153
574253
724354
414637
844724
426333
22098
684991
278531
628340
611950
299245
52024
536026
798442
93932
239910
211743
577573
38056
173029
243624
663256
655628
880418
349251
572542
490401
608800
399644
669664
954062
64399
19017
612348
557566
81095
42624
45457
740831
954273
800168
79498
767814
312562
443660
264068
916079
285797
624364
19070
160354
362996
106542
805916
292402
659971
532338
428120
984288
710105
882435
765126
372060
35451
457448
781250
938667
324455
143643
662712
288996
865706
954129
808015
26324
886559
394040
379763
69633
405252
146687
67325
747404
864058
919054
95297
83631
712409
556055
147701
508006
702957
506884
176249
459307
423378
553744
838791
208921
790759
839538
990649
588146
954738
621683
864561
899132
16144
740321
188200
836742
551383
11036
697303
591432
700234
921997
42747
540904
915000
622007
498057
406041
282737
201957
815086
786910
291110
421059
537281
380333
472732
767561
145800
349230
325197
198226
322852
252386
597787
215307
257050
530017
360817
597574
604990
683644
136696
66670
303806
640001
217139
894357
720072
576732
115448
905962
847449
548762
123660
471302
239715
712585
739097
129637
104090
104508
361294
704690
86684
466859
644116
741626
508027
387702
698664
569411
483240
318410
741273
481014
764541
741788
508960
764471
57766
220307
850455
146965
997357
33538
531992
721949
182626
921171
970227
179209
445859
599423
909195
212694
465358
347577
861325
414067
174016
737834
182222
172117
612424
102423
255169
379879
835117
537696
547857
715423
393880
894626
603361
607788
948576
269307
806558
367115
891952
906669
488381
350137
891607
276188
805654
681987
817772
244785
796573
788345
207836
944289
908921
446401
311506
577928
694594
782599
790529
957807
44508
273490
341393
136812
781674
894130
356131
902697
578673
158486
591875
256445
393547
285818
853929
943734
986117
526845
948524
579000
486485
472848
270020
236286
875579
474379
802042
718207
712562
452634
96558
38125
290451
304788
957956
876247
962375
901740
118445
636207
44135
730368
86797
620325
210226
157519
67598
892209
5290
431240
317953
708208
708363
765181
749996
705318
954729
891830
416244
618914
642533
931938
299240
299519
297995
202664
661543
995206
497803
288604
226736
965489
582099
669198
570884
636683
956165
817532
850298
906419
940954
507431
677151
2943
765203
271555
849927
152828
111319
695687
767029
996244
351278
797413
670626
602185
677912
485652
860206
164509
755211
62536
776928
507476
517960
978115
172379
536273
538393
208837
474208
494877
873769
154271
713146
910663
807999
87334
120202
268837
692825
703042
196719
364600
257249
593830
581585
511790
447694
835226
626443
794112
182746
888244
304115
464956
314203
384101
196551
812829
22145
707695
619189
115926
266667
807988
86342
228014
240934
444074
672041
563204
345283
174571
155032
700980
190867
988841
114537
592082
93953
995071
20275
226003
296525
829922
985179
878220
388897
425718
201530
153170
776145
42877
969516
233920
305780
327274
412728
231574
114777
303252
743639
595134
264360
769350
986531
494507
838551
604467
403230
209178
434565
626503
711643
623802
624950
944152
778444
431400
813100
481531
256426
852307
490782
311347
310459
110847
173656
270853
252803
630949
184942
998247
525193
20727
261662
147734
32900
511616
159489
972551
630691
295018
480238
443637
127606
137370
90476
791961
562300
980469
668625
62776
483273
4422
7227
570582
284756
140600
898474
940168
430811
896701
441401
888423
788403
389713
362295
774817
177391
913689
255334
199401
368684
171557
932304
951886
604536
567893
283200
252137
563677
766743
833764
464945
912077
276942
601213
429225
812459
918670
4736
151032
426100
345220
656077
963353
258504
760243
152265
535465
220441
410457
761690
950621
575343
268720
614526
917142
712277
471504
688264
704653
785507
253937
363961
781737
456169
264271
45047
698032
490805
207334
190892
803097
94786
565725
81982
8191
823485
226367
173478
935474
213812
576548
274288
850792
705374
804974
319118
307473
550593
796079
805080
776968
724036
683432
300452
277925
331473
620844
607934
235375
173798
734372
37380
760047
914489
218667
202529
653792
551238
936537
101284
597954
527798
425821
584380
399565
838189
623300
776082
645379
668528
825750
769411
584350
732274
253087
106552
993769
530682
224779
834532
140459
113586
887275
29018
978557
141134
78164
370953
602429
380374
770086
355157
476635
7762
730602
210450
720849
722386
244501
618527
767151
570519
207658
318237
827412
993441
530619
531915
871865
675926
440975
778176
657447
216140
208287
189571
915273
907059
543931
728842
156508
749794
537418
655438
782658
281980
245870
608327
828406
223679
690374
700233
927386
132841
351821
741115
769197
173254
908767
555376
17432
155291
192796
561379
656231
924137
399397
514324
280661
198494
782788
982073
439232
869213
641960
333347
595579
158824
482125
579503
822658
401768
7866
598500
925064
417498
331492
239728
487725
813013
458544
853882
997387
408891
486038
809251
497072
632380
866529
14815
391014
3266
823315
906793
852845
895741
912997
266920
704202
240651
866859
37724
407672
957954
14038
567364
476669
167518
672979
175824
753368
238018
628050
735550
370966
498796
225121
377492
733508
279482
551670
176057
579903
76243
509003
745519
392359
849524
834852
923056
713394
77975
716332
908389
117341
664513
872829
872317
192637
634281
678655
341808
403699
272192
470184
180561
62909
541089
514273
600457
551978
923031
689737
731573
593318
391365
691986
751518
98739
239222
979657
123601
315320
507650
334324
869851
51059
328345
245460
732003
186379
896943
606730
87012
23041
17092
264982
248069
99012
709199
250938
768406
82403
621830
787965
177961
462493
473037
703499
303179
269460
204536
836474
368478
212192
564031
502951
678484
31168
638269
788991
419402
901100
219557
900570
303102
54086
822658
441921
303535
216942
230184
236880
477648
510901
170812
177207
927400
171113
636125
875610
421385
488398
106926
876696
915562
497774
123202
649513
433764
269896
546594
875681
388229
85540
514749
307473
75861
181510
453165
576717
834083
224961
821474
516103
955146
965346
110317
171290
748741
342349
621675
627107
602156
831334
251852
852298
835851
912422
571135
790942
394397
778189
181500
13342
911658
856694
394157
432533
450810
762118
412218
269853
731445
850366
251375
295875
125208
784817
751564
830987
813846
80015
919210
535242
888777
858079
91909
42930
923475
105931
172202
317803
734486
996629
548414
453787
40587
493224
678248
280072
930627
428873
783068
903381
261048
754092
823685
29161
101583
496483
378383
303341
65197
796849
674062
167859
291891
329277
45134
154100
97367
970146
559736
941426
268960
553763
925725
214844
361662
766780
140066
811920
119107
225107
522312
763098
786114
35022
855255
596507
68803
241790
916071
863717
737824
935288
346699
835970
547199
742533
212442
582453
10603
750447
279771
447896
733521
246524
598540
28836
525781
651191
159311
747983
547855
10729
621746
784272
276006
965863
757530
231102
909062
779269
874635
467798
522625
969704
87893
459547
508544
913337
775646
495640
282211
292406
71305
229633
550205
180770
574209
900856
772581
438749
577636
612587
198586
300494
76430
15578
118647
218748
980224
928822
898223
681916
177389
940901
629285
686661
767777
549987
656586
636959
843662
83074
420307
583674
297845
591122
983927
650267
864813
44443
643650
136241
13331
441351
175449
439686
564303
59421
168139
191569
624382
150504
49231
365928
878401
808054
810720
713938
269794
273084
981234
264315
881182
301143
367695
529153
788435
701421
431827
561323
620615
812594
593600
13369
344530
635718
105663
695510
637674
975740
580084
438506
884873
41910
8316
379404
150845
695980
836166
843925
340427
465163
175883
744335
134593
723898
91627
857869
157015
33399
70885
308436
830465
169696
404339
783735
102740
674254
624768
169536
691666
613148
431175
750346
645908
396869
114953
653228
131475
794091
442155
154832
252882
442292
590953
292897
607660
790095
90363
295842
851382
835285
638339
515740
454928
60682
13551
454576
198413
873474
688305
625866
91708
207328
28376
240886
36819
105402
47307
815692
232247
599960
732130
377223
673707
631835
982881
430132
648914
319227
682258
452422
294946
990825
54014
196742
28263
870163
15559
292711
393329
907334
837285
140344
365404
184749
649531
50418
428282
992183
180501
149169
595487
560279
570305
91072
81736
546149
702279
95245
441640
358498
793414
939899
659985
140696
110060
976086
307579
713376
223569
459234
137717
56125
937265
698188
167909
70118
875460
637058
552317
460130
883196
930654
663357
898187
842394
651773
69854
578612
932270
195119
105570
266087
109609
690247
700982
28999
682464
664209
227328
431572
322528
407587
735947
115917
773096
579980
377100
50096
869831
783274
30033
138781
559699
577880
276421
146777
292355
881283
682722
560045
13162
295838
864691
576302
46928
439724
964741
143704
846447
697786
97194
288404
517959
721455
778857
455641
117278
245115
798725
287918
217816
379565
408680
337806
826606
630241
951916
640036
742350
651734
506503
300981
333647
519070
728656
264541
831952
574126
700850
98545
29996
129301
458156
403460
987995
814154
970050
996357
235752
872798
615812
377925
261578
701328
319032
374487
173346
437183
756518
160912
274256
70650
507137
763502
144818
326643
593133
728725
688059
11091
410545
727092
234795
547815
181947
17607
651504
616887
186122
560181
736473
80375
415356
903833
59955
979223
462196
902558
855362
295861
195303
775747
892510
591346
489796
218942
718695
444578
148093
39741
164006
926685
579575
147207
517313
868979
392202
815617
255771
579452
414517
690445
502598
168396
959265
751373
714149
684742
814864
984197
402019
296264
309666
662302
181194
404804
757828
133255
651585
28142
525173
555510
215781
649873
402294
276045
798914
56253
400078
113303
329326
176155
507063
103153
870338
543009
48937
557381
768566
887264
565888
679730
128216
550202
275084
124168
278953
946034
425589
940143
126420
195292
203913
804071
299915
819507
787876
413545
772608
874889
141435
781805
421630
691481
713029
733573
407777
344952
585030
815143
755640
162794
336697
929544
875189
611409
691481
115107
560719
878145
159692
90904
934389
121262
271532
632178
187374
611079
874100
341889
687889
479004
563076
807462
273310
27321
576913
126701
971064
477911
851692
214292
37824
221352
747501
855594
336783
926673
889788
80595
990095
256308
181691
959336
677559
599658
425235
204667
370657
454928
757850
878968
330313
482361
928798
137894
207844
855361
615761
422861
812507
523329
767057
989810
408034
438878
5714
518654
484089
830908
414762
80381
145855
940496
444472
539714
992430
582932
328050
236647
224183
627987
347658
562289
166587
960356
787069
810835
421091
692915
328504
654473
966044
538234
521703
185445
987250
656848
552731
964327
575560
540568
7638
359044
631666
933402
102774
614281
921775
320174
125436
592793
692486
402388
302137
656082
364283
386657
596884
205646
74030
291220
566586
121606
782737
706823
281506
860816
847876
919105
700220
143049
879951
887208
346805
295693
931003
254548
993897
419491
111181
859838
380838
86774
698976
616663
574105
968702
911646
17397
727832
159358
316059
659752
105803
529638
645518
391403
533176
114840
516012
960054
161257
413191
919331
402224
673851
23676
194352
386754
510662
592435
833757
633415
688356
680482
115226
705695
753184
797017
612023
628259
503869
139972
915260
690419
193888
852878
866662
520746
75930
667296
35966
146419
316246
656519
359510
109045
759388
207412
635107
193386
935487
968860
806834
18509
220713
916096
32585
218674
785153
779207
694747
862639
137654
866055
499110
483192
782955
862178
182765
345097
270335
224013
593549
72252
242872
493100
35007
797306
205195
391129
661545
957006
813898
661380
353185
401109
339882
584436
12543
312146
71536
907244
267933
285534
806712
499944
434862
820668
672290
345798
595960
659403
867865
432898
570799
771028
931777
788442
39663
939075
635197
857552
133846
307059
592922
538318
772476
733602
241115
920483
90385
698372
495009
898732
453137
113907
391223
91022
156838
696899
401400
543327
230874
262388
64925
558180
322998
450177
397095
580213
500860
21653
706405
320125
553406
334365
331619
368286
606298
42936
208687
224497
855699
503371
243273
728427
747468
169138
615270
821531
715171
740433
988001
854607
439719
883848
555839
745494
609144
391749
358237
878945
935738
104179
459640
994371
148277
110992
323673
110680
629772
81692
741531
657473
769816
743789
656858
453709
714721
440543
235258
469747
287801
495401
514385
81852
602996
413196
39218
37885
39047
859172
365591
371970
676540
823521
71978
921031
472655
298831
177648
61215
736745
282129
388691
43960
494710
582636
679178
945014
289509
903679
50023
512187
397563
113169
493308
12168
563860
628931
108843
564413
494008
235556
46537
1340
8790
42211
850862
315500
418848
294367
743900
855961
551554
885851
520074
202041
556928
687501
624844
66826
443115
466069
605280
573974
92543
139
565911
696792
758108
163953
950749
865209
629535
4551
631848
444979
313181
462014
760761
587287
775995
847684
695378
297705
836269
892798
192565
313385
441225
982100
321300
25261
495047
233125
621658
550953
347864
745308
495508
358161
526879
324634
170110
291029
867984
191699
831334
955467
920292
395893
27967
869419
135862
766722
275205
426355
304381
734911
500487
304107
986535
434884
85078
584451
204558
705268
149768
498200
365337
683847
9769
510037
608626
54531
744448
349942
342431
517514
859065
651112
550783
989260
957812
865037
829028
644828
247209
607899
582791
187360
988725
461924
407852
724643
234886
867760
155027
942405
965216
190278
676312
60562
4169
901706
330152
293999
753815
350528
75744
363888
193364
615599
821251
148679
699211
975008
855320
575448
627698
187525
129310
520808
99251
802487
875181
975859
243097
674968
238443
692316
690643
996952
142375
862079
913960
929938
362453
295139
622840
606678
881959
328331
264363
449922
917316
887147
188920
873545
583015
439160
391252
743062
847511
472984
196661
188361
365566
854713
71233
286175
47209
388285
92312
946993
177499
928787
578235
522195
822798
201825
590679
938909
51911
780829
680114
181958
397780
827771
272049
397547
220261
726913
153987
869872
558981
297782
45358
975165
523123
185784
529396
781674
366049
626989
652769
976629
384392
924818
305204
971248
490662
552367
889064
639160
891990
524907
380253
79263
551562
705788
224296
818539
924454
321142
314484
115128
172924
346245
898451
83320
824864
543862
401445
430299
538536
97391
834403
496906
543106
882111
364169
691980
559218
759824
533790
444684
949030
657529
909985
335858
402039
479920
64913
461037
618430
394845
525017
959890
425745
12489
70999
276830
721817
366453
45064
495639
901009
859079
651793
694737
850333
471712
580588
962317
344069
704265
758893
230140
957516
369675
72560
629537
845937
474781
853154
154452
59073
784888
300328
787042
539991
858695
575919
867666
602290
845178
822993
594371
607473
686074
287777
956657
576365
267383
103123
586326
880371
498908
646027
355949
734557
978468
767488
134929
923275
583558
193677
96836
580035
417868
309524
125964
551395
588674
858703
463672
214079
468681
460085
152321
169051
211019
181828
608011
489094
383625
593905
90507
444497
851855
461930
251202
699051
383625
592772
890727
58330
534448
660038
970402
119576
275613
452689
719541
620680
102398
914922
887349
425171
24294
649766
249142
671844
618494
96753
454726
146620
73305
558074
678735
513138
118054
478527
522016
175115
369918
181936
491845
144241
733725
41603
116050
791700
315118
973460
416959
980762
497215
88310
974637
959748
891476
782554
560711
258398
204119
559578
862532
87714
183341
260067
883912
712363
848739
246397
908906
548625
686791
370489
782928
82277
656212
992182
796151
324170
26245
389007
437903
836014
84618
866084
544579
890916
506584
760452
239190
902048
868315
58740
253225
661966
439175
648350
10969
524239
547468
252761
736901
109904
39400
31761
844077
484873
812374
953043
32694
170640
976548
135864
364426
380567
484514
642283
830748
272264
250230
482456
890825
346747
639373
255730
752858
954002
332588
448673
531302
114226
570788
352967
247380
