8269
138209
242579
565800
936719
496026
844484
499058
880134
557938
52529
675179
826256
954896
59489
59939
291054
949277
699596
393747
44418
992958
852684
914218
175513
372014
923504
223605
70475
144566
406576
627689
607035
949452
979194
480976
107642
356614
384427
190414
338248
574265
388185
366927
61626
735795
301709
430416
315959
912848
230798
997254
50140
147261
302424
606254
511808
706695
544748
152690
37649
765599
964673
631989
964637
110764
182168
827004
685037
822605
450285
712440
539916
919082
419081
879668
855077
102133
462004
968279
948042
638403
517512
213975
814161
455041
536482
131259
27097
151444
763633
248458
990954
485329
443824
414421
363962
786518
276400
237534
966476
330371
263310
862564
5747
54552
251653
11212
705845
562541
125468
474029
910539
707400
276544
126008
422852
772958
634220
735939
234760
238697
603460
819568
992762
721954
850050
776510
894711
77276
754567
440044
940284
464765
491603
486917
404260
468441
208912
382925
938574
306220
79241
931974
617565
680948
257080
938655
335705
214249
476604
231226
176818
619034
975465
123225
773349
496166
14138
71716
430072
878931
594081
33561
960415
962382
630015
680656
597889
433919
740528
114794
452756
894536
82493
281942
754468
690139
399925
706431
672755
363829
946261
877973
514939
575419
974052
237239
150543
972271
432220
296762
146207
28687
855682
503769
729050
315786
750167
470905
279854
168096
793383
620823
764395
730837
147646
138320
524741
765905
892666
552908
393208
416215
433980
44424
599558
585056
12856
472383
645212
968596
619308
393653
840851
348900
852654
177696
459538
753222
519005
756851
263824
647438
410233
266568
81719
566694
336271
721513
443044
839530
437453
315514
296395
592546
550068
606215
30008
532957
968619
452390
903600
604134
266671
340681
341878
912358
181544
768610
216233
41302
685591
830579
397130
789214
207084
114289
705820
655567
778804
416596
409252
449978
800240
520638
201360
767851
658497
798021
774516
587589
878463
799647
897263
816379
428520
388713
231340
885288
94581
540372
918341
375756
934536
122348
839361
838884
725826
210118
269118
40997
561778
282758
550634
285396
670760
496266
759467
57285
99559
95159
526495
211886
448760
488542
897149
851879
643355
537418
855706
813824
831705
512936
749576
127870
527797
624724
735577
58100
600193
729916
945921
877755
322508
837107
90329
686158
254905
265876
733056
579908
620843
644945
228252
803626
182812
288151
94462
373244
470157
836639
938980
651712
425112
221908
421144
999104
443937
861276
254901
651362
80619
347014
17161
469285
842118
272910
951254
112890
759590
481743
390771
17917
176592
793414
510864
569294
869165
937982
224598
375377
959233
247838
998381
395006
234485
519243
487703
96805
756688
664955
252665
25986
307012
876888
792762
403512
149797
984908
771844
125102
962868
237615
16104
647747
386330
547339
464990
863791
106992
216840
641642
332599
21563
330681
591833
516492
536501
575169
131115
516225
543686
566435
585355
774376
136658
594662
502649
143304
337964
398241
238984
259388
225576
371752
918147
388651
231053
131603
33515
927135
675753
457319
977692
573252
314559
202276
524622
915903
975836
757739
219190
294569
34504
763209
598156
440551
556503
25764
414568
558695
241503
751616
800070
418233
751747
682031
653672
486663
539502
96339
898650
988915
621788
920721
285457
819788
542674
59924
633133
539052
390574
713595
93854
191472
641689
345824
748962
41685
650584
598726
149484
684844
344258
151390
274017
92985
94348
631414
587899
216046
293760
421311
23568
802431
960268
3129
118509
185250
594551
590973
978716
414629
564526
973543
568902
717611
976381
202974
503089
922948
766297
98177
478505
454440
164058
481775
259645
777296
877061
383731
862817
568946
430599
170058
524977
546583
708543
916371
872789
106330
774898
11603
69567
7103
419362
693921
493649
597293
616120
987508
815388
785609
588638
300103
833732
270321
734185
200422
861247
600274
539380
460633
57020
93351
756488
755754
912800
641102
567543
585683
255083
830920
323848
894601
525433
405517
519180
275615
238757
224458
275471
794009
752264
81145
60458
341902
78623
356314
563382
408376
956811
568339
3419
696156
802161
235617
227526
527888
13633
962234
869177
702126
659924
358593
31036
626068
221295
795685
563953
315092
166181
3607
474117
93503
930008
578598
628930
954569
665247
144504
274050
452569
554500
157607
945790
165296
156324
249525
859397
715955
712249
939054
655432
311830
255221
353817
39058
232871
521028
382746
744468
884020
955892
586023
280734
118107
380465
363365
756266
364268
698217
858974
268051
90108
789902
31329
638371
90057
803194
642615
969545
628549
154860
533885
88873
109057
329136
642915
421518
224567
277469
15360
602491
591860
47544
121743
299615
666336
912887
394762
18278
474283
901855
554209
358124
766870
527886
526103
197900
686811
622613
189050
631127
529595
894333
685117
962145
331490
378411
552947
335989
453240
85982
743914
7144
460678
840788
341410
765771
292931
772300
11369
656506
781755
912295
997140
74065
588699
990760
681371
986238
409371
472474
996114
910130
31624
242449
536000
55218
293933
974280
416094
951562
340637
239018
145773
996256
681056
10540
686580
621158
952056
859479
93269
881705
123854
54563
454795
967239
759742
703615
299331
452157
682428
21870
137235
216158
486305
629515
223963
75296
622358
17005
883255
984017
704988
966885
519134
537703
663861
679012
171802
862900
508658
247418
106660
729016
60634
960953
227483
589841
680692
204344
319201
574733
96114
148403
273234
698016
473786
811280
841442
895409
897425
440956
337746
5582
955110
314100
458383
57600
776889
571872
975015
487098
186854
128601
805352
370155
636370
510859
251095
243571
677681
816118
254602
264626
927409
805007
389155
491323
321990
508355
22633
22823
259987
602651
347140
329606
818802
818298
585493
666481
155360
96580
47152
541115
468232
836761
781943
755270
326634
291775
797780
730097
776616
504670
76114
850607
286189
261604
617433
109043
528506
664009
767172
686279
811598
21229
437217
186172
569330
504605
375492
407036
131870
437556
129928
706043
280011
37790
224931
97356
716694
381752
311141
707408
75470
830739
960717
73033
555418
489240
980424
684044
957706
69061
726215
283861
427960
187413
485819
54389
622682
839166
621616
781606
511272
991764
243779
249279
247588
93259
74562
202690
12811
940441
888862
949843
809174
699898
231695
613508
292461
82573
317381
903627
875049
866780
888966
384277
981828
19257
635048
56691
214688
776131
732909
399347
759344
919240
453174
729290
269639
142148
221094
611116
317563
866888
834452
475646
365302
782390
387436
615139
202521
841193
745251
730675
109452
646897
666196
121482
880742
993916
561724
320508
30646
731088
547599
190566
389228
968628
298292
750368
510439
740719
781668
98702
960092
684136
307354
316566
541407
639148
516920
320748
376978
791182
558646
300424
732711
99497
759751
110009
530579
769601
815242
173011
751313
776
266345
420612
261647
352252
438674
953221
812857
285997
837840
88364
433761
425181
172997
834846
753160
354304
804102
603553
603852
963618
376211
636559
252525
708968
657969
786342
212029
287342
677222
852285
133156
207376
835857
270929
181005
576068
832419
924734
528561
62820
186302
710281
741566
294794
885800
584154
582243
292117
222764
230279
8571
998856
78989
124683
937043
909713
335336
270997
752090
428326
474085
633341
70372
738123
648601
539793
209050
188337
323580
990734
285250
976376
197442
999210
701799
816341
990360
717902
562469
7567
98236
885921
348627
154915
126009
125248
5837
961800
349118
656650
641180
183757
346010
339735
576709
144094
562071
139144
503339
966821
666992
378873
654753
908300
556271
610771
472144
368929
335463
523263
985537
699603
663371
512693
442312
527193
112810
958322
534158
706610
983624
235208
527033
216775
566938
400847
749050
985260
299549
31225
226098
606469
928595
715459
594626
790981
209307
641928
321454
46034
259116
920816
395949
850757
481390
926981
316751
737677
92725
642278
805387
460659
176986
732692
507044
714872
288248
196650
814328
281882
39616
59433
43301
845621
904954
474161
150360
854471
644760
133964
38195
871756
2744
671653
72858
860360
542839
168726
137179
221027
370028
193631
696888
854830
782984
581170
509969
438147
415240
497194
961970
732299
583380
251676
628727
478234
369208
209606
87704
493492
313276
483429
397269
600179
194529
419298
233791
962240
507
710572
175648
660031
794214
393377
612168
426247
426086
969573
247157
509006
227423
705942
325086
216932
612333
821718
823644
419094
852577
226503
916406
856115
512793
182741
34567
192491
431099
537196
676238
5202
225614
817675
626386
952516
755060
245296
962800
926627
77064
29683
351234
44860
778768
132399
845294
421512
458527
421019
801480
138702
219594
131766
942181
117926
381252
436065
281789
779096
542809
327366
788284
99746
501956
930806
493285
647768
64365
541009
262051
546790
607362
448158
666094
532273
525424
101307
90070
295580
63486
925038
306352
602087
811590
109593
513882
281649
222610
490380
219691
430302
859279
991925
800892
127571
877808
422130
258638
176030
538466
927687
506646
923059
678503
17515
109868
880594
118930
640189
182668
244676
384030
339220
27398
126339
416618
373875
978760
407545
620565
5340
495366
59169
740274
406715
441923
633674
401064
152259
623999
482106
467433
435351
948221
732783
610253
129502
721904
413249
623114
454393
521025
412515
84946
148241
883456
193032
258569
630985
669412
205730
852898
105619
841600
289541
41429
216862
544389
515818
381311
301869
679470
772176
334101
990467
87500
915133
616518
305530
733678
924067
732973
415092
576556
409437
129520
327080
639760
244760
747320
719902
762338
608335
413645
824886
876623
168814
394380
316194
827509
580248
453384
324723
432526
377284
936123
101713
894646
964674
372839
153157
987226
154908
482638
465584
194495
581783
9738
573343
238764
854809
895242
909878
553718
736292
548457
912136
736742
427648
454444
968713
599304
574647
282328
51355
896083
697338
45294
172292
513968
523170
49733
326913
697641
403728
438978
7860
810607
662133
586933
685048
77448
462701
429331
211925
123155
715142
348748
964239
309497
839136
282825
895705
893618
858412
651588
587111
503409
647318
345987
762401
449517
854847
292082
849779
661197
37603
351580
609345
587696
509530
23046
414392
64150
966522
537000
995008
996398
598041
760905
404493
397820
804784
441653
135701
332454
648283
996382
942620
49564
216700
583821
961898
914915
652608
402755
569823
742140
685242
386480
288029
246453
263275
256911
892131
360267
299363
340188
517946
65210
457920
768755
271047
1060
490901
60039
157505
906393
450343
353019
556733
90505
661905
58848
65958
598659
884295
152140
879368
870505
138231
783571
150475
38131
972235
571173
684540
228508
444299
486788
766023
604332
652256
458399
916737
879843
191795
162000
844194
62079
518324
916911
2832
156139
230199
525201
459030
462852
846008
340961
151091
802248
677055
966936
961039
542365
801247
769628
904649
820732
982552
470387
203307
512888
773340
674530
969727
532143
243375
449062
762875
707787
949223
885710
973143
68213
385811
657267
285439
284440
26552
792789
854884
841357
7734
758740
162093
672232
582218
445192
799436
719518
367597
616381
927787
136530
738457
722638
172868
609787
679915
893788
240016
977010
419684
427500
126295
137565
247369
118555
360998
870132
277035
779710
424351
422381
41473
947930
825450
759176
425969
727484
31562
837561
510445
763703
676810
895789
114618
499192
163733
909690
924876
755271
787941
910120
494286
417756
147476
720918
527550
164380
838542
693707
307956
779567
836776
524122
899394
995198
120201
172209
874999
800910
84230
38078
927358
998452
137228
880701
485092
700404
289974
969059
643127
823802
787839
992160
992841
301364
24657
853269
553236
232778
565436
272402
295223
633659
360962
41866
211231
576405
548239
271702
888065
836945
909638
309282
649667
344777
269366
284344
664954
138838
241451
875559
823438
283722
7585
961551
576762
854215
315412
305228
336944
200058
776755
318525
173401
264952
665714
958064
188154
713203
761598
446508
431090
115160
86092
430938
343200
278729
837579
868048
376673
393330
521464
943099
342519
92874
408783
540329
845381
873640
949919
905265
310519
559167
447735
146495
710846
469688
899964
20608
407801
938346
761948
132838
997999
623865
284125
227672
157113
715720
503695
683770
840125
115804
152992
602580
857428
627406
854030
566113
651341
382892
991863
130295
528331
811758
14604
953229
853833
465744
231652
637806
406142
270224
485677
171193
156124
914886
757629
477906
651506
468123
577990
377193
273585
834919
485672
962021
146827
294123
456225
718572
827831
215400
927
797649
532753
750362
172918
321243
16095
63444
5421
797294
981551
901945
51
341273
988828
790804
627631
795067
585263
594709
333045
780690
276449
318505
492500
810594
682494
342772
442572
7358
782054
694830
934941
959990
754542
405207
76986
46045
441123
847832
548381
718005
371118
666936
823348
653177
144467
409847
92985
615367
782676
154827
589599
472553
770098
269300
298088
677567
944019
293054
111571
207370
918783
113171
555507
581463
993732
979258
714907
186246
542586
794096
823606
107829
73761
702753
84979
332942
200806
92419
178973
772331
278533
436176
701768
691489
624264
357470
582183
786096
87661
914396
337403
375621
962853
755563
307878
253289
435449
415190
553886
954314
415623
181872
215357
539876
963819
891401
195124
113420
217529
577996
602144
14361
607398
554616
879669
250095
488710
971961
410967
676393
587311
467618
134599
675170
111741
919370
318778
305057
360687
852480
426566
960863
809903
491756
31221
885365
247663
530563
838012
572326
604207
565414
885637
887047
338651
43928
976809
836295
245008
177818
780090
174687
262335
270437
770107
19031
988970
767427
384819
340977
293900
879947
654934
521591
142742
600695
815844
577692
547283
715940
89166
906449
529196
23653
74386
780519
788424
850307
549480
633884
663627
621269
552788
482500
597632
786488
1052
570197
140177
306348
529812
819023
361907
96651
898901
579398
523038
508647
185356
285966
924986
987198
692782
269377
840214
47644
602697
374255
944593
735054
348214
461859
746523
26302
789611
226190
548694
940080
212717
94355
101078
166296
454562
924206
56903
402837
856900
74690
527854
880462
120562
321597
453320
266792
593889
963626
911374
255649
859823
541266
85018
114700
146648
330960
660579
540905
342401
979632
736996
823648
362098
685059
106204
440410
719073
1090
759854
246397
109417
865436
179112
890114
297178
232351
726112
898868
597929
679935
1914
764358
326152
224581
576135
342033
486097
290070
454664
871018
807195
877982
966864
310813
239919
308890
984007
907464
784533
443968
217035
468565
232775
258955
287408
207189
711303
900518
143656
595510
768780
721780
123134
836385
956440
34746
430204
908210
241189
369706
334829
198741
388541
671885
616317
513081
989161
690380
463804
346868
722305
368282
646145
170547
670307
995329
159467
638556
472766
828552
713859
483074
437838
662590
835261
523716
650018
852327
10206
536707
133912
749952
690423
692029
991915
774639
578319
625803
974755
598668
799903
138803
782699
452294
410038
663019
873791
326195
894717
781483
410052
641400
987285
506797
500593
955473
68892
918148
935339
922494
977039
296470
970607
927371
260105
674744
260265
880634
912490
3300
975201
957582
356627
923993
147093
978231
254605
436560
685921
28821
758089
109910
777690
31018
410050
935499
775227
139169
843647
528501
708791
183541
351668
57857
23597
884352
499720
544792
387706
60385
949106
852186
176296
259336
863356
261178
187011
109089
81578
247670
411276
162714
43828
810545
742535
81107
196142
806318
132335
349345
174921
650347
802314
473023
466738
902360
939543
479442
959256
516147
779235
296024
750731
88449
421371
899756
826688
598954
161275
783160
965361
127602
193733
598007
15521
150224
554254
386853
297469
855085
817490
975174
197982
927930
474471
33232
804203
907822
825135
872823
155996
625307
134760
140563
124249
67436
845406
300783
900032
859773
1855
844208
992198
121239
729551
319072
886196
272966
527410
718422
762515
452121
446823
104900
447459
941302
246676
279837
951364
18263
473979
885345
744184
914469
215628
301254
245248
321007
831061
470852
24802
436423
668629
887485
376076
916089
927150
630728
874643
168553
60600
446745
192724
572744
64626
149390
583099
305779
310035
484312
861154
191080
189054
163780
664529
108069
166293
764965
381860
4063
668709
319840
45386
539036
945663
177876
593193
135917
229606
910756
720031
783372
81636
284130
685604
576974
651959
771033
107403
574596
146537
170487
34599
981684
262717
377749
721034
237103
420357
880357
459881
799183
120145
313783
63003
699855
871809
29160
80576
106247
818428
428519
854527
433602
46137
663269
842855
801917
17402
376153
947767
941311
139097
973933
883641
634448
986875
706504
39561
436695
710817
498425
982067
145107
300765
113084
779706
46774
63777
510125
953269
800857
316531
226246
1493
99040
198652
685782
683457
799852
622464
559937
775778
294454
624873
117358
238138
545679
418812
357393
986415
560625
213741
167956
370470
857920
785549
452388
999499
669219
738913
160855
932844
96634
568719
484661
948037
51963
616114
709162
170839
774508
436300
49478
994801
620991
741211
414254
582288
683845
644484
406883
485026
1808
148972
611372
630247
108778
615270
840419
250416
367275
48710
232090
745418
889275
339604
467624
259508
595557
415709
85011
677707
506451
77923
533915
13767
696620
812980
953953
984286
930887
313816
607859
243590
911498
677795
66165
18264
728931
42859
697709
465616
911395
242836
189482
116529
1010
23623
402066
37509
941171
614273
19335
64962
116917
504071
123509
705608
673938
48888
602363
271751
249960
575355
68532
446206
42673
741270
743201
33182
453058
212704
346997
367181
168989
496719
322684
399046
851058
403307
616808
365149
678777
348324
616825
181920
613
599038
565000
668250
957445
648362
478449
318641
519548
381041
864923
322287
992155
999305
117926
214109
940824
383882
212591
327179
356078
118714
717442
183469
950800
870596
453149
50528
517067
196552
883677
882506
662391
695692
249416
637534
427353
831887
501110
126975
546840
772094
590364
114044
99610
390272
501942
522362
802171
380652
68625
964143
541354
518938
201714
24906
678047
565591
401638
704625
485948
248498
143335
109922
493952
63859
296296
670010
499298
347308
493566
536404
649360
273383
256810
536714
261635
856766
283975
433687
753662
390666
947213
700445
340708
877811
654783
832321
974132
723623
690487
568372
539490
922854
247244
497293
683347
231801
463069
92114
565556
703362
939901
179542
95735
981487
165883
636860
304619
495689
32972
482777
909366
441385
128215
604152
282418
739785
937565
629175
607522
808952
452995
190478
974096
466535
780286
389616
450052
889505
359770
637450
592290
493656
135591
679592
49313
310298
648064
979895
370788
5283
172473
230821
268214
485835
141732
708132
460903
241376
87808
656206
491069
209614
862976
821731
894297
170683
512179
512493
929192
174128
612820
801412
327234
513265
153712
381166
338210
168685
255280
882846
412098
974736
229698
103581
74259
388598
983016
482822
344790
715323
38365
296555
147546
529582
914591
692758
912018
849188
359902
513130
897682
759272
595775
965671
114342
285904
107021
486924
309967
991915
821629
558102
17435
52502
459676
5351
602336
651950
438231
335298
291797
478111
247527
277619
32588
245851
137495
8267
311696
936039
145139
148105
84119
653455
141839
256341
122660
612666
709361
276453
349116
237848
977500
491714
929410
440823
560441
97765
332977
9525
811940
974587
832374
575376
852433
277000
136744
864729
956378
792040
710501
426952
764646
408816
967754
89832
78071
106610
443790
818739
780111
567455
191932
638776
80896
576071
57995
170872
410447
576509
356507
309201
92484
959894
562062
63506
603729
288848
895873
286445
404060
513806
373734
923466
221035
130177
546751
739576
421227
102115
956409
87102
851741
324573
256931
885328
438622
797257
405769
351261
668113
260049
780849
747141
322859
311286
318961
249128
970458
361581
929707
792858
642515
468772
705191
37682
582839
733218
13771
467458
428001
432652
59385
621025
269454
59587
288901
647779
657258
611371
169874
615402
106163
692615
917576
292950
958540
852352
551668
210072
477152
612357
605115
956068
706609
520779
392700
252292
255932
352821
629762
862026
725131
822864
786402
180958
73815
862901
600439
545781
734935
104465
239224
542242
742697
412034
922611
596806
463516
419095
939624
914468
80344
161978
264005
202831
88491
565418
179577
821124
700592
33952
857910
955156
228510
840339
76616
130106
662890
677335
561613
906443
603034
677921
770320
275851
125288
411685
698822
55003
827855
29728
589476
366608
522548
732082
923099
587296
159156
422179
291250
674038
492614
476550
663102
3621
789325
329850
204799
239928
302781
170509
138074
954472
604903
452028
805487
118375
993570
636502
736918
292057
937944
240830
581947
834594
45802
293583
703763
383066
169025
799386
455098
67997
248306
201738
136939
688960
563789
741353
654939
553374
901315
529403
775410
790672
424497
423944
322535
903610
578509
287544
767286
833922
704748
529814
676481
973916
82669
795639
21121
948993
830982
786292
189927
536831
508009
397522
870035
764905
77202
904259
120624
8046
211888
173638
364650
416967
755821
631273
457677
180426
796508
513454
350139
779548
691902
896460
202889
196355
437617
945868
666744
734426
417014
450644
590539
939997
901725
989569
420937
508644
77007
473453
210513
568045
784120
423632
325077
869906
683919
619074
545397
856665
14787
557662
243896
81770
920067
458051
176169
705883
315050
587444
134284
623592
855558
930719
963708
326398
756932
587707
728546
364918
47481
43594
568020
730207
632079
185598
62535
15156
610442
592376
396978
5741
809718
194347
744578
277489
203823
747231
663731
106920
419468
676498
224210
1199
440553
567417
279372
544357
570256
141156
137521
263138
964356
98687
179723
924552
9065
493300
348821
32241
956179
545070
461402
166407
714665
103801
738028
441651
632118
36165
277693
934318
353228
340042
87709
542707
475797
596229
185808
823253
404983
305952
170955
545580
260131
113583
712459
772779
121979
33942
141970
265933
473565
335945
995968
485102
477137
249132
788554
525110
646667
814361
952281
722992
570077
370687
353473
791225
80060
944679
807324
977427
505260
651922
563203
699417
94731
974399
457384
371789
534008
661641
811283
578573
172638
192044
380919
508069
338144
832616
973104
432637
198499
874558
395356
228211
208050
547159
242707
975428
443858
909764
426052
901859
97763
647264
72685
667116
738736
1810
917174
886194
572307
378671
352299
970932
536840
28348
829333
110383
820876
547729
621044
968461
986097
35928
210586
505659
445441
777141
930534
548696
116173
104384
626140
657417
213841
770093
973086
993385
294661
325965
320329
551390
809538
624429
941103
56839
770511
907356
208300
976657
992520
861771
930279
71017
902506
828173
857255
174859
154365
516861
183055
969273
389982
218366
838392
913288
150056
561117
775465
936021
465407
995092
425781
116436
164857
679336
962226
584328
787176
118769
288081
153231
235400
914298
456287
366165
884162
9150
149911
58729
691867
78419
273505
783404
168700
532131
667435
11685
243550
835988
308643
446002
307922
625033
705550
664794
915242
958210
506696
548925
294919
431775
618904
799212
589376
191426
379375
460565
615852
494353
79294
522839
923213
279259
370289
433140
415065
310354
782859
324324
958758
642550
350623
758662
968625
142227
785000
874866
587914
255073
663814
484265
687968
196361
384789
845486
21797
168775
259308
200686
539293
989098
369327
674458
382729
332217
426130
301718
597290
333808
76522
165769
936116
606696
716401
723285
756881
838676
842902
592993
501454
393767
962943
828497
871846
741139
688796
467031
203305
730285
568169
573859
266889
228780
544704
744950
248577
594065
702616
450900
168611
474720
736670
711128
417532
859596
831406
194721
461861
487664
687342
977066
802473
928122
961863
951672
476494
398178
560577
881452
891074
588376
194235
509560
331812
307388
545219
364654
807915
234503
344920
243060
691255
763143
300793
307092
470322
418951
343081
294256
843938
549453
824130
854483
700047
731580
566899
840674
519307
275290
748184
575281
170723
545388
625972
518962
245153
548670
654478
988424
350458
534719
395685
73465
281243
45896
10832
787330
718731
635261
701751
634373
336764
594316
201064
101662
64884
989203
466903
216211
972499
40862
781237
791081
338368
141901
172459
554835
438452
178132
8051
246342
585122
269917
538963
987304
344770
652872
598072
181222
808505
157522
165163
961829
571047
528147
944690
401424
840716
275361
266309
634384
296727
103315
301995
278810
674061
211744
994738
742433
578707
308773
481415
896045
321560
139653
217911
341508
119073
655914
501187
74116
411762
833130
419481
346386
461846
519046
805621
956525
304076
452044
895572
725980
166478
188636
118736
184070
306302
274823
977373
912480
703344
374803
608286
249280
772878
798491
966181
965777
955820
167763
383174
197407
481257
192618
558550
9874
732030
112008
530949
933880
587238
587447
491733
616571
972394
894302
141494
873585
98760
385703
509056
939730
145919
846402
395084
716421
221370
418115
662128
401107
474391
553703
179540
153789
463186
515764
195957
27944
417490
142718
945206
61174
500496
793285
170846
386225
835488
92220
523763
962977
850078
852709
554352
916349
994358
810711
100389
243454
141903
915169
898604
375886
359573
944905
412675
84896
341153
155501
353611
508633
841224
388491
56540
888747
362877
49692
819587
193667
914659
824411
6681
928921
359283
798307
699905
516388
110983
448310
524989
965040
753729
161498
439085
686535
127258
566365
521126
179788
605963
737530
646635
127272
85521
887508
256971
654811
321505
981535
680598
603572
258792
531358
181757
760092
59005
688134
459077
424012
364966
859586
234216
102879
62660
794704
109512
152193
18204
203016
971408
387463
572930
552317
146666
687257
383972
478844
162326
430410
326576
491506
538798
316680
919459
805802
923379
741551
579696
635891
34706
756600
328457
721183
709113
276366
717196
658280
390929
392193
761677
709358
319319
806675
108668
142940
443354
37168
109683
239720
382739
704187
176735
991800
603292
331972
189960
446498
92687
826966
947070
258636
823932
584300
152418
775987
429894
960451
551246
776647
964186
939210
114338
75506
249997
796150
189036
314233
96850
46450
519795
398267
96341
345012
23840
459863
88374
348139
457802
586475
123813
111572
579740
242551
962902
26220
553317
283999
117153
774016
777276
377999
275578
364512
203598
438649
305864
925618
899270
305082
641315
741218
259735
757978
488111
586167
144361
543666
973776
760641
281629
539496
136200
827566
116287
459094
64500
861309
848711
241353
94688
46282
866060
1125
348866
418759
580806
879846
273178
385611
781630
702145
44836
858372
42004
81321
959222
191177
522989
40109
333180
799946
146999
270078
674574
87401
813594
307983
446891
748577
620028
978453
973589
181028
724017
813550
872968
733955
177022
904606
223768
950663
76168
196596
622246
749149
117406
919627
750590
804717
284640
873900
619985
167243
832138
679825
876874
985990
421793
610564
136846
962015
973304
558950
490645
266132
393631
752012
52384
410137
419561
839620
117270
237736
309017
49589
18815
700975
339048
49316
336924
903400
422326
482259
743328
40263
354443
739332
622671
548940
146824
279067
298482
251192
394414
205025
504500
964572
84170
972389
962205
679564
283836
495037
222056
230643
290147
818986
163202
419457
665960
223577
202274
964351
308003
732806
166783
413058
886701
763451
887539
39678
958787
405431
985834
667506
202259
909033
891398
716161
856295
736411
920595
4705
956907
579372
965858
870764
40412
925622
611396
117972
645007
595790
386084
266356
179163
181865
928130
805889
894309
335899
848968
596255
53318
773179
837194
65168
145499
940643
820703
188039
989800
993364
849494
802779
469033
412662
670487
44567
480887
833660
56152
283758
299732
876646
927096
261643
146771
382304
100028
923527
823975
860872
845411
194356
789574
207117
995175
535126
982777
769267
158931
519537
37955
333170
430780
440574
420587
6718
167197
637431
116904
684962
678355
796881
193705
293830
143153
776458
407870
80847
106369
552856
758694
476581
472408
939969
585013
829712
550293
30088
337314
332923
155446
848517
597675
314331
989014
19342
742373
378217
328839
402513
549796
998475
565768
496772
122818
187281
161699
651443
848720
399514
512230
507000
715415
301463
564539
302729
835849
737063
242982
955179
953225
558882
674907
115717
249940
32434
718714
880911
453194
647131
999016
961321
819805
307290
555467
167048
243733
407019
384289
792587
918013
422885
316670
259692
236013
754881
477984
548114
859701
999800
74672
335234
709859
910602
940312
117878
248754
612570
219963
322118
450831
982454
321685
135683
289289
475189
692721
967907
184084
895610
750849
563862
890617
351253
6557
593463
39198
596040
415515
110302
831213
116262
726343
594898
685028
637399
110207
871580
765881
425977
313134
644918
947432
751521
951395
895074
709914
754623
499085
770456
39795
589535
774421
172183
303289
896076
695000
36189
318556
168207
346432
745650
256230
306965
951550
333598
296384
501358
399205
774906
563998
681522
711014
382116
742088
647422
147620
537228
862854
622300
406003
553067
550376
923457
990130
426772
879023
888495
602562
762402
363163
746683
452578
626833
889874
294057
260585
196969
491690
272371
647135
47125
62099
904937
420983
760658
784996
856498
331501
647619
317568
487024
63032
536161
514149
620673
272749
778255
172433
613794
459568
217547
79057
26671
973079
152193
193191
725830
964636
324922
246167
635017
333375
802673
411086
629377
455542
504070
513392
236640
428562
194124
959804
495263
713456
928061
316062
348102
339544
542861
89298
228106
931061
272411
898672
427472
222321
179396
815448
864208
60141
798034
879802
928981
523482
181138
477954
457376
436407
807043
962719
182828
222887
916906
474671
659917
411822
958339
440713
330418
703496
693778
545382
31881
864742
649559
271020
922113
6661
556063
65945
786475
120301
209655
681736
268602
875460
13436
258403
497641
408844
551054
714982
790907
529984
49867
832094
21446
38583
385368
992233
975312
386657
842817
341956
430741
298177
794554
101543
148968
525654
829726
751867
379634
752684
34485
946908
447505
864114
747109
75136
967819
306602
40568
872113
315696
126265
197510
865270
341260
112542
41855
559440
903238
568639
342359
154976
927769
40927
512526
378726
993644
495725
669019
794980
243919
948406
714420
833249
147156
387833
785469
750601
241544
609179
491723
749489
182861
512561
214355
458937
45333
682747
223731
655882
827069
772465
918621
827647
703108
234612
465500
878241
954086
66983
172356
255114
222105
759191
143034
22698
949219
833045
850653
260520
605078
374693
525968
257888
222249
48015
309670
488971
366197
575570
335272
375548
419017
608568
907397
228231
222634
121093
210135
563900
524266
973769
71182
761361
669155
990421
977979
348254
722385
539722
625915
603009
800393
170381
744702
140321
329370
26966
207987
853968
943679
317352
447378
833738
838781
827803
123397
839450
967263
741077
725940
888348
947212
834391
604140
957405
401794
43571
524075
759262
471793
969820
839242
724024
172022
723286
579975
746009
434610
199884
99374
324652
64711
732608
900836
710103
44655
114844
919120
718174
315896
54504
804646
197029
151392
780181
165201
296530
125192
958518
516797
144401
510424
699086
687038
218673
472688
571652
563744
928555
486662
524211
580940
392899
937825
767774
283795
303368
715057
968577
895898
86389
287496
140162
762146
915770
89273
894406
683123
59988
896076
708897
758437
824665
46427
137829
977099
149200
751820
150107
143420
343932
480107
341264
233279
640186
358626
406214
67410
963456
195288
280460
74327
164485
786020
954728
600348
583935
180269
948144
252038
863816
200544
852088
544985
170778
444556
984101
536486
910777
68765
403296
498129
948592
818035
622886
900733
687411
122526
357821
419479
100707
54712
581633
233212
668529
671775
850909
73352
998234
606798
593173
75132
552528
166424
628479
560139
727097
125568
20306
207873
181264
681335
316950
933968
381034
620723
62395
24825
533331
83176
388934
421524
736023
701861
406246
740603
796
433742
73253
236249
103980
394610
302778
495946
868689
390344
22907
978287
590745
721483
125871
627154
500537
830127
657281
247280
576206
271230
202577
165159
507070
474516
845093
234941
817405
675379
774461
487946
718764
524804
13060
218372
382556
248107
704162
88037
738288
317573
537006
100027
780895
450561
149697
622220
319321
416408
398886
248675
681601
652330
989741
155259
191001
42039
879519
736007
757308
927478
504267
414428
631940
977813
473663
191740
149835
137230
658771
636032
168463
883747
505503
582177
765167
650038
965964
360291
742994
21063
942728
156958
820647
424138
364819
798698
892294
339556
809015
296166
801781
136066
864980
36325
562695
70102
113049
433142
285408
155695
414095
691407
728339
94900
796367
265749
106988
659389
422420
149131
228553
137231
153451
251924
59683
25777
215111
298278
84843
835183
241009
736845
424207
820075
739420
115609
480219
687066
27670
581414
840060
228898
725403
666822
387489
353038
832900
212877
622906
148780
439325
19512
9250
293060
957843
749882
320345
299509
395788
774565
883498
150125
328017
494962
747052
287236
709542
333549
69539
28534
415483
635519
106758
929659
245179
825305
192219
818117
516033
112763
340735
961558
517226
798046
923330
388155
377093
68868
815662
257128
661095
452058
488680
172081
178780
191878
857392
352355
840056
587219
804483
687165
896523
402551
118944
307150
882482
422461
783143
482860
174218
92819
353180
401934
395392
157490
454091
469191
251012
349285
660486
17888
50844
385657
310474
268752
593045
216832
150464
469786
130772
356417
488415
749507
847306
882751
997870
692847
299206
678116
528551
185879
224228
833419
923255
938601
602723
92007
272163
588413
167124
233426
907524
855983
801071
887478
834163
441373
273152
99346
246847
669118
183294
980906
69979
301789
138044
39054
309013
552370
474361
933700
237441
984795
761426
506068
583284
700
708375
271793
407340
199408
114426
933119
143245
903210
193635
108421
779718
898477
908321
674097
643346
388708
921980
367810
704603
762142
105702
536342
267513
896106
372560
188112
488343
885899
246488
629669
2038
960793
432159
502532
922635
217524
570937
105312
672900
510245
315518
705627
35433
733202
866557
903952
166429
916190
529232
282301
476547
781083
27979
283467
436349
670317
294990
237564
766735
417468
317818
717488
263714
955477
905600
417044
283301
421342
54293
532136
265422
779444
887874
115626
787390
118947
13975
430052
159363
537537
984127
650191
752247
1127
349487
494051
240837
157965
40249
161212
505675
141377
53245
325866
464091
278532
890878
755413
613596
649601
720594
27147
356622
174507
488436
11496
553899
765169
370676
910881
726632
613217
848077
156397
972187
737495
925207
99088
41270
941791
591059
25221
967729
910255
357412
377287
653126
62650
568669
589884
779350
822834
393589
727807
844969
850717
778263
914760
834003
636819
795926
924858
39089
846545
137470
11913
296083
648765
48838
129286
440116
877111
930977
965321
611876
644696
412915
434234
192839
148170
349281
392956
776502
695044
674817
516022
476483
94752
154545
827774
562841
515674
444483
374500
16514
93607
796182
761945
235651
197808
818560
900155
729122
496042
870631
226174
203592
790611
708079
247416
945280
625930
670925
148360
978143
44555
33146
439396
691390
870599
891396
569919
893667
80028
899390
257875
521854
783606
967640
229840
369615
717121
934857
715873
54629
683082
102056
873559
508032
845681
997659
640308
744984
697933
403046
854294
654839
13148
779045
678783
641665
122213
321173
846845
204948
957100
494156
556090
63690
848081
317705
855010
301019
297158
417510
23084
206432
4139
99050
365256
177330
16904
585467
347939
897713
81318
720432
487770
353440
368010
763525
549241
506798
633231
307560
180142
270608
359199
729648
939022
461321
842318
960877
362883
729483
50131
591130
723730
543095
405027
56303
631237
188289
12652
827347
577529
865583
311915
484271
877574
647296
10090
798302
80006
209385
479898
373632
249924
916987
529096
560238
103427
50784
91967
764359
214376
314820
7483
989865
264837
671632
726917
282108
823234
23249
998512
988776
457962
396727
525678
806566
103759
97786
241743
349684
13403
330839
884440
187106
195957
228472
383612
709258
961996
173618
868346
510173
903747
721000
131218
628759
854649
296333
813285
375124
861044
368646
942376
2685
472745
972141
237828
376219
740330
169010
477006
986380
997228
812444
334622
20690
135476
625389
482766
206537
850334
984548
817873
918769
552330
902428
638765
194281
194083
560338
48278
371069
615501
589444
901289
869334
454763
697076
534465
615632
591754
837452
96698
519273
712429
52763
685504
733140
770357
170429
99026
118765
781101
894745
256665
792328
350640
407044
376287
52450
661559
883396
166446
26297
19011
721263
664838
21816
793443
895153
196473
82634
403491
703851
713447
509583
30737
208633
756306
627308
112877
681932
677533
534653
487148
235894
719270
757926
263657
183365
858364
627079
816937
612486
199551
169421
812745
722027
660435
366309
621958
728775
399424
153868
935529
734645
196010
338178
303821
310745
517031
410653
849870
43006
912770
579386
158992
272415
19724
163086
133545
789889
683161
693722
875180
135933
858270
157117
57875
175900
378661
255267
635080
71322
764010
51612
75344
989261
489046
257735
551573
164575
613589
967341
956302
350199
667158
331050
3981
336375
919582
702021
12836
493982
868682
494689
662645
457548
534623
947021
996053
871206
511439
200758
665053
242128
851659
988540
248461
9687
257599
940641
847324
131313
319151
200094
169248
708955
538796
151888
368982
728802
308274
128847
411407
2046
531809
318816
216056
554392
190230
209408
543108
830637
61222
422624
528376
607690
723255
819441
31954
294007
810682
493397
602199
530608
307656
814452
907512
483086
754776
954224
233824
358149
153947
701488
741213
948358
168308
804185
740200
907141
996119
88667
66578
568277
777469
653159
343181
143791
910337
229119
352981
752337
431323
613925
399225
54147
951670
558325
117066
92917
680943
528399
300958
628804
221356
65388
223873
433435
693847
803730
979386
134198
178486
454498
574453
995138
982377
391055
117522
667616
736831
976297
988361
795785
724084
437399
53623
284683
827915
436643
267786
267442
788036
576432
488582
484994
789179
678598
28721
928
536925
875662
398561
798416
714119
450073
860704
355288
658493
764698
226489
547140
831235
575604
230946
604035
728795
819310
379461
644143
394332
897668
537645
361514
70764
905815
405514
835555
3546
964100
128416
115000
74586
983953
556178
513782
715422
850051
741895
941307
605453
393806
742006
276733
858530
100964
660820
698915
306468
143535
313303
996241
743997
445337
697253
159745
988666
394440
294942
35980
231006
938088
293827
880009
538275
209184
476033
512140
697806
297318
734238
905744
244142
925806
553343
850159
377137
525181
828563
958221
291426
567645
875040
743573
46914
321385
371176
778139
925314
984840
541687
234977
662171
794422
28492
587701
811531
120382
374370
607991
503981
833220
756313
590265
424563
54206
889350
516159
46402
952003
814420
804709
144553
858620
256789
997472
617727
31735
195817
372573
38489
613082
452105
360069
685861
285172
27889
245090
730535
804399
385960
74267
594253
888290
403053
761499
44656
15491
213184
913168
377386
580601
830345
384400
45710
116752
363433
758677
671304
877254
33948
141225
759506
487106
728328
967709
357328
122724
487076
60659
211082
458167
96392
981595
993731
435651
81869
102938
574714
862336
420640
37575
866877
46181
181608
403696
199844
155357
546641
170777
638833
41371
209717
584804
101762
397829
313255
634316
309936
661643
122459
878539
911112
220251
589685
932188
220004
153965
334508
260699
843685
117241
378267
74760
223758
362185
205860
955818
131328
121512
659713
751760
302606
2170
996521
929907
102076
445093
700955
244535
375385
634797
9225
505616
170614
918110
302116
191809
155138
302114
439296
210752
861891
6258
863204
547318
782387
787689
186225
555106
479413
1524
920365
345501
295090
17702
190762
555448
169365
149224
715927
918529
229151
136526
361827
666469
585191
701828
907721
798127
61682
54375
297213
951087
356587
367472
810097
424182
269951
459915
660100
513469
912727
105798
963528
371493
96563
1189
840366
386008
500704
42834
855888
287439
679061
111025
966619
589614
340656
528146
977303
485386
59336
580032
82005
162506
729454
976054
410676
481515
113669
722993
152911
753629
93947
151009
800198
343563
815267
469433
575528
288248
855665
164581
488954
793413
462737
702235
590247
999567
501412
498251
218179
683573
65752
485360
494269
743415
374114
576776
102177
108153
585627
803616
954760
768295
665396
772617
515357
235891
466135
815719
61516
532346
496156
65895
130696
435909
655461
559888
72889
511276
805143
693043
938369
301204
426933
163581
590250
247832
931930
751339
859374
330117
36499
281052
256609
48832
801175
20226
224767
601667
548388
172274
602766
256516
968183
137884
608304
124342
685031
490708
364551
44840
345886
665934
58820
844
848245
892713
920271
131987
227947
689378
342733
894131
515970
805929
198544
241610
780215
865040
868961
88092
605340
695328
934434
931129
950995
483910
239203
829818
924329
33067
213508
158953
567180
14881
997250
807296
15019
357753
438111
2250
825000
147121
931954
537510
867580
31626
473800
290219
223976
271928
749750
991461
664852
276211
485373
309564
78982
628715
27608
408629
858176
409496
412260
822866
954294
677359
1900
822997
709994
920752
654609
638947
643494
760668
550226
702595
242966
957957
812158
141829
707903
669117
387571
470207
465760
773168
475729
444083
216483
256846
712001
708492
795200
17120
597531
721543
356655
755516
258809
112559
358727
347924
464086
21504
297464
677736
955617
52013
221345
487452
339236
86590
619279
466148
154060
216273
277524
701915
485972
221120
319807
303987
961362
895587
284797
550663
58718
803116
911243
482509
96155
243569
169943
800999
509347
645831
914547
544024
143315
912137
119476
230420
560432
595768
905197
551216
192756
169980
440451
897848
697017
830793
203117
44895
873281
482589
431947
892305
780256
588453
374175
366181
478470
512896
867372
671150
277997
810331
704937
709936
927579
1019
586722
137072
573588
858329
968812
353125
598688
307687
433731
87946
347060
821233
244354
599637
71744
610207
498877
52353
877972
657623
340670
892168
467120
894655
754907
258925
97062
710496
46961
791925
569134
117222
390591
378421
873606
750851
586529
784519
435140
505652
664038
532438
179642
668892
289361
338329
204932
611468
920937
745949
171248
251300
938621
822586
36043
542866
471352
845799
342596
985785
707164
68650
451455
498670
291166
86952
614713
956828
391710
298778
492947
345863
912770
994400
141117
286509
299822
769584
460928
698697
27554
314919
378087
663537
377839
799424
435531
48479
660247
579042
769594
624140
707840
650003
998724
756856
851285
182539
588577
199175
862970
344547
436034
96197
405737
844524
134770
694218
683054
392860
548841
515001
759163
474980
249774
880290
489257
798237
715045
381895
812940
133728
253116
769724
812721
964596
28206
546471
753846
738018
19827
974951
977094
901221
9605
148882
508785
977470
442574
981142
980068
321955
116083
259392
572873
87959
942903
231323
701566
919253
957581
426353
863210
835238
296895
921005
78338
85522
344308
65120
374999
913651
430241
919650
752088
477477
314447
986129
627628
797977
268996
528245
621028
101321
212817
741828
729633
792070
781944
449
360642
225005
738487
229502
151367
977144
593397
999363
539911
825520
283400
550087
675146
267712
738593
157339
520260
59941
660245
800294
151855
83970
403400
554379
137091
711760
643512
430119
482709
460979
742819
467382
617226
202791
1494
460309
74486
697689
129364
775330
577365
121362
49375
958015
149604
348558
592678
927542
91421
688427
837834
510390
668558
501181
37198
276412
374229
703550
398363
8525
506
200803
392430
875231
591977
822729
904479
936984
975306
920846
310095
328878
735999
900221
967276
125293
613433
499297
773475
485399
97079
883194
35876
531237
769181
765838
666891
523372
679789
617046
455472
411867
190692
626841
451084
993120
559731
802391
631494
425643
495256
855963
432985
187467
423513
973620
429540
242164
562269
525693
478671
893025
290151
633367
241876
259094
478831
106040
733617
448319
189151
432605
597481
756852
840423
194587
941681
342814
25597
368915
912894
59059
937205
823620
957801
530845
898168
478779
440187
676728
916388
609381
129243
698618
992960
466309
189521
22510
311514
469312
250486
145177
823487
889750
762490
912445
527063
196011
830994
282107
787546
809475
707964
444371
608691
698573
413616
139016
165999
511062
237157
210783
759010
469854
473660
179717
984407
332872
372109
200592
111345
865322
101005
846942
165602
868357
245913
385690
8519
973646
872161
39645
276383
453803
595635
874544
305703
555001
749667
923312
783635
173002
963541
43786
6890
837164
796903
284902
51774
639012
53245
93921
323463
422074
135978
643314
981468
508270
18359
330222
769613
218184
292116
253670
78431
928717
262297
843246
678821
830733
192055
586169
955703
749018
645887
725024
107858
722451
976143
74241
530764
256798
310933
806276
149042
740788
98113
197945
423616
423637
894475
451997
80763
934813
360094
913148
88431
491887
148640
598064
223553
13901
609758
896711
21488
878474
894361
370243
88876
901078
994087
694650
379347
452857
144328
650078
129988
447899
959558
952407
658210
819199
203335
939596
245415
656592
702963
770113
845154
441364
840764
931738
734798
77501
935566
258558
334289
952542
687957
420951
147406
259003
913445
115637
403367
410681
646603
46290
35986
333172
217966
846128
592214
988719
55072
324447
745315
581286
403527
703451
111692
251520
554914
626193
803746
403681
965498
180866
980974
829531
234408
426561
175050
868100
792701
105622
401500
154018
658705
144261
795696
946563
376555
621161
795313
780778
912842
398329
705348
733219
107278
37548
991298
170296
235654
585529
360656
808764
860311
557944
312476
355780
431493
565412
759093
342966
513953
164865
494663
96825
456527
223450
181234
617676
578931
93860
365319
28467
211960
577151
772575
303307
683196
779674
935063
640959
492955
589109
678315
156115
960087
15618
510702
754077
533857
221349
50915
475732
650183
797083
858428
412545
17081
364150
504108
515730
362489
331526
275755
881037
964255
674836
634950
661282
925702
844936
703392
668825
505559
282666
454089
618794
719151
968069
286520
686827
675952
102951
792168
185060
564705
377926
705293
160766
801731
612669
64434
615770
984817
122995
215985
583103
860530
836061
85070
29739
425119
265369
186608
430730
181483
273147
352636
431941
601236
708709
679567
317553
796709
130895
44312
677736
295333
721895
604561
586037
602080
572114
709720
156329
483151
92560
495278
639434
260134
748285
305354
215915
864827
223091
695707
960279
964686
461581
692633
360359
513209
727879
956423
981747
871285
188097
108615
989861
958150
49890
19353
206761
386564
200217
565170
519680
757768
205951
177781
74484
227695
463577
18384
717862
552334
198393
759414
879619
382514
963331
979700
172181
199058
97293
225074
856054
544532
285152
731273
675231
34104
204252
828411
690718
660645
516407
324499
185318
388430
919653
190234
364928
38721
245012
440435
692128
344332
425551
678804
952274
526732
266370
583329
213267
688787
81309
500583
334908
522485
490449
400881
389657
691567
846199
352459
938904
925813
999568
843089
524253
507479
205927
817202
597747
666959
179475
583815
844892
772969
430872
169994
68041
504271
75053
972596
53093
223920
298585
36087
176587
463693
824631
480085
753305
377248
188184
594267
890588
717609
378695
160830
117482
824214
319271
267152
301327
126158
560313
976863
766367
664218
329402
829803
918123
821552
195689
768833
362190
688862
594215
203128
585639
14095
952438
462279
814625
639293
421220
819778
634797
480820
48833
958127
627857
287679
176971
724169
953050
22513
970987
536528
606893
408401
400088
591371
847612
993251
787482
69660
148500
35215
945897
408382
32018
341745
159028
931677
570294
538876
128061
869265
243023
219915
527073
794425
901782
384390
742709
339696
676247
830701
105868
440367
196298
690116
190678
584511
234688
862619
73507
139032
807033
310073
178693
370395
810386
560357
901650
295593
54043
843024
842312
907678
326599
52066
952076
394350
853245
41759
24267
808026
613643
864246
906497
798286
570362
837606
933784
371546
530812
48141
417064
172427
110210
997391
164765
171110
597738
809311
933238
703744
768918
354989
77034
290557
929752
306476
656357
749091
995913
231871
845360
300058
588281
485823
689710
62082
875136
795051
237954
267761
991155
487277
923470
526151
880690
577797
217239
732784
136735
869652
34052
608950
433705
509511
531973
450880
467462
206174
134929
552812
724863
50136
878727
529860
662949
44605
401910
398239
743777
67144
246520
873815
418857
786414
276409
87202
670287
401487
616213
233231
335603
567352
962400
645663
941977
556563
835711
868798
744277
63404
348339
683228
860835
657824
584182
663149
830483
86244
603582
282169
404065
253871
751326
725472
83171
86149
746892
525486
703131
295906
296189
168471
591852
450943
784492
666255
668010
42691
884666
62280
338058
475721
225840
919113
747896
117706
597216
391272
922696
191783
743465
572068
971012
786518
355992
737057
265892
249126
822315
202944
79643
872048
665650
33562
565262
452636
70543
415258
534368
913549
200668
144308
581032
133802
502955
767366
842564
60874
800552
298057
35719
605563
130267
189748
306637
475888
397834
180461
498032
465092
106236
932332
22739
663663
38999
716271
625627
823812
19051
73940
746494
332260
467144
917334
971187
597251
922697
363494
176457
279380
231796
941221
533716
41108
579577
895548
162946
392560
501080
974233
712203
309332
772832
974662
254023
30482
200658
796327
168025
890475
251108
344720
66953
733436
469409
50625
180976
682119
58605
128831
859468
215453
608615
128528
692915
341414
954535
735634
310309
108429
470503
540920
248762
251018
710333
369954
895866
181773
195974
171992
733643
213892
696415
856868
527749
978569
409805
278537
398242
267371
181308
566563
103633
762071
853541
522972
54825
153700
701832
289032
498106
655800
234585
941790
326720
418713
964407
859476
52529
676500
574423
657622
932726
120260
149311
275554
780406
296127
881647
747075
846221
778467
165146
36519
542235
992824
621841
508127
66937
491266
412289
946804
917127
11302
580051
96160
303009
462966
641585
370224
302704
429339
572201
810420
722140
988382
302058
986911
367775
872083
832490
701506
701173
89890
372906
995808
684080
333939
312657
571821
687335
473333
794997
794728
945166
35724
66745
245394
331106
708757
210768
992777
132731
193303
583584
728198
903299
4487
62593
748080
600901
94327
317028
936730
476511
588445
227793
989280
695698
920316
664968
244313
473016
788465
676041
462713
394389
167580
635759
50566
808005
790569
748408
357877
19605
679034
538976
174433
523758
609651
767786
717031
488429
643745
10368
235872
549838
106440
181746
687612
835078
622663
287770
38455
50351
852330
476192
290299
623646
605324
881562
418450
449488
610023
32715
833414
3715
921786
767948
27160
48226
479765
713865
545497
42136
493892
609058
309991
992966
564694
338289
224264
147919
644169
742379
748124
487504
270803
196831
328066
570797
432591
664540
444810
375751
325187
196016
407570
525834
997642
121802
669631
335138
747171
131393
335322
863949
502612
25198
824132
577547
518140
504435
932887
233651
239220
722463
428507
761568
382945
270378
622434
617288
559130
740379
86017
858028
113392
128009
294251
655723
372958
97469
221163
898994
74958
895671
141566
945550
748742
468296
55306
116386
829485
478876
63487
986548
197886
491866
185609
415073
240136
631524
401775
568945
23007
697145
464331
820869
547491
986234
486310
617709
635754
220938
29871
76374
554701
198030
822680
331233
460748
705747
407886
529422
827231
638415
768211
308503
739866
714496
98553
921689
566971
456753
29564
658349
494035
589083
417853
743766
614799
392040
932951
740562
860323
497427
267232
895955
620370
534315
470142
58760
370332
407285
208099
598228
559043
277041
614950
698784
755964
894837
500159
724940
674671
157366
891551
925056
203883
780006
102378
900193
898538
315511
534098
89888
804731
539325
104657
303148
556754
39793
766915
218183
912680
471825
388637
26934
464080
857701
919630
913554
8088
210525
906672
953404
938008
204311
500907
551982
110106
868924
485095
28716
16421
645898
889771
622936
905064
309932
24599
735909
56768
657605
180090
583012
498854
569099
837905
224378
271480
434960
926429
567795
127714
988253
273055
357999
544873
10295
988339
514234
970516
537859
726662
792442
58231
352901
382774
58625
357277
512260
197317
440707
53137
784458
827640
712161
85769
114631
123026
876323
186992
441301
68328
676165
572879
539031
348385
827624
521943
709114
973708
184105
684173
383773
520542
735951
796882
915213
918278
688222
675662
593641
573935
623304
402745
586341
597586
42499
400069
394090
590069
722550
371179
226073
912067
136269
318225
800304
454921
323116
418517
57670
659083
379327
411897
574576
451521
965168
578347
339910
62129
384882
822575
977151
528810
921466
910763
889593
392218
681102
845135
800854
609101
574966
287519
958080
601666
281678
667102
977676
883627
676989
717400
653436
917762
236672
577869
685471
533507
357408
788853
416403
901450
168322
167604
778027
571017
228829
240156
709291
206501
991878
94681
92144
229166
155047
662205
215405
247993
311950
698601
353231
33500
327841
518420
241922
506630
12464
748859
195853
511800
461667
66341
593945
75044
353874
246930
328655
801376
193523
611904
287583
749767
398254
951257
692956
141613
8781
895612
4292
38908
210639
771238
479006
363568
698524
916285
470396
339883
355602
551161
231968
246517
27197
572847
544635
271380
256678
254012
737616
856836
231490
972362
965560
966996
143755
760514
665726
373469
469868
183566
432554
40735
122070
308745
889883
23289
116528
102022
698893
369733
376683
857594
519163
376846
575155
76551
899038
863662
676481
134245
61075
18633
600077
304175
819802
70688
556065
639432
662394
354578
20553
926760
812035
524086
216103
511687
430572
681165
607075
707812
126682
44839
189631
848690
965442
517397
147592
29344
150949
783559
126888
737987
220794
487681
568089
567843
779626
472318
399796
391135
58549
747489
668008
464445
415602
13716
528006
416594
971187
293376
261112
809994
74118
343015
863890
180437
552728
317153
779392
937711
734773
826353
41439
446729
501803
176579
613417
656025
574412
257092
216392
521083
69969
618398
914571
30850
695899
58959
737270
364576
736917
292645
279795
273581
129014
414360
267367
320535
277667
534147
336864
343591
755697
63937
273194
694124
149512
701536
651713
76614
900003
9221
203680
70673
469491
789084
129080
101291
93219
917497
921532
366500
91703
880656
339161
205889
382990
249613
738179
344045
14598
358289
275499
967741
925182
623818
374925
221790
677302
407278
972517
615838
193171
729556
631617
3155
384384
242479
897586
895595
403246
221351
765788
295890
805179
224342
885997
235322
499633
475292
810666
348490
813605
946143
731685
979429
600192
706786
336331
615509
789914
624577
461146
115668
10690
521990
764975
923319
243098
29355
487741
787576
603103
425389
263066
11102
486215
624906
950131
415627
487107
304855
704800
393761
637092
523968
82642
43090
93146
388828
552809
994436
402839
895339
691554
492893
951057
986672
387630
414896
639015
712293
194462
420867
335387
205344
903097
821564
336189
819648
822512
406248
171753
355027
837161
610536
145895
317192
225847
360505
569264
145355
218539
111518
859280
979395
886724
610860
795303
832932
702977
31858
925321
474289
766551
116355
399557
318226
254335
366945
3459
93005
667942
925319
892486
363428
611656
735379
244050
531787
326679
38990
600167
257797
500181
57881
726763
796122
455681
7351
190437
133623
999469
136369
275941
117474
263662
698538
672386
183320
33966
840383
535548
4036
134428
347930
59712
124190
748162
814356
352969
63966
998134
36868
17443
360732
585834
829353
340362
115078
176031
24175
388466
413629
561462
710754
928544
308236
928807
351852
297397
121797
734794
624652
170891
21242
282707
995286
255160
390293
858203
464160
829808
876245
170777
206032
742599
355045
580015
595072
343827
344987
338657
145739
240623
281674
345184
565175
893597
130692
687429
543103
237955
153391
609305
370491
261014
257474
643217
830766
228948
993885
656663
687276
533483
101827
41923
689766
466039
559733
724840
762836
428265
875499
21579
419197
632707
929009
96239
133798
296447
951965
851340
522901
419471
66153
145181
709888
712128
46769
462424
683351
535672
384266
257017
695595
345566
200892
747768
770489
884184
98910
467225
262871
297647
99085
940450
403706
659280
720456
454246
437730
316268
177579
645440
213346
464190
559622
545180
222223
393644
653978
625647
747141
871495
932911
233414
935249
511789
976021
983932
556414
654798
658293
884998
595647
602955
952978
199272
364790
788026
103266
146186
349023
659910
57027
521061
870940
433332
981212
149400
453597
549760
342673
801943
418923
795558
139810
733571
570834
552892
606817
930708
634473
975868
411470
860914
130815
652192
755728
912099
899684
762982
575634
199583
988753
116275
157432
579520
70325
63700
364925
829205
509148
759711
575851
232790
699262
537912
606837
325809
556386
610543
929204
708483
627565
948103
733884
811810
202891
703506
949339
463319
775097
14264
587502
629929
746284
194646
756575
847700
299745
207874
448830
323545
927490
933805
91259
226479
447986
60962
396094
929623
329269
617323
381091
457997
201727
430162
250133
2138
876312
419717
619654
318791
