9177
300983
259510
586563
495476
624382
273348
268493
895260
575576
348578
766621
787227
819003
981940
895653
341272
15974
336160
154557
497184
899703
281818
743427
763143
315625
671130
63660
982181
605678
814576
388780
63042
156517
80430
768062
855564
329080
182659
346896
263300
296405
799399
449999
845370
617415
736562
430794
620909
230512
506568
355909
745876
368869
422127
238813
376826
608678
582209
700882
838468
610105
900476
18550
129294
706274
337335
405233
800884
146752
526640
954158
418989
239302
901312
913062
156561
242645
320687
955079
175931
274803
675556
684672
866889
64363
270901
470700
79680
3009
611229
624216
811085
360079
910475
448499
415398
432320
875031
177681
612175
125352
892431
804316
245625
943231
754864
584087
362116
920761
649265
680592
626469
314883
814392
877666
799459
238299
904624
71972
277372
860172
850546
45938
579748
928837
161888
462358
47405
45717
66641
170706
133762
934918
186086
186124
481229
822227
793147
88918
865081
382215
12409
88666
491857
752563
491529
715743
461127
789131
927651
313338
838161
126173
364612
287443
674414
691951
507326
127250
415815
839221
870889
904295
102256
751980
667319
35444
889869
951254
376742
856087
551698
292370
412238
381527
598306
377751
921306
35050
420057
619085
23763
735008
684005
620040
830552
680752
532623
384929
922410
504286
995288
398259
660516
765573
16190
430831
165896
238086
322462
132893
660660
557389
423859
498992
484083
825341
909628
848068
556591
176184
11900
665718
854596
526924
272859
794272
452465
921661
273322
332335
777704
964843
491012
477411
727173
939360
451919
88995
901339
813752
376162
12475
893353
485485
47873
518387
5547
700670
130371
557709
843277
253308
224789
251290
203386
562865
837911
127225
244115
67309
223332
302829
20348
788974
562991
104346
942992
807595
18568
397788
131444
944893
845118
924996
20425
446827
45023
871216
539003
177040
313755
866310
838839
730347
610631
106253
981945
666755
452605
503720
807363
985397
840160
568431
745577
205980
491453
45483
65929
912283
981261
352494
626137
723145
188055
470349
302169
297274
463858
591548
80167
729510
791080
233412
574513
980665
284662
965283
384836
500150
983409
227584
609795
898761
871106
975241
292404
168039
1938
851947
914357
191076
752321
231277
231756
355153
467087
689514
588636
803727
30749
36521
487282
93813
975118
582106
412351
473945
500360
99056
874081
296383
770263
440661
888921
348892
326960
865550
892705
762245
384338
718189
440151
907193
18056
517357
129874
987847
205259
903661
190294
468573
380293
581836
654754
599983
164849
248157
949670
44672
25182
385863
56337
536016
227474
239164
826633
901987
659275
364244
66484
257577
451489
182533
220083
950095
86343
558977
153839
640289
198960
834093
889867
614746
680334
356217
761721
724426
60661
543840
983785
853218
862751
122750
161691
599775
237704
810953
931989
692177
432122
196461
766769
659463
562787
797000
74638
536153
615074
643583
996071
140498
830816
319675
647872
695224
655067
959812
68860
889656
829950
907256
24140
297715
292204
670823
382210
911839
335580
590286
276035
609179
99294
189679
688923
644564
167228
417033
810795
90765
816124
809785
662397
587086
690305
249709
802168
52459
584529
901441
339183
64239
948593
764472
995539
618534
835756
62104
557385
348036
266163
917154
320471
486645
661534
888812
878647
774210
378768
296989
223054
366940
171001
106245
46070
77513
407414
577942
895799
163880
120403
692739
905173
544994
560112
362676
227139
649775
543425
87715
974069
846978
882095
426646
212819
418579
592732
921145
922633
251591
972996
870935
218427
228989
138366
588341
297878
215863
597794
199179
874946
690147
176325
890080
614644
539397
28960
381569
345119
34436
656911
380317
644106
187982
768437
779392
28285
847528
613436
278058
503317
408533
95994
855563
683319
287138
307823
212702
87009
501708
53675
841631
6364
493135
569100
760682
749966
28365
593253
450354
902059
102935
74299
879770
180108
488282
337001
605683
608920
624233
151587
608211
85342
670626
681943
973006
23429
99136
61935
985876
272475
465789
275187
174695
746697
103842
767116
798391
531687
363820
760676
541083
844588
444252
292008
842094
50814
383388
582959
372420
316776
610121
715956
231304
835306
382753
262783
577524
798377
255498
233571
76267
47047
203133
371360
161398
592909
480141
324264
994457
791749
532184
156671
267601
299493
427849
565819
166253
147173
861319
892715
463750
802610
734909
505876
195997
738619
400391
388503
287631
774632
482678
206062
663863
877290
652992
46805
495456
139309
312583
453765
925285
682027
348868
246619
864616
132698
901840
967384
395051
499077
394447
383234
86414
852089
375033
319207
91109
15061
835654
923137
685621
295173
309749
492341
589708
497864
727162
958070
315706
533932
685442
901958
948015
421660
318692
412189
301298
892112
972773
437794
484796
917282
110760
358038
519599
567681
762032
729296
482742
116990
823828
565859
375354
780036
491390
371355
455741
603813
832287
573926
423383
435855
122291
314832
892939
275933
616620
999783
525958
908873
412606
958653
634611
269632
328134
876428
124093
209806
6103
141940
424802
575288
542755
149663
656497
994537
125187
421701
491680
629828
495267
921675
973004
241048
52237
355463
380109
992177
643216
690463
263477
495051
630925
752911
498982
198818
128029
630541
471781
215010
55926
209919
493385
736361
165146
73390
801209
656057
596182
708743
874666
578875
837384
18924
129293
275141
26765
952905
434526
20549
743847
976533
70810
274374
832121
492647
474445
775842
872879
317810
734153
901125
654522
226463
725490
7385
61881
580358
941047
797011
742643
49352
450907
116826
651201
953739
157617
167631
163401
933907
192038
999293
759717
928634
937080
842270
795489
347916
204869
631624
846307
888705
301886
229107
731366
892439
415482
614247
422046
581644
36839
49606
600320
594741
292443
59187
827546
514942
494921
51614
449117
646783
934734
149678
568315
345526
690283
125641
622507
862439
781454
521923
357322
235789
751753
584416
300123
440763
540132
971720
133679
522388
338381
75334
791520
481123
954606
800764
556727
68952
317591
656423
315821
844128
128538
169291
350927
227488
439158
368123
168314
415757
682603
20231
80710
937258
615405
302594
120320
36127
845683
302894
214159
968691
42606
633991
903287
742950
275799
38057
236028
947054
780897
776158
884446
919564
694350
105544
823747
259977
408926
995559
234419
94546
428449
639496
718461
159277
205358
850187
488694
906775
919596
831439
920737
173308
421005
438396
786410
832018
158811
958252
65741
58707
585962
184182
74964
842133
346158
211353
70269
826119
380261
969346
694969
619338
460724
613114
917457
190250
842064
101039
266852
226103
557523
674206
642123
97732
521967
543385
624285
743547
951998
240442
887502
654875
753335
546596
921714
38480
840573
117362
51424
150254
253969
159424
845553
912649
656936
424466
78376
545075
642136
129636
239851
74579
134636
339534
109808
468958
164054
618452
317235
138229
15556
807112
170275
303323
959435
109212
606941
735697
683392
284552
698831
543312
130342
988180
225791
886819
802433
408579
405156
472414
224009
518044
776498
118782
50170
409558
645171
808991
20552
271007
407761
103956
18480
67721
722288
850407
530538
997969
19768
448173
936891
126222
202160
779268
612326
897779
148102
36779
82306
233152
845675
260863
556519
278027
336923
789006
12802
246439
20666
982682
413192
351406
419354
527980
191687
265393
648729
438225
999640
743800
647847
892406
614961
475768
395942
89755
459863
284624
798378
605367
178352
451711
789343
366377
110455
188647
118346
821141
301128
464374
742312
620195
393371
661431
834354
977936
475341
799348
937282
246639
386266
355525
994448
431360
728040
691130
791445
740715
918972
93728
912016
971802
320463
739892
655910
724144
185723
781730
195300
199017
642960
876472
913569
737679
303620
677228
805503
709654
655046
264902
805776
839701
490099
198955
844564
626657
301410
752200
740704
743560
598234
527383
185371
423399
361315
367377
855651
110632
606905
324592
765325
42780
291741
207392
487816
134449
273735
290177
153698
314640
712374
436507
226725
851414
423911
907679
442010
189484
174116
249622
827373
246469
405555
250217
33648
856115
518064
902027
830074
944807
45365
287111
372776
283267
918005
378977
716675
955678
131752
464108
66754
298131
295072
419304
83174
530630
578555
518293
613635
39349
156785
530072
677151
413046
999629
872073
829491
440082
424761
535191
307406
303038
644337
453209
238105
315122
567130
463538
470581
31593
798636
845023
502593
427635
434313
227360
214007
435962
23474
284480
386294
826959
970063
765635
223962
981104
399787
345516
840839
861145
884483
90152
475077
856835
434099
346
81605
50365
464849
628356
624386
29350
581461
450702
358851
12037
283509
595830
410685
793605
143056
133781
354709
48592
705472
16138
781250
988678
12434
575749
133137
298458
95698
815282
366978
958857
402943
59903
503568
336248
19869
976780
929678
701546
852202
665647
863277
853083
587816
768864
852506
521531
290265
737800
574788
591882
321609
830049
52667
533004
430341
108681
817972
527146
414825
762217
684073
168101
358231
990844
473373
289911
928964
217023
501181
529160
821228
479412
214178
258249
822374
841554
591411
432945
708818
323212
920424
938514
342638
387388
980585
180375
1352
867884
102548
502300
76686
981441
829790
472426
606785
519813
760529
964622
191752
743887
110003
977492
532897
834065
925319
111525
963122
208446
246381
655162
825470
612566
285860
183868
592115
50383
599408
990714
784415
100513
783703
257350
98307
270191
444165
433901
712768
914637
925583
547280
613486
580914
770836
532067
988556
829499
453568
103682
860945
147865
492650
162347
72481
924121
186141
295324
998299
972495
595892
643978
242319
790366
477342
381883
42509
705061
989250
449729
722072
933065
547324
305747
315642
702747
37892
543753
557041
70566
949232
438708
862855
734808
662416
556375
334911
401482
850295
703878
16555
278702
423321
213978
321755
279892
325136
395598
481200
374105
29497
99514
398798
445164
617403
551081
87343
283326
627495
206681
479893
741254
387259
150670
36504
667630
591297
477907
477149
984029
228949
650766
123239
107938
737155
527679
753735
392058
18382
119957
253039
246462
399886
411885
960933
445420
883825
931368
842707
258896
200354
378087
115002
984206
304774
674725
543623
357903
641699
683826
657790
474438
331163
220232
992083
324894
671959
106508
774040
277506
651967
527714
584335
790536
199845
897325
311777
803898
943617
60578
500776
333187
568599
14600
274983
392819
854069
701518
682201
770543
939224
918408
494822
797944
90158
741768
94898
93974
152375
340309
998608
245216
928197
942987
873493
180651
576802
885902
254214
309005
55440
773356
775155
781069
513451
483151
434781
775977
527339
834779
561234
239682
818694
221930
182682
391400
623666
460257
533834
24510
881864
661551
333429
253066
837892
817314
273282
415771
851881
114853
233433
998359
413953
453210
695
276128
445890
521040
419554
231587
196877
310305
993270
936701
966863
196523
394205
784073
343306
928425
428765
857994
914542
821357
941259
447282
978785
438012
681949
346829
500638
817286
29789
813965
496953
535680
902586
418610
776065
5216
412729
747478
728894
707444
954120
281298
742041
742176
618099
857296
556699
667186
372720
79407
519246
943779
210132
910860
449279
532653
819560
648820
410533
733699
529175
996450
390620
281138
304382
254582
674762
821650
91494
725557
76322
852776
260366
70135
706759
102812
830368
714097
984008
130065
991494
70559
430474
485670
458582
879118
510339
420297
262249
283267
542498
951667
378121
254540
834701
911876
876552
724385
412802
223803
951662
647797
847135
167249
879434
581215
919101
480627
84905
744032
669110
923
604005
867408
522375
491146
962772
615146
528401
91556
594402
356400
771130
439399
781817
288060
598640
247753
274908
324325
576142
160366
858067
920202
737175
270915
875713
232318
822622
960506
438033
879760
772488
566818
954127
165045
869610
268001
236691
399572
915340
639185
969687
467694
259791
505589
637802
537129
544938
640727
737790
312120
604176
993983
267995
538472
732846
63826
54646
345992
411280
904580
210461
918006
471331
620411
75977
155586
649493
940482
248726
114818
898521
395494
888142
937778
948934
502193
812577
768517
670623
407936
818417
740044
393069
483587
516618
415298
465737
351953
693807
566706
574710
787686
263055
646725
447018
888442
197975
581036
529133
842238
858593
910950
444507
256757
283977
43054
546628
289965
786592
888197
770546
47322
281658
770199
869450
412429
553442
431244
788043
694550
70062
606574
653108
19315
962861
422194
643330
924339
780348
37285
279383
720235
510776
949684
954358
649044
313101
613336
730411
594112
958509
107420
980680
435447
750429
562764
210889
447026
577257
729020
663449
731123
877496
872178
656110
977535
646586
232177
193807
174073
591422
74851
455541
942365
926303
811746
818255
328213
582174
217955
204192
606331
252428
302271
106756
356908
196382
413663
389584
452485
540323
764036
213398
599037
154001
838193
240328
774687
937851
529141
939956
309922
982751
452632
886637
934246
403867
949666
774410
854030
913856
100418
613640
378868
384383
308514
283851
48653
853184
236293
395521
195355
779986
983897
78823
445193
508
302111
867238
202342
882034
98611
700373
351937
588580
319226
35234
554333
53872
771240
290826
636817
717111
250604
800261
79423
78988
344504
323200
945070
752073
586992
364610
568263
839676
845934
388208
126441
743487
934832
588908
211817
516645
246623
130711
155433
322256
416444
714871
763603
256288
801129
555124
919859
279238
258194
234109
38063
683702
369398
455368
503395
516475
387414
739126
496413
966372
980024
590164
226098
86300
581528
661246
835579
808343
989612
367262
940911
764265
308499
357906
848030
51441
440409
618028
785288
597554
205545
497746
942424
994882
504016
309702
393408
778907
641577
562048
457074
797454
107691
925047
37176
442200
87307
334144
997040
378317
596111
228685
386216
781809
149745
477462
674002
721894
869676
530452
964900
394431
988966
948842
668302
834290
99577
773791
407705
569516
78751
542086
393497
273087
204602
728383
214542
1463
578814
174806
695837
757834
516412
103240
179366
703533
281867
130726
692738
241859
1045
797779
837978
443056
581307
237799
29607
837388
672870
540150
63297
999860
463980
416107
823590
123514
837594
275213
877450
849340
532260
345956
826773
883090
343910
590389
682686
13217
180310
223528
977666
15820
541001
147851
103232
76555
141214
618479
98292
90196
5643
467504
792974
147253
30658
598610
597742
712707
196031
136135
28159
269100
682929
933582
112621
956713
898
246133
24900
245776
935813
267199
879974
451974
618491
263328
735849
138642
808962
695717
221643
847116
208539
825520
344338
718004
162518
932385
563973
907871
559324
8849
741056
775755
655705
935224
768696
842900
537796
951918
755468
467648
216012
878607
364291
824884
687393
213303
520552
52234
636379
900524
929663
711802
883851
739675
735907
296757
517789
504187
816829
207184
680806
446926
282339
171357
633296
624838
895755
116630
705887
616196
541354
181491
442015
445051
831725
489307
216236
431027
33299
296886
236062
303978
408997
317217
252815
486869
937235
505531
435466
881732
271853
56924
607761
678563
934778
363686
483851
447388
408440
679219
12680
303322
360625
560558
987186
787049
204791
768766
332179
874553
486396
36892
113725
740546
128592
566853
898074
23873
204215
101707
849168
415712
921894
845063
195792
387955
851162
304617
704252
675551
790166
609712
583475
309589
705783
623732
532410
116796
532405
907872
703176
635373
669432
223614
268910
917272
999188
211627
987041
882883
458531
632873
966757
28531
484414
84243
281368
423139
998360
44715
561177
308721
416246
451792
669075
117528
316623
60363
796394
27224
758652
568584
407104
442546
237275
201313
864356
54415
422918
151446
528664
332609
936747
481561
6589
68065
50760
205830
614109
982806
646406
489264
244053
603319
638062
383703
214429
330056
988236
61173
291637
194977
560671
808439
490030
385901
995769
885321
163731
126413
171066
7050
725554
808348
399907
434143
503306
615438
642777
739555
545362
925809
595385
819580
150372
394454
435474
209225
204228
966537
261379
929783
168017
695739
833970
766259
544135
181889
698022
960058
668847
765109
21122
900172
810468
673018
547359
606910
382850
308766
483972
875311
378412
879768
685701
1299
601146
467120
961077
780715
651198
189630
351497
20437
402161
353610
279562
280767
974783
593107
674870
67639
910764
632491
222004
536670
912737
763519
991091
27132
90647
751733
498142
57709
540383
439662
307773
56056
884939
816874
940139
275904
165117
41227
345648
38099
688906
997170
154874
151263
221834
390470
106749
630789
505790
906643
267620
981638
23518
718990
48754
473179
260095
856375
522554
446433
834014
779991
31607
805680
470412
960041
576841
808652
778997
380245
187149
697460
194894
487959
544727
396632
800923
50814
31631
19176
734554
818961
433189
188424
441935
127116
453279
277613
221640
813996
311247
543838
389624
268486
510591
260015
35279
348898
442515
905051
25728
379060
711613
850739
753757
828788
156397
684518
382689
27071
29924
614899
337289
201675
866790
254632
935964
828997
508750
642709
576972
171273
390907
203986
573045
634301
980712
463146
20098
275787
120026
416995
585455
540793
557874
185195
176040
218150
41058
52001
920273
693731
998973
785276
383967
322155
425126
427036
200227
456832
590442
740971
614503
63140
703082
638640
139697
697842
384369
961392
320484
75351
896676
443905
842694
683567
187735
665196
269661
972032
157180
895870
827250
198541
390134
496428
585335
889112
833548
313568
60292
400824
923192
59236
533437
660114
736415
664106
441488
77879
209564
293237
279259
728602
90613
806760
991978
273580
579375
414377
978334
585494
98110
898866
987049
684754
47700
864500
654261
86375
175514
328615
88420
407359
616444
650163
842226
839014
93599
514484
467575
310753
505006
163566
704714
31017
220690
101133
302207
14019
972672
699094
582480
337149
60396
265328
53977
257990
181467
232457
369533
755755
858710
3750
384103
570922
573562
169803
454699
385717
680108
92483
352714
648516
11883
605325
350676
486615
23742
4323
726888
512903
659340
113064
673815
128008
474890
372525
821543
322814
309646
858336
24755
728440
710659
336529
971120
949133
598262
550114
527626
359953
49612
845707
942892
562164
222550
567880
736991
803000
580349
130527
7114
637070
971928
529489
520279
778443
796253
212701
35319
429900
254323
646379
604923
144611
766309
812956
525539
996476
87155
793515
75892
789137
589379
369984
774530
757189
395381
804689
84942
16609
487123
175861
427336
621162
180775
366279
719733
165339
610919
818611
392171
55492
643852
721376
883450
757823
776833
335994
307301
427722
697398
984155
329102
40582
698835
318037
660015
312459
365706
991454
560388
931494
366405
127769
358215
26288
138879
4285
793043
621132
714159
283556
49450
407804
951454
496818
730514
907489
475802
442208
520858
63565
436931
774052
349434
973702
808130
904383
6936
847770
894682
758050
566439
57498
258966
215230
419562
871924
481890
67687
713111
918321
243958
510180
902294
100295
589805
684373
923624
959772
148340
613761
330341
909720
664413
151355
5405
319653
37011
297329
972576
847430
781544
598097
441946
894673
288715
923352
234134
199242
379797
373753
758819
352350
849410
390246
338196
851897
509116
280829
5984
285764
859539
238290
271082
250942
289738
232533
10652
291894
432075
90848
188588
45218
481082
848928
111425
815199
406630
781469
514094
160518
843740
744743
755868
926311
79446
229535
145223
570469
785809
914591
326943
937006
534908
918855
413774
142037
106252
754917
998489
973261
589612
598144
902688
834564
98962
778113
689855
578969
726829
182911
607511
121724
846138
907430
740647
215777
544438
152770
995603
44961
845486
202350
32135
145709
183730
980819
859573
717551
905320
691295
563386
835839
307772
741444
239583
805502
310517
322154
71610
159251
39971
592755
475637
422016
185269
836520
527334
786400
945319
204613
148382
340927
127448
47069
235710
104086
425401
975979
955138
447521
271649
917687
338209
684511
977150
410658
649997
470373
559271
186446
376149
38496
435149
591020
64810
368421
744911
702051
116287
226230
424620
979738
531209
517332
318098
331682
240358
117436
289494
89283
871322
859071
677309
101282
620148
667905
131511
705675
740559
338318
407851
211873
508660
977748
33709
852895
560093
116353
178317
227978
972949
345274
654217
883573
721083
883188
25890
103152
259556
970931
737036
837134
934496
458781
158398
256018
385237
582202
253290
778358
710024
276619
488775
717143
963003
158083
315209
676992
680688
203558
274674
72977
278859
440701
826754
569291
787861
575475
672330
668603
802077
153808
808351
570177
354233
768079
323113
740349
47786
20317
673819
9109
584605
900721
673021
427876
805006
213891
653412
221698
726280
420842
815300
269612
569543
696597
351068
711120
905918
905829
242767
698168
140467
395366
335507
653200
23752
657513
491522
602517
477590
585023
761038
332189
641394
22164
322130
930493
349009
285349
346307
289562
763272
499743
661381
136655
82859
231126
483994
280952
926679
185118
606069
625433
794636
411210
19693
63983
880242
499711
134029
884368
663932
947443
620168
830209
598186
641544
274441
327316
80168
413695
437929
950588
914772
391706
298746
118959
272221
147411
182528
63158
235655
513010
890304
734484
66699
124815
556848
185617
403354
915556
23309
756322
448066
165710
245388
961014
24106
679264
431208
252959
204599
504740
485146
680859
470353
593135
999719
362111
964864
879008
728851
443775
537648
110837
427315
381020
787155
484873
808096
17770
379237
208238
939655
29117
608139
652771
570014
766320
967573
55090
978737
157329
994339
988009
83546
725612
517795
963826
219983
953010
619576
957329
870038
281286
926454
4986
106131
932773
46922
274317
887618
417903
613431
841455
867775
13078
78011
986118
418626
352994
837776
636304
341225
564382
760142
625889
469102
108451
329197
493175
867256
26046
713128
40955
469005
855553
333694
671831
393380
7523
428115
580526
844376
957652
294835
736317
132537
368610
198390
883020
37565
650433
52542
985616
220564
368570
4637
116512
650009
381363
399892
305042
804964
567895
324278
981362
702844
931041
392940
729834
685130
965969
159105
712232
776461
694077
481578
509817
173396
323871
919560
363858
375169
292548
428612
334134
270554
915892
199483
908639
341009
594555
414167
456664
957103
330117
568777
517672
381853
584867
656037
143016
664335
642218
524249
735670
952269
741882
460683
792642
111647
658524
62351
356165
108053
136389
19074
723218
250608
877815
104389
121093
132977
142343
172185
351128
849467
669177
249044
787476
996455
732295
967038
719588
360869
315265
449035
865796
967561
229262
408500
332441
716537
931024
878644
776731
840306
851046
725724
857517
599538
804619
600275
897806
387718
26651
210478
997095
216432
929462
233192
409348
811508
488829
170558
195680
466687
476154
643242
497368
110709
469468
204985
68290
349142
200223
428299
322775
468620
948746
98599
277579
19987
139282
708024
836094
548229
289308
909096
116938
663873
323360
349080
717180
494583
981161
17977
570528
934163
826872
324746
508790
38084
679881
778414
465857
230568
532973
63081
208893
726422
382870
673207
451568
834311
577969
46409
815769
811169
925614
264413
144581
100130
536539
867512
21057
550309
444974
461123
739946
872340
135393
550208
412320
271467
662136
245543
9753
112485
943198
842401
811474
678661
157421
723488
169951
713794
425741
102681
923044
874192
883123
60831
631388
520903
29131
201245
243094
313778
243441
590832
604032
998967
43864
373919
970780
339870
267597
579576
23823
164351
523350
176520
18840
620044
961076
301622
867102
481720
743624
260732
613730
198595
782098
663235
47123
110692
629140
800474
64512
832786
101333
471636
841896
873774
22721
282299
793645
791248
710126
998708
175655
368236
353465
282417
774229
987745
214799
790156
702831
535902
643336
499079
857559
947377
870509
727965
292653
690030
159898
215556
620097
86392
336191
908738
997092
720239
277952
456553
948695
946742
566076
947889
178213
646687
282475
318064
840845
193910
660385
544760
734359
730599
791599
748301
5447
183884
20840
181697
91375
701271
712577
192686
416479
608664
370514
340048
426296
577644
484153
310972
69407
8451
752414
833857
724749
981836
807248
845722
596226
21695
460686
49292
815513
8710
578467
434658
186935
647753
477800
824515
354013
220053
116269
871405
987102
866984
110195
915216
846122
525275
790864
375753
477896
844332
544885
222585
653538
398375
889292
424578
310330
424753
677243
325022
4603
329841
142406
264923
946922
726044
778641
880759
676859
956251
569474
760340
967232
45530
283845
314200
808572
655151
654697
939107
770902
192037
672424
920814
796841
323301
320132
467005
256696
824832
808652
204992
895743
512155
314110
33868
379876
583416
842630
690416
878797
731549
207525
553143
971083
681443
354029
301882
970867
280412
559208
484831
904974
23522
967961
454578
608742
809529
89754
969438
307329
812832
353508
444295
746282
304697
96941
320135
19690
873042
102316
799236
188118
77327
609400
886187
176386
640758
232782
924107
966867
212375
978801
536336
391858
812246
964652
882778
379101
587222
369139
245241
491479
60548
688808
113736
142144
759037
33401
106659
710655
835485
581926
640326
468123
178341
724128
387395
358249
947016
856461
505183
785440
338642
263080
648970
731464
477494
695686
203962
357201
175218
783283
663011
423680
857889
620091
894805
426564
576669
559173
387569
750439
749390
337689
196233
92512
904020
958593
117779
597765
949645
564878
188682
201373
917059
216178
776098
667604
747637
890442
320166
363399
140288
396415
837807
728383
893482
279746
658051
666748
526795
759540
634247
497830
835545
296232
801570
859560
898126
561024
885872
956249
861368
503284
443232
745935
909085
694641
12395
681304
618760
341533
822897
408579
932853
151225
893234
882905
438740
148000
910053
932970
970685
662444
698809
219777
94513
102072
180837
556089
76169
420607
922158
275177
53630
83363
497141
180922
192532
285834
31034
659738
813987
151843
238065
670793
484995
824070
111039
442513
448275
840314
105553
50195
907366
384848
158489
566715
950476
297772
404775
11157
664824
646436
942752
974457
949971
212352
738013
479650
330076
586657
316322
868125
370873
766911
543993
545117
705055
434187
618858
330987
194587
599219
631962
629434
576827
299396
130174
574617
508507
964137
532858
381313
779919
824209
991322
460046
899434
901295
590251
442251
119017
13723
835511
195366
647744
272854
828252
148802
963454
299690
178056
382507
368159
650672
371603
702437
780782
152491
944057
844381
487253
307538
945395
925569
448323
725227
801072
628011
746040
706835
292149
138040
245872
730202
342542
120887
941737
995979
472303
638013
762515
933129
649965
14422
97364
584980
354578
570710
499317
522795
287456
411469
732332
92812
656101
364760
233798
373015
804151
781716
58161
650256
732621
145710
238563
169539
637306
857110
591211
498754
154823
823250
462930
100170
405611
184047
564589
118596
22057
192466
839554
427367
207751
596652
568661
572346
634406
926860
725006
45879
791939
808974
210568
708428
154825
71537
39800
28667
489552
860295
173496
583137
382838
334725
292335
815955
733976
312826
960415
560356
449390
849309
894667
202819
683584
128767
635395
777089
173641
427615
660173
637105
124647
223260
388018
109032
370363
283653
812642
21604
969251
549708
736068
500937
194385
635482
828767
922822
161032
272508
34014
978711
826803
350842
287747
952355
473442
699528
978027
271045
301665
357270
12025
918376
42743
915842
957858
452427
389432
22445
850901
971748
23367
231659
475909
106144
519788
231636
668116
23945
28942
593399
948893
589761
383565
68079
109662
816875
499774
437517
270273
784041
590212
747892
513157
128127
272967
968196
18894
703190
77908
694319
368901
180893
393681
780903
66733
985354
198107
468728
311748
161855
77246
800050
865681
526151
504336
341246
123536
877375
543210
167057
711352
307985
170180
465023
854246
110300
441836
299239
31847
139120
197667
57933
265255
784117
297364
141381
499825
340843
135858
786826
976481
303819
94893
67118
248494
532429
354384
879916
395918
816003
54074
520857
602117
587746
629302
181817
159182
614497
914554
732590
142436
875578
473849
561099
216941
734222
964965
518919
860164
139173
571845
979981
304609
474003
25198
355505
283879
270198
49825
21180
96459
692059
659521
615528
531164
526464
984943
391975
198450
211956
572228
316893
422519
190683
45354
537455
459981
739342
392087
262451
812379
594207
549671
267271
447224
306938
527189
934077
252274
484326
82006
816628
724282
58411
304339
319234
756144
534542
153729
105165
428487
405624
171102
869945
901973
713269
458633
168251
220538
960919
981183
633421
440234
464699
980014
531706
465816
731427
120695
963417
881216
262595
672453
722646
666385
94743
152773
631275
809526
244017
12673
450415
605760
774289
516188
488453
34994
477100
44716
238517
799912
115791
462447
230999
828644
522781
394220
370731
270710
977652
657000
367046
134728
705454
702081
472359
921091
113923
58602
333672
103330
297420
342659
609168
488465
925282
20692
797957
408065
739749
806822
625630
506187
756889
90366
625623
417470
516906
353079
249182
230599
329168
504058
699274
984444
42061
381661
485483
349765
634260
894358
976700
372775
240388
945178
623605
334958
866769
14423
423101
431415
314884
240266
582269
108951
605208
152061
393616
679595
240262
932449
914774
351614
747163
991876
464040
198672
385348
333038
623334
577225
792172
252574
299947
184314
783100
190492
534626
686027
737665
666939
459698
239431
701932
662957
849877
107969
445938
333058
196614
119841
511892
929471
595929
676558
977977
539735
397668
80506
253494
797129
932699
322309
320752
202389
85434
86350
1945
640924
264283
845789
506198
463443
101735
90918
434817
380067
533801
73979
141258
780385
811134
950994
910456
145637
782249
770029
310862
141705
555459
674796
795848
96064
669455
991595
286980
901840
184620
20569
877310
72877
475043
679127
411636
811764
590304
912904
71464
457409
129086
352507
109188
55789
268347
672434
773527
906791
820043
809231
204542
403182
9352
924186
268894
829672
827398
572465
41997
69282
140997
343245
935120
737509
787967
624108
472767
332913
95458
442400
722501
845337
569560
290740
49924
884410
747777
809526
80341
143641
737666
342438
531308
550168
316727
875769
765722
71381
495876
887434
413677
572128
51977
910942
60978
438358
101620
955538
739547
184606
756464
995364
737083
78656
296762
762010
589165
146397
326485
621010
567381
676495
206036
169512
820734
473245
83924
804093
130147
265755
722636
180522
916041
227548
346493
5121
999817
233173
596931
877948
997036
486608
138638
768197
444271
712585
835818
827809
587173
245737
384057
901754
47548
609564
278019
857351
924695
646161
300900
253978
124315
27342
656420
483142
462598
687789
383652
837482
930041
632567
810099
771615
376022
524315
946688
831866
84228
47306
489258
697406
11983
689331
215923
237153
321901
380438
779348
344697
845532
693575
803306
261315
879078
771969
711118
279312
449350
668261
97922
665293
984805
808398
646150
235309
285117
792529
56523
76789
245919
457750
341567
145123
831183
625037
564103
352892
935245
984528
60171
279985
887407
800723
407594
748397
434345
118538
526031
564862
309039
162136
203739
101917
37105
364399
303938
929244
314949
464648
868978
981163
10979
979264
159661
486854
598665
975502
676407
981759
753215
789277
300011
350435
101621
739530
304361
195340
725704
221372
398634
624195
114915
514074
126516
200847
497410
83821
912872
116638
463826
185684
47417
231951
604085
178398
407863
818010
994529
47304
315785
342173
285096
556050
75258
860547
858898
736640
92010
584147
595622
356714
160613
750099
426824
996800
558480
22358
636732
722974
597439
456425
270088
708936
315620
136598
265848
501570
609763
359763
478203
899407
847169
970251
795435
568132
225338
367238
362794
539655
937841
873591
185512
374377
330178
164770
317632
246814
962931
940968
46146
814485
867914
625392
364044
536376
450232
534580
115857
654146
537139
197541
90939
376247
274465
327100
873965
450053
850608
531678
322785
743541
92034
459307
934129
17998
256710
851172
707377
170246
964962
664438
367033
967397
308044
93351
893888
173753
686328
852508
205539
908336
131308
833477
691654
710805
707887
243301
983633
543978
994463
929665
823196
798878
816482
648357
989541
979627
221557
552909
197886
773262
174240
379127
608708
791460
687050
760451
273097
3870
252136
175427
175635
794337
702481
425445
440254
177853
493998
491450
146812
526471
235149
242210
711549
862036
895444
20886
580265
437397
269522
847954
829578
946250
181681
959709
187719
703780
335880
747510
416267
389052
29453
108829
907269
367465
861544
291003
714312
702721
710690
424814
125970
131376
183804
339253
404777
261806
332124
838965
447137
778464
160034
292774
338747
525389
184410
566877
619944
359675
398730
48502
361835
130149
48874
493341
6556
374876
409715
385338
658760
167416
128656
64183
193462
14968
23025
161838
763909
356989
208831
826164
685296
706912
49002
509501
304308
536939
784605
113194
803528
31291
930579
303350
154315
900016
921411
426488
602940
867470
731703
240341
816098
672243
413883
283526
912140
308981
533424
628226
968371
428695
929280
157832
97851
765864
159531
572427
827736
653497
285824
698681
699918
94073
869992
981930
760592
386351
359645
235234
79178
293138
244856
394051
324219
363976
469607
574674
439673
217786
931773
240355
491480
61712
232035
593188
57766
564686
797804
174020
520717
185802
777671
947262
860444
911945
727117
688390
311135
474422
733370
141134
82346
584254
417209
634037
227445
350346
51992
681869
425441
401562
393371
779655
912025
44219
429484
334461
816019
453093
939568
704732
156790
417331
136180
149421
449110
412095
761414
360318
244442
106457
296544
523441
950143
595684
194368
894688
773429
148366
335955
11564
431143
403626
902351
154145
892440
174828
287136
805831
285289
933056
416506
14216
81655
539847
394317
567353
627297
509423
423639
39174
292775
180909
736147
711295
934574
667866
675151
772217
855968
153576
813211
330338
394928
249279
40925
851237
123899
653368
63042
316022
302602
968564
353103
119034
640308
219162
28181
317398
401952
671533
189443
568275
952872
226502
653973
406571
873626
925938
967147
438835
541784
257578
951156
721700
684639
219627
884553
90887
241764
378994
867414
836925
465626
614934
687027
173544
624465
474433
966161
996730
933816
915148
624527
476504
765251
403575
141420
282986
111271
802050
519959
494786
128770
839338
602211
929126
31065
731523
254294
2684
322425
832046
469792
600465
317118
996920
907305
158341
540594
605903
677315
436375
563853
459426
455871
626057
496730
992788
385307
52335
381819
777372
23897
670490
804547
68284
559531
827163
795585
392475
944266
19638
866844
314177
557221
778789
619354
508271
392374
675269
447291
305369
466353
100385
594050
712577
325463
529562
713299
629361
915751
256048
975287
249173
753651
728175
934589
966706
641168
311480
503356
194375
469799
844971
267379
386687
989032
211630
9425
72655
416863
714717
645968
109426
749727
193102
655611
431743
1050
143807
805265
475619
819666
7519
736322
232065
124586
984693
238102
849379
528150
898737
547373
333147
208945
151949
343073
503610
822766
791840
744519
527916
790950
431359
940885
773807
120079
379856
184349
379694
883853
169324
239223
688126
596322
74224
573054
184308
465090
33825
306032
908000
490754
229049
485113
748971
97390
242258
841865
941128
467513
774190
860769
391834
266575
284641
236142
539554
842759
215772
777804
409507
842484
761174
942187
921237
945819
747096
119631
21121
197758
736934
523185
820031
705175
147461
728067
645258
233056
502829
978577
536189
124751
644237
840323
594605
412704
344310
87551
451106
206090
704357
528747
176882
376531
941808
330768
896316
363135
566027
941402
932926
720292
831351
70844
469652
392985
302473
471024
891726
903309
886611
521564
394412
291187
779633
241040
331192
322843
993393
336748
500800
271004
531488
593247
862191
237166
294317
374410
138184
952532
545213
442818
874238
80758
258058
562420
594994
747213
323576
465187
889865
234423
93686
235278
734249
32746
867725
834413
396753
824325
992457
85721
178130
409026
912832
898635
807598
213896
841411
983548
424396
629277
509345
219884
144916
385273
205203
759615
161965
1333
32199
481985
642640
616482
841740
165834
151369
385975
886678
673405
387210
970786
745071
557354
492588
337727
247483
118740
843779
443750
819238
882764
74716
639839
413292
278844
420054
130865
256452
274432
49882
833943
133546
333294
450104
234196
255111
988150
208607
46942
71808
282981
23161
134517
571736
590724
532065
428183
221507
690909
982658
337548
55176
194397
247757
822236
99665
568597
225046
590881
902354
998874
627212
498103
458196
222605
841939
987599
408605
810549
387648
573091
380030
584328
84208
734852
537849
473353
684165
411791
750412
133003
217982
126718
724126
637971
397938
766618
163781
379355
342953
223694
58418
422387
475607
188247
397178
946946
5110
936920
571649
655403
620991
454347
292357
588939
466628
115473
355524
695646
72941
973546
535052
853121
855437
27199
741469
341970
805024
683292
420028
87731
248803
650300
880791
226030
585808
99069
43408
429747
513845
686387
894632
684668
120240
246232
278025
342737
655241
123169
904879
238503
174892
293740
711156
324708
819777
344021
18168
369534
845738
720039
541034
349825
410776
622511
784885
764399
701834
950893
271881
842817
71076
710436
959108
264972
13608
957777
80317
992895
63891
835512
796461
266761
617686
730841
210427
336151
426096
356482
417955
856507
625380
888766
102018
26280
651036
494635
565376
307930
71642
396329
944474
837266
519511
167918
737482
195839
83514
534135
565910
235512
626614
408217
938675
806758
125440
165366
895123
376831
422444
693066
511250
667181
580451
88613
575928
973581
406147
267507
333612
140243
993235
89655
602550
232714
864161
724119
383855
326521
927867
692112
43080
885985
257414
71433
277171
764324
130366
33990
593521
744832
136842
807091
998457
440376
277755
91232
472130
378003
916321
201420
589101
481277
87370
604762
218770
815436
597208
246305
983398
270558
606974
719583
979910
764830
240599
311117
22882
639461
694498
246669
556041
372861
157278
40191
511756
956992
798974
655220
523986
628767
961418
321530
363128
781822
463826
983126
404002
176573
1614
88848
583843
607058
844951
660520
805829
706194
744444
748390
986613
836174
868866
571983
943054
146906
501628
851956
20864
479657
223618
217188
85405
897364
9425
139329
856192
745721
130623
163056
320602
528448
273433
702826
218202
48889
716763
594736
80440
914529
396235
7771
16735
799812
460850
323729
988085
139324
771512
506580
199048
930199
762843
581172
445462
256087
748172
201189
435001
239826
715046
489899
469037
142714
106507
318833
176895
261111
693533
41594
229333
476656
496982
479598
379924
814953
886149
901270
839857
785607
508646
958371
295000
941102
507996
282793
515506
437323
258445
885673
57879
546094
42074
721995
599120
315662
128569
634154
787463
999153
337010
203722
679885
640227
264818
5925
375816
401891
134607
794658
47031
910174
757145
808743
546724
391955
731929
271877
303525
197461
472233
478866
255950
919663
926512
437717
76342
373601
799736
246105
509092
897225
934061
785636
564055
345693
169012
395202
345647
151637
533221
345402
270843
761253
24551
331234
3168
656360
419495
15118
211938
707096
657908
531172
444626
423674
855226
552715
987285
139991
31578
351362
920268
805412
100450
456141
755749
910211
390766
474889
980222
414242
139354
488353
58673
411138
350690
84377
985984
431954
252697
786376
867934
774777
870403
557539
692760
684531
850383
820019
438494
155219
530228
675112
570290
449958
840998
179976
540588
30456
341941
874752
374695
105520
734915
732891
329164
34710
873376
690704
508089
313589
406788
827957
31949
351772
395624
371986
534674
923902
353601
727761
274312
710969
114777
469969
272970
322100
709836
29721
103903
970081
212445
864425
997152
334370
130611
772397
565441
265927
403827
523723
587069
916918
768315
863067
104098
935780
996343
863670
109046
296703
94884
543271
20869
539118
341471
489983
649736
922800
877993
801541
683828
484321
739066
52489
469404
468635
71166
71385
556355
752697
15280
273613
260674
614327
447762
766653
774162
902837
381254
439955
275255
54874
629644
238459
601866
609558
201305
419959
762081
170623
170256
274702
477212
543709
355808
427236
65359
799553
352505
760805
976647
338768
706731
806427
431739
501149
230494
234592
753169
90996
377384
812909
703753
631604
827790
463440
345930
320916
443546
214460
378951
616454
656533
725882
177934
147768
180130
389758
152429
448503
507191
543701
351617
542126
949048
836601
866140
490573
773234
127623
66770
763141
678513
485512
878497
387823
965502
15915
347514
832908
619832
473876
366192
886759
245197
956429
980604
486871
831638
645082
317802
486817
865357
229163
56932
431482
535147
572843
52890
409897
386018
264566
979274
985099
591284
163047
589745
860912
899887
809742
21262
955107
172421
279233
227279
31816
151052
737930
955035
841245
537614
471166
19515
683427
118478
440173
121189
93590
534552
981109
184551
454423
912515
759473
544877
801131
644743
733391
273519
224732
650101
790207
493561
497469
341143
965960
217048
389899
528804
254388
16926
148271
652768
976748
307923
498272
160526
884318
900088
786086
715539
151770
581561
577273
195817
69693
240494
308360
197564
270596
390477
571989
257572
446594
285680
824445
918272
323692
253887
421846
850347
864594
269306
274225
949470
671656
39270
867070
46434
347459
364049
197519
653424
283871
687810
655093
740711
940700
611330
44934
588584
91018
233217
87809
503633
271449
768679
674632
534677
414899
143288
741451
643765
861093
907491
732294
289501
509624
323175
486560
162525
152158
544867
556404
12098
675464
928376
720493
896017
447381
645212
760779
572447
734628
93118
45634
291792
137290
844498
412929
761194
205087
861496
920016
747221
229235
560205
745298
549937
825310
880461
21930
63316
404469
628514
618554
355103
945497
785678
388615
266107
775465
257778
600184
331253
678743
986425
47166
18228
848920
627748
417421
28691
713717
19698
970375
506335
722943
63403
16314
512302
63967
569481
782016
36634
221836
239684
666949
868313
163669
672376
317734
577082
190622
146678
503476
254
362471
772580
666391
541521
998728
92049
349711
141348
107513
839257
252246
166312
940557
768369
778594
424104
634239
404560
865734
204291
232997
339771
324472
259333
728193
989995
478445
870242
492983
567324
602273
475214
845464
184629
435763
173308
513948
298831
756204
994160
379887
503715
540704
364163
331874
347925
938925
72691
455490
226583
259936
998244
509958
898363
895544
535799
798689
984281
842434
84806
724728
510361
899235
831929
555374
866334
40244
268168
990554
721488
807559
301901
776538
792899
803400
593668
139841
973385
180159
531491
530156
349329
310386
623248
353714
531002
102376
378628
731705
400760
461576
935226
585126
957281
359647
674579
891628
255957
467968
252681
235462
955784
532613
179470
937983
740974
402548
705024
273454
55041
993662
353163
406848
857970
758625
862300
995693
524906
572140
74046
267597
806203
966627
792211
294851
864808
254776
350959
532375
58509
466873
900884
660770
205485
223178
151942
820962
994838
423879
279115
598958
418803
350795
16897
923203
916014
635599
417627
22140
830975
78506
327993
654624
193942
292726
243876
200469
194721
498835
809123
244915
531962
212677
950780
239156
474352
653433
983306
624199
294577
783205
650936
227651
497297
108109
273559
101113
691705
204833
78114
910434
894703
854211
770123
909943
934973
118823
726017
246432
959873
270420
641025
523204
263825
995399
418198
409407
664200
568310
516655
787378
39793
237938
225883
640243
408079
149669
777699
674533
809223
696955
840516
222947
2412
592606
372871
279446
333028
788633
865215
154535
511867
980382
414751
604941
408836
470051
382517
59463
412007
600934
300359
314598
43404
430930
543304
840514
660771
328506
617399
769677
386637
708225
20629
331076
335594
683740
912961
638273
74496
461872
694833
19950
328580
73237
161039
152212
867977
573052
953390
426897
604162
262829
192999
171048
920373
871976
51156
378226
620479
498029
65576
217779
598654
357720
252842
862216
736798
975908
929740
57467
798659
459600
878188
614713
428880
371230
82982
795355
314131
421048
29459
560544
956813
977646
336035
553212
500385
115162
595219
885001
181911
924325
810890
569308
440590
10402
832470
160563
85500
386200
824062
442122
595491
578205
608387
173196
901651
441245
936376
889447
355285
810042
467003
699576
11707
671309
974415
715942
522626
808459
750231
897674
716129
337476
861041
257100
402673
922372
175405
19913
836472
585564
290473
302960
558355
793723
482634
237868
996608
667893
698649
101307
446278
827750
942455
795486
747201
340272
775743
738473
354509
226591
283831
874490
162575
265646
958385
362822
280155
288483
940676
397583
266245
787605
988066
50354
296967
287630
282134
85148
878476
963915
875741
274525
872663
451808
675806
304340
800979
823352
964678
716490
861687
454138
364292
302556
910101
589960
151582
597775
573632
859297
433838
818568
816664
873510
962877
454483
21620
412026
432123
178849
910250
892418
32152
477839
581245
908364
429633
736417
497252
388172
857786
925837
981875
986496
162708
96244
372328
767669
330508
887019
443413
345956
575168
407992
662885
588020
374350
627929
38604
590755
596427
269117
599823
655359
122461
527766
82733
336654
852662
25158
230953
102925
860781
543094
835509
817558
937339
119558
835644
890586
531662
651486
155980
459790
501517
515683
862111
809891
555113
141702
333253
963693
886748
453558
75695
10213
300738
563766
135642
795722
549904
424584
558293
55458
735413
239689
442097
206878
577803
384982
387077
960859
657786
726124
797083
223493
609066
969038
792187
220438
211298
245471
145937
646844
559298
818447
193341
823961
760345
581298
985975
642532
46372
971308
127965
259564
459556
202057
751387
188285
860379
539817
343734
773083
353506
426968
247989
367979
419050
16124
105516
981169
439821
123111
504870
572084
136848
238349
850542
333246
469880
115535
68026
670464
510085
376886
351413
23058
775183
836027
567656
888791
737980
865474
533188
693631
426012
286952
591886
98918
884385
249905
489191
64218
598782
801508
817271
589881
691098
10547
671734
878329
357745
366609
515671
102850
205128
968424
430097
355894
264139
635619
305162
138000
700996
146022
657187
79018
454458
907934
750746
883544
748196
804466
907744
369842
864008
127384
966392
53552
713973
909509
966728
310509
523673
377404
265600
895950
932928
543176
638180
3580
758954
768773
218487
175244
591047
566040
669830
493376
846289
30526
421518
123495
179718
597762
233867
914975
56961
782920
336094
666491
763700
396295
771033
4159
833476
685588
552810
478728
556417
853145
282339
971593
216065
958308
882274
425200
805720
412315
428386
499559
598645
203790
955356
782518
913052
199205
329051
743429
805947
16568
472091
490815
372780
666238
480669
993171
57094
675356
769098
540436
512416
487327
694977
511552
891363
14405
727615
658654
701515
386614
38442
445568
957626
607312
921722
96424
794105
325536
446789
5255
880588
347244
121701
859233
541424
211308
921415
195660
357171
207194
910035
549334
988656
704095
741043
409094
494502
80556
246082
287163
256948
624170
53459
693810
495220
153033
582811
459939
314033
477877
667452
626954
957702
401959
393903
808067
362068
828312
372300
697678
837279
45456
803193
155699
507270
471900
874605
439167
227293
145501
315808
624620
933865
421373
205137
845662
338807
477821
85555
108362
420057
174378
623029
798001
913278
406703
297901
733642
745709
272579
278240
223294
473374
47618
473904
325965
238325
780250
676322
253838
637339
686876
129803
602835
798907
152818
53592
506987
916438
862960
113014
394369
443588
389443
253540
466465
709384
98182
885651
569819
246606
553715
916918
180032
104899
151350
259564
8329
654417
60893
522440
502936
970230
162604
311737
133910
457664
734030
651995
369083
403751
658853
704281
375979
789383
425026
369660
650942
676344
968688
420053
770648
21515
98859
369283
857975
194660
606894
479714
784204
464367
75498
734672
223680
918720
84946
117597
344855
569099
84243
163726
994098
39484
924066
533774
516014
225653
119341
665266
277930
455266
382771
918183
748775
436345
107055
378875
557064
328211
39983
534532
247352
404322
848132
763505
593962
641551
360530
792107
459004
270769
389575
10343
915893
404267
634985
842699
143661
869794
69383
216058
384588
368537
412561
818302
602602
160172
967364
998417
613334
383910
792765
428296
336178
726207
515183
917789
438267
310069
409264
560087
33319
733381
366253
390296
281831
273670
724286
928003
60236
389539
478293
264583
199750
319859
741135
669069
848263
135607
704557
674298
738886
377071
931740
721249
328287
608985
769136
644105
548183
55303
902064
641749
424254
462619
971402
877526
489901
532642
493799
152682
874351
317963
631001
974990
721148
769411
121009
648200
473056
807598
939502
569258
228091
105603
697231
520899
304545
267268
703434
868776
690145
664857
793813
164570
511395
442888
48481
423508
817707
827731
503334
29940
579386
100271
60121
670403
752659
173148
966075
332259
862875
777637
7947
355668
26586
437046
652572
738210
857182
499093
734849
758831
140350
843775
458788
837465
166012
897504
903926
857415
432324
84461
350272
992213
836194
209305
327450
143407
464531
982320
295890
730971
428977
77641
279725
150150
298972
562245
964979
169272
800223
926937
160082
292434
290637
768481
619653
75500
309045
236685
371491
39196
311556
310649
37826
538136
557944
819547
618822
232179
614845
30102
798665
208131
166566
809387
16360
966372
408905
649615
714216
854613
597495
521815
35908
661503
657750
559311
766292
665558
801437
195179
988187
911896
819372
387349
95213
214579
400006
911077
311099
977347
556076
828975
883133
614073
307863
179957
605754
793495
773009
616317
569143
750743
983280
611390
870586
157164
973744
657204
574457
992736
69612
139987
947108
913756
143417
834263
362892
132550
304479
873722
596143
710341
313205
508543
142241
873888
104728
718124
951639
492868
211719
812309
891411
341540
987230
245842
687784
687483
884846
390162
349289
185645
703605
17609
655474
998475
963839
22149
334290
204149
905688
218270
294100
574618
48108
99980
316200
452187
285374
869843
884851
215054
268609
396505
307120
231071
963606
99800
582657
482896
842211
363374
874262
889248
707404
119825
492984
251658
730001
682337
732915
627236
662916
370902
989982
620904
665701
193688
558728
612176
858204
70894
403137
655898
277010
582670
784770
763371
934124
26706
771002
816464
173348
500300
552566
192415
216006
708848
278315
862268
699269
139312
648739
394872
623351
677669
623618
653331
880756
570344
532725
159714
886662
7169
476214
146124
613645
810487
138173
79022
628146
818054
217414
411359
34182
829935
765179
591245
538038
158889
426495
53254
229933
372085
199383
883539
851398
33807
947764
84670
396012
677952
175329
930549
976913
909457
445317
21959
659079
550938
826966
932107
929342
654584
264155
761056
310619
827485
220187
501070
782129
61632
898727
72907
4702
548086
712641
268890
69957
494169
374184
156942
540963
820644
357825
762541
867344
486817
20708
960111
526932
618617
894655
362214
921572
893163
289963
104055
335352
181080
35145
189766
488714
102842
908504
596336
508332
869493
48279
471217
484422
253766
818705
171111
956524
357016
149514
858222
83736
214581
906372
77417
369097
922137
720622
708578
53815
512930
467690
344009
70513
111908
392442
357849
682069
615450
158534
638616
370412
924791
924812
26557
236895
478618
803428
951339
322138
126559
460079
566940
212604
489874
506332
445785
580536
368638
295190
381157
289867
962532
2830
624378
170970
473223
895008
590827
444135
805668
611940
459816
27695
385471
901908
971168
75812
990361
721429
514561
448898
722110
802276
361115
887376
978234
160030
437218
63734
755436
374059
71954
278965
503090
856392
815789
382662
631684
913264
941984
6675
688285
630759
432644
833356
109843
367779
488127
204840
382920
227799
843787
225785
702969
982173
493711
261929
958579
655551
935081
229206
103206
606754
690573
707400
599442
726671
690631
952395
447710
279583
936476
267118
694983
681411
418319
707798
624693
18669
279871
798143
443882
760479
350381
702993
523219
909710
784412
196955
761153
657458
440849
735534
205233
93485
158266
572952
258055
704661
43051
823612
5466
908576
673155
920843
410088
505579
588717
530721
177578
604967
637442
145854
73347
834592
538188
446623
400722
722347
988902
482744
654758
314348
916287
998161
487377
432386
57021
542202
896853
868239
881726
778220
154428
634087
864057
886334
142852
661844
756739
976641
872630
587651
202990
629432
343959
852112
840268
390199
417656
610793
944017
258454
539560
977249
684630
692434
567754
97043
555386
943234
710785
99057
666147
11569
604359
200936
938914
444892
12701
245298
152949
477193
56861
414199
363557
163714
189227
266784
10320
81453
143498
506875
99777
467785
860235
32324
936379
770695
774303
984278
222037
677698
52942
609262
132031
555357
413633
858903
120034
156856
321977
298040
808550
339470
404450
286582
501645
468847
298434
133575
850236
40404
358732
440789
474458
994788
971857
713610
359505
891842
682198
63294
567026
317329
696960
919867
29429
35589
30956
562409
627613
943335
88795
12123
672058
278565
408138
712244
778952
5139
509024
660535
557749
708930
366401
662379
611008
836091
144384
193575
374269
783193
223601
325887
568885
152512
794844
967179
129834
991037
181389
354192
659192
558908
801992
139726
528534
786016
895641
867302
260540
992515
372874
112485
83167
249994
437102
529905
80408
51363
536219
170062
943394
694686
784565
903438
798594
327205
167012
111827
531521
428633
887527
805634
179413
582667
205378
32262
136158
265300
338707
644606
121228
256402
867203
69956
982301
520127
743704
646491
862468
553967
904486
985780
601317
589158
325221
805085
660221
573075
673310
341255
168479
423021
785920
255538
967577
381993
82063
599287
936437
552277
605436
841074
643355
27412
213967
785226
49556
473335
560320
829470
110057
327028
55462
22157
378922
39429
134279
986210
130314
899167
563406
858459
813800
887629
996890
360276
861033
627369
322803
281877
825152
849847
636055
251892
878543
730974
778483
181032
996263
123780
336557
680236
241708
28741
293342
76684
594516
345103
410589
456336
163022
978908
777334
831490
188543
553421
485818
704028
870823
198176
543472
880403
268002
302286
463849
453050
519051
116292
723697
44501
974587
521659
585057
52411
581167
794166
478354
334758
23943
839832
126188
233691
593963
878175
356252
594608
950600
53761
847012
589567
460472
704929
150092
560294
509696
532846
224950
686967
916787
891609
96527
412803
15859
287856
644322
702270
645463
171548
50502
455823
806120
967347
651000
822839
128070
546107
705219
461147
436200
86140
29979
856431
664321
788033
724042
163137
709501
49963
29634
593056
959082
182449
186193
539559
994356
63671
222130
739369
561673
157002
244415
868474
472987
933494
208068
571672
538755
261444
515248
988021
281411
876244
619109
43170
918052
745554
952942
48601
39422
936856
658960
819367
412246
561568
412729
569332
341985
133796
395989
292144
713959
814676
720768
401884
453251
257843
475990
35123
656711
645391
537381
335603
730876
620763
957636
864395
179719
290347
430781
405218
356006
729867
351845
930113
670938
869179
971149
374623
353823
415307
845137
875592
872151
577039
872461
355113
347717
803200
669040
734586
798964
629999
950632
661000
342904
748902
890429
679070
795660
54429
3706
59279
736666
488982
803013
96163
622490
55830
907664
584604
760914
103552
925096
751908
99643
32527
161835
902740
711108
286447
731799
407715
922160
771065
163709
541289
381786
613578
318356
175503
140569
935294
337897
719894
622334
795470
669620
146816
204474
880964
984263
161886
344861
749462
202719
215223
724601
524135
452765
193106
925605
169174
364302
72161
634333
189504
177894
913802
90119
66713
855116
727442
518800
25954
680271
787560
791925
908999
517686
888204
658974
634137
73460
334554
434148
895651
219322
869303
476019
686315
504615
44503
777099
676807
874267
259560
94432
955352
900073
595422
230114
13288
328362
221596
905239
968668
841262
402684
524899
499030
499214
848379
578218
646505
210589
461764
729676
692985
550781
607319
232143
178351
493773
301270
25051
517655
212672
965356
606814
296470
467849
253530
439504
653259
350578
203424
234832
376064
272333
384644
464813
470285
214401
641857
483394
890377
758022
803663
240953
625006
939115
773899
933744
552264
500820
140676
224120
344922
418178
736161
168889
406478
73867
86770
791028
414806
799656
494353
211553
94179
914605
632821
285431
846145
624659
924371
325642
852685
743281
675824
453390
696468
492106
676424
207865
153674
254207
137812
957639
951332
179493
472956
262807
371730
318577
310297
780979
993692
271120
61861
731437
180056
691284
967234
574180
746117
732488
901667
422118
463816
178276
89755
475439
82560
888988
344000
894800
222600
708754
313980
388267
43208
355629
953584
534875
83064
964097
383556
521328
18547
505453
975439
628823
139508
189444
627360
387353
2991
377571
363111
863290
882126
715938
679811
743873
438470
883110
374057
514456
576278
847954
844973
736841
427036
65053
522033
268072
201172
830975
624295
779152
953069
852485
902852
69381
846730
51012
916227
88057
226898
119850
851090
420714
202996
189871
730653
381864
636922
163499
870006
635956
844745
962
883678
980292
226419
830842
980659
644196
204857
30637
16053
252342
9696
965594
470262
946202
789486
520405
731614
437672
123521
402335
806168
762522
638029
40464
425693
213319
2544
513392
786651
572170
517364
187174
428097
124929
413408
196616
681898
897202
492923
406161
336483
659911
332894
860016
450075
759162
447093
185021
111718
839244
742866
768198
462510
783854
69741
42248
581622
77187
170428
876730
268556
493821
829547
557250
270987
117028
435641
365771
757514
772533
503535
694254
577253
199399
742972
972045
845349
497353
510322
421439
766031
416134
433111
775845
555526
310411
141801
532187
381917
634495
892466
172555
76029
417585
460419
410779
191151
230672
805008
475014
710856
328595
952616
960968
201134
720761
716815
131379
900042
70186
299513
969055
522572
758973
790437
484606
296149
237075
561236
906510
334790
442656
853413
599143
422307
679178
299599
695924
62819
805481
455098
760382
917718
462447
24314
307684
10803
136545
380073
599783
456765
257923
926495
307554
309394
377043
764881
350999
386256
621419
648771
487652
360932
202377
565547
587924
963760
567852
345060
667473
206680
298069
870859
324856
588330
941165
680506
269061
534696
842885
318047
957485
207667
112759
171064
547339
150549
981484
278509
852210
6378
343095
453961
888673
105708
690079
240342
279828
619546
642107
604693
510519
208069
199733
856215
961973
801463
575664
602235
579375
573632
664198
848965
88585
260126
428394
133974
189214
918344
407533
515982
232723
909975
456476
85755
551561
250322
215750
189692
749548
478868
206811
325174
671593
976796
915055
492146
966588
254385
351134
923154
467303
519216
357770
632302
432446
726387
241920
604496
429727
910752
786809
145672
10880
235275
338108
836780
364769
276361
27937
785903
556000
733906
275312
61020
991915
306834
277799
928944
419855
150348
863450
889234
449903
996523
609333
706800
530321
13543
757021
753527
204947
537936
5813
860334
412347
63931
978365
261424
454636
549446
531604
369476
655155
634952
889182
652699
744321
95898
674880
721765
657588
900029
450568
696016
171406
827623
202986
445278
576326
686509
430309
828705
459773
317582
381765
233878
825161
958873
871681
178460
605102
339900
551236
264719
769899
856747
373897
561285
406896
64873
356703
516709
565677
862390
891532
670367
159429
188565
584014
873739
492577
515001
380860
953058
508513
528396
944780
414035
887342
667227
894382
111107
204139
326048
439508
710436
344266
436077
919445
530416
725819
235251
159335
829251
673342
448557
669642
826003
175065
185324
79684
325517
394214
609855
995591
343884
653700
107006
682670
680184
890414
704308
3110
651641
432936
420070
67690
963863
601877
735044
645926
670192
678438
357355
92925
140501
426285
297813
835942
50945
414991
557790
94705
204982
29528
677939
406888
406262
26985
850201
777616
288027
619276
266199
502607
263443
47208
76482
406887
254268
803216
393827
863264
352024
143797
31174
276548
634861
839420
169442
338756
832252
405547
835424
866552
341019
773500
13578
133380
573809
975700
664337
805462
146702
475277
474363
199499
909477
688687
890471
278449
393447
378174
178302
495783
9084
506093
359736
706593
641056
394928
4808
117064
547288
716143
104613
875326
515472
465622
961398
527551
376915
736905
767258
443235
429926
329973
367057
510976
863489
952258
842378
244268
333995
871909
78793
151840
780401
932881
295092
469688
296322
221773
836091
627222
710506
299233
744035
519143
228521
317482
599341
451901
741872
820621
388327
622940
372407
269640
288206
106640
118718
983268
184862
313403
770014
864071
172857
711149
544202
37157
451440
174699
495720
69591
119984
970002
15686
198660
837131
738390
893754
180987
638370
794659
517467
33379
871917
160868
483925
815754
572135
825377
495661
765081
427160
76035
234642
439721
124736
753395
245852
861358
676253
894689
384740
949585
48858
647201
555710
982684
872724
741999
982743
468111
215305
214035
265192
629199
893471
963999
628564
3518
978575
288918
994532
485862
609196
235495
821788
895246
128724
955478
713146
179823
55858
295228
235146
798720
835948
336805
34025
316462
253552
682583
468500
235048
98582
42162
276908
780758
464562
613811
841736
420009
70714
692306
748663
497485
672782
698444
273873
414204
423784
715579
733496
992364
679009
821728
413168
131048
330844
265027
88216
971773
642004
564402
734789
597770
270782
130149
339770
628923
115930
429058
110469
551311
794460
291067
673528
968148
475505
801493
210115
396405
219376
811268
36715
16170
802206
73138
83753
712333
190750
145951
572577
394445
466611
936675
947837
762939
825971
369166
761318
38018
869515
167600
277023
605620
451689
679732
331198
159807
967114
841255
786247
305982
290656
931607
88742
336107
936542
587478
170697
868979
963812
783454
534552
610914
880194
401486
566866
873853
923691
923731
76421
92975
806712
429218
69289
259803
489173
87201
941338
752144
590348
642725
494769
238107
821356
981654
921790
955253
590997
559023
471075
107677
630115
528162
52047
986817
329717
390680
160406
922710
377881
820886
563434
720455
40086
377339
221817
202057
34325
77926
509538
340429
778860
816628
363924
455631
563208
457191
30150
85580
68087
254754
992845
565584
472976
109264
411805
448621
610495
790053
648862
576008
335153
735228
925866
470093
281304
612704
494689
761538
312027
335335
298410
561657
646878
349431
264518
546271
693993
526444
14994
306162
497719
460562
28505
156752
120478
772301
886995
786218
466709
316184
885567
66263
686119
646186
815960
99589
649011
816884
142774
203274
390045
654855
801540
361881
841365
522579
648154
262288
959426
600267
164023
10605
243530
724836
870172
581793
237441
177339
150215
451261
741675
675158
794891
284297
17007
43971
458377
254515
236443
194908
504845
659109
191054
182700
511175
244655
520518
909676
942371
300835
579079
354598
845512
689280
161892
788411
358826
550150
969389
799360
671245
240233
590773
572034
587223
330272
261630
687658
730255
821148
435331
942460
141176
272982
382306
282489
286852
922305
76517
219237
828151
283167
887084
430691
837210
435376
684344
753404
460503
316548
69654
376446
135736
153138
113318
985857
858039
389217
377287
330181
145153
472131
306976
224759
189132
949538
15566
229394
452369
301139
886501
19170
108904
838023
220517
267492
855168
900223
883515
176778
742071
979104
164016
958299
12188
71516
726962
648246
502206
712464
270077
962742
973232
48685
487590
630961
521949
768013
528324
466715
42754
222311
873211
437641
625356
654942
91622
128143
795406
923379
584480
837386
906654
91611
763888
649721
74445
612076
862927
565510
94146
