743
695670
48386
487416
526274
939119
446851
349495
828816
605802
254154
348552
994385
35518
526809
965789
882202
383222
45847
504623
900907
968573
484428
686061
788033
120533
899129
885330
137465
790401
404818
974543
675676
525059
251225
677672
90891
824640
271000
93467
750408
11263
287867
996346
959070
47376
20679
490842
729839
19849
169979
914404
927896
950892
643970
801864
312898
490724
12241
530322
415432
381806
253155
542613
771136
781781
257871
816899
988840
972757
734850
537439
403887
928225
147871
261641
145437
768321
161008
275768
669407
487315
403847
791495
287987
817265
622645
934246
227884
684467
26278
662449
150051
399691
190423
943261
706170
788303
208310
695438
452366
962132
373461
767559
928249
909301
229642
259833
451328
565811
452773
611324
439712
398582
676238
135131
10736
56946
952443
923145
879539
439333
604876
703346
767420
42044
212803
612653
452094
77334
233763
467213
205999
637664
70692
338775
653657
476127
931983
258510
78205
117836
383164
58537
748580
658137
338278
679398
506883
206418
868008
312567
771082
923743
14167
756891
728969
417061
907195
83400
385471
823437
103594
395076
814017
303196
759235
738067
696132
291841
279044
427531
303047
546350
757001
588163
773279
260446
984738
633002
467360
583220
596303
402484
27493
366660
7834
153198
685373
726315
46673
250547
5746
862040
431007
791543
439095
268398
58950
296960
666541
134402
638140
161461
191570
373055
147743
408655
887111
644841
319509
550764
109820
695806
586308
555522
943930
711864
711595
788720
540812
173872
754203
360496
299019
946461
375574
969065
172229
171513
758850
393249
588553
216324
621130
938192
707154
366370
467538
649616
804942
642975
258004
471088
383689
463699
773404
532967
934139
169441
209308
4261
751146
990361
943725
628229
358973
657725
904547
418399
322911
434273
590219
422139
218316
337963
245124
619104
342843
178042
620151
217418
340456
949988
622772
832313
424637
630039
849194
216358
464092
406304
448643
259089
983372
764746
845850
962997
490429
454303
34650
865693
280569
231050
523252
56592
154858
67100
309436
899880
632706
772845
913185
375489
164106
573787
43335
491532
98379
49838
984259
292995
516435
986780
208114
277559
623460
309287
843638
289605
249919
505444
632654
204839
819912
819096
773073
440614
966678
457723
835655
653806
604505
811422
527396
209338
591016
938856
900194
554990
663079
170620
974586
876099
942034
517623
540286
573596
31016
479381
778518
527224
289014
468211
163733
726785
395774
801263
747511
89985
880133
991339
567353
425716
726198
662705
483669
136376
951350
451824
603865
343648
70149
257957
102563
56169
924109
141205
858107
865924
642315
912118
697101
614738
749143
695277
580353
191406
561745
69938
384121
78755
614826
573841
656806
916542
826444
402185
667079
398591
957927
172503
754560
137641
899993
944205
676371
870649
165945
635035
177277
871155
950977
752431
2735
357143
975509
451833
642599
778099
731124
592263
265451
645778
362554
591376
123938
971346
280015
119628
479439
50963
558192
463040
669611
153996
903448
973080
349341
237495
903754
761324
289176
667500
206206
748901
531601
89548
168038
334329
764572
846228
94363
935057
188962
537937
717033
185292
534977
590642
814388
434653
869056
416377
45061
742544
471405
172428
308981
332842
215830
790696
512308
419117
220640
691061
472310
402554
648007
293044
933180
345489
423026
992532
944250
892661
515186
642596
943402
37035
773463
26980
744749
968928
701551
134388
325081
252522
830492
845358
441251
905447
39889
712399
968426
464706
9833
884496
569310
34388
518947
544531
772747
720230
575742
114617
994054
338133
519597
520272
551346
273998
194487
872106
84911
607993
828015
94729
158049
895091
334602
950326
916120
765939
391266
917936
907233
301902
350726
92738
727656
742357
185851
836653
989960
309724
60372
124229
332337
497494
908265
612056
240693
565212
354935
163976
537583
72524
43284
448314
70288
565646
61901
32295
565256
801586
816094
237456
19917
656949
619085
963918
91338
924259
233827
264391
950759
716374
101128
84861
756273
258012
886266
445376
281447
690806
963433
66116
171232
762877
323315
601101
526811
74656
714743
537414
191909
464904
463960
983154
593313
155996
603536
130042
131319
108320
545518
147172
860444
52344
214190
228069
127161
88843
487987
965453
37371
334019
635235
985056
780086
76592
821855
638277
6070
145676
474013
16536
481444
526297
233317
545818
809234
570855
167204
507336
711139
898738
463152
419529
764762
899943
737305
746944
267965
642887
813032
766978
87525
928741
285047
874593
832613
901065
760684
829415
817237
322615
512084
591262
415994
829769
856920
311564
283731
801913
228894
712829
128259
228923
388030
973624
262550
928263
372575
951955
883057
3700
105774
131363
458651
631488
128570
396363
299362
997420
530095
662069
591147
633092
513774
587871
909274
531901
87365
91533
784346
692855
93072
116957
872969
147937
788203
884791
762947
678971
189906
302050
921866
999159
191448
415156
971855
865273
165376
718178
487519
788478
166588
694709
742701
62936
535808
48222
43640
409303
273601
937184
219992
902660
517647
208619
781291
12743
578188
392713
35926
975656
160008
216369
997434
290994
337659
80506
