6949
32653
776642
299956
730253
425996
558512
490087
592853
317542
440308
81404
140546
919268
63274
863983
28165
391441
793213
468361
419622
753176
823583
208466
770064
744459
838498
976420
16437
27328
545974
31771
119903
90902
232128
374377
277525
542869
964243
73030
800038
531443
800333
828036
514709
355571
37776
667968
797920
624040
890524
490677
497903
741848
535494
792170
922134
71099
118359
37324
692167
190883
474884
919510
104919
865461
337925
849580
853547
534485
712084
707528
425919
201952
764867
84427
720146
725267
680186
297973
660530
156489
731468
124208
445599
519137
704374
792519
933791
408766
97011
74548
563806
356519
203583
777942
916095
546895
7270
516993
106179
343536
713479
895408
303764
595152
9834
84629
380527
879526
13883
693073
445420
569365
676643
147071
831340
814743
782658
652523
39966
501685
90378
895585
832173
888370
733179
43103
460234
826440
111735
440492
812625
977674
315009
120322
831579
419304
605782
107942
24031
769681
851560
812953
93637
606003
193011
472934
793801
984990
454398
901276
104328
784134
185776
278
334059
741671
773133
750198
996589
416067
846859
739632
775434
641351
939605
201282
757765
627084
610779
648130
70742
61113
356692
434447
565231
560261
767441
815081
666538
88538
108799
949853
485329
140757
438649
881305
637961
431018
158280
728606
438747
739429
109240
700818
869792
223563
151448
417333
788489
307807
302989
862380
344841
87552
362579
893049
392799
157039
539090
680140
337603
737967
993880
561970
627564
398853
449081
475308
19196
340767
25152
586971
173577
921041
757713
990934
310985
916026
624733
341406
791257
993221
474624
623593
304362
305867
197690
550810
910409
765462
203144
688018
922249
952705
439262
839328
54862
817723
419652
637332
154297
825066
267402
1265
557291
207980
206121
584448
425976
703608
765048
216385
369258
569635
881927
139837
148591
607615
13852
405431
161376
137502
182472
737856
6894
755124
824484
718186
670443
891738
723885
700500
400435
199087
946745
662117
765045
460889
514646
989204
128801
50601
201918
236579
999216
956445
593016
889707
192075
778238
326413
294931
416025
479274
586981
532890
369704
284332
485631
562388
491511
888839
792522
379122
794141
487186
786786
492409
317658
142909
296362
669333
547257
910193
286786
789639
539998
489110
171621
608505
50866
616814
737122
661746
400999
498718
473589
885924
821482
751245
851138
882083
76453
480741
673901
953264
863981
513207
171416
138612
59983
57787
507898
603336
738930
413429
658393
571185
853801
650290
209636
459497
226200
850609
352623
559576
171263
335007
795787
998178
359656
231483
679425
501721
517289
461401
846763
214995
933591
394882
258800
732375
750983
193464
735194
686449
9474
946775
682774
790693
732676
374614
662855
321408
434993
161133
869318
736010
660949
464337
653819
420631
24342
430363
878545
853756
92025
106247
609049
277855
271373
216855
148989
311400
105464
739991
265246
170068
934684
811068
509709
472104
35749
185254
502819
293698
239665
939589
870206
212618
876893
905687
397976
988744
100200
834767
944005
336080
351431
103313
398985
468120
410437
689562
519955
575978
447507
467645
685658
592628
984819
883528
938387
721789
968253
2245
753612
318066
621005
800988
624552
784223
189258
533782
901687
956025
954963
124540
109425
180695
545607
608798
45008
726465
118961
954031
899015
337505
848271
763022
172066
616727
754622
312096
546683
862312
218435
815320
910166
435990
686840
180504
910234
753994
493777
561201
622317
166382
740106
166983
919146
935191
419567
907216
46082
673184
24455
987003
984428
269970
359134
221549
917834
808639
860974
114726
982490
435438
203561
348610
479893
744240
389158
753884
626344
685841
791205
291213
511628
392618
309952
238162
62724
4499
283185
646923
715442
922167
601018
955744
955223
353408
212853
669054
251622
36656
897208
974527
551363
881617
108388
753384
618397
502789
860683
489164
363044
941687
56635
843533
550441
99250
872107
245570
860306
707344
97345
327412
354742
738314
163326
271299
412955
103983
603719
903270
315465
615600
702225
907152
580682
343448
614503
743597
437569
358936
792603
391627
23333
72512
238599
248918
263768
502282
405375
693948
682856
425681
121877
133039
422433
943711
158215
205897
795340
496035
501129
282633
12489
102849
457323
960507
400260
145604
389416
210422
178839
691119
399050
10879
656764
706865
998972
98443
278381
536950
358062
266914
186778
268826
775903
116639
954566
167224
77450
496212
454527
736161
525807
35018
417016
4073
777724
982950
164868
78619
782872
894055
255025
781516
906381
124811
443199
162317
419151
914449
828156
606074
564717
53658
999741
961391
994579
376745
790523
179354
217145
125257
592775
180204
728620
511886
101483
385193
566391
907443
424031
228320
668462
370978
608293
912116
210966
505811
888514
38040
159604
625228
916313
236377
508657
875078
671845
16981
249191
872112
887634
864841
345802
122829
59001
553224
144629
998840
762230
492168
313488
424328
853864
92759
172316
745678
354949
289579
447323
641851
170327
595734
938527
310431
392727
900952
672109
771340
594340
233806
645388
778905
408032
502537
931568
995522
839208
410490
184318
118765
860206
924169
838012
366279
285236
761156
30743
141453
877158
57076
822863
892647
761109
638028
12931
17518
524620
44027
813908
654286
150993
57825
70329
616007
25209
781149
245407
109901
407784
352389
120187
209616
76901
618351
729773
416470
508438
962092
606034
797571
587036
906005
297574
567995
488717
560765
44244
816222
260298
944838
367517
88562
418749
686031
97824
265823
322930
285771
310923
319699
903502
414957
123103
811142
203440
420735
880729
947159
177954
657362
276482
481877
719419
487248
46677
990235
70549
517229
319176
22163
790055
463676
250233
106779
519294
37278
229814
279556
126429
393237
573481
546167
35565
345142
361310
126258
426658
17725
200307
377712
624557
825210
451867
156903
764311
807850
317262
995243
568769
272609
485905
494960
800117
659746
727325
415020
552616
463249
59375
659739
827854
416255
121643
537052
879770
535333
67438
140409
466577
519149
420079
434116
800202
952745
832336
863324
895300
910886
486151
868495
286436
490523
612835
236313
187273
545916
752766
919819
665102
843308
188286
894535
513179
25551
758727
996968
921064
646397
700865
166526
692624
722066
566081
542390
515789
848546
874518
693401
70358
187914
93491
785067
2962
422370
697268
611635
270327
591374
848526
129115
765060
452212
615192
920237
312279
502535
208432
641661
404460
667970
659851
466214
509490
156913
487773
705260
877131
321065
50081
276097
194017
712984
12165
652003
781280
963319
594742
159074
43987
66844
911427
619967
241950
146283
329264
851888
419669
171885
908954
427457
481400
503737
409154
976404
368909
879822
669111
832841
530136
438851
762468
254073
304760
987221
592948
389211
565281
947616
849245
701961
994993
203113
173008
118621
496561
838808
890811
223861
338411
180995
751865
671895
246243
993956
320920
530477
305779
269293
449092
654705
6086
74802
507028
76132
954609
541445
527217
259895
767209
621216
911391
597709
862565
257530
21545
229080
827729
842940
282797
900448
343723
557453
696897
611170
371966
528394
931073
603093
845497
896081
106167
602312
490604
548604
238373
75879
581214
982060
103665
475996
325197
124795
355566
479441
961091
877459
878979
323092
711761
954781
553082
496404
104363
31633
364199
521736
348575
547436
778162
163951
337523
750272
835780
272818
692699
4133
530186
153253
941332
894989
698921
983980
136288
605045
321534
10170
577950
273592
103504
562293
954757
403966
54613
81974
170877
653649
600605
991276
189914
215376
272159
506207
529334
927100
657183
797842
555753
983151
360504
840387
282087
225581
662155
943884
345143
597971
634884
966187
253708
853740
430726
81759
623170
544419
182003
234345
876342
142738
957977
688434
743170
785657
531260
700171
860948
415242
115260
859022
101289
119520
689443
3044
442795
208
949965
388705
237157
327896
602868
718537
751903
568373
276952
658550
494427
994384
706055
537105
300202
580056
596494
798269
564907
883563
961212
505300
738209
180333
395279
59465
565616
578747
793214
762861
563764
425722
187938
740557
438207
827529
874626
239928
878509
651221
228217
352350
736740
902154
931718
778963
644589
833895
681776
891059
785322
833706
573716
358432
624755
318251
847117
425639
349137
199813
161662
218689
954582
43182
900735
180149
489879
457384
74913
411611
507336
202448
907808
369467
10866
144724
643300
665875
542931
295618
174260
71287
604434
454011
145464
983827
629085
667142
857000
945036
62305
218817
348311
872389
987621
95922
717910
200062
58372
311675
51270
855702
938757
617836
931390
898929
931864
848371
840404
846900
362800
864366
79692
10925
292855
345441
632603
399568
361267
358403
161430
5340
416947
342067
867580
271965
601973
919176
231900
847818
322648
507205
280229
100174
464376
893227
273352
917220
854699
96873
6412
675483
441047
758831
673646
648441
726382
164576
876786
611196
382856
826406
861450
902075
828699
270175
397346
391852
348953
707573
831750
636415
996263
744267
919665
269287
265013
644179
269811
703480
150654
125180
102269
578795
313182
996041
638092
968319
72331
6397
148400
767098
279281
855282
108024
927630
250350
735114
675836
263254
15335
689724
254407
759103
77509
946768
118303
492228
481936
648038
483761
905105
709478
668015
380254
998985
875031
377087
655644
348195
878880
606395
366922
386671
358147
502701
938709
783479
298047
824758
122112
792576
500721
647971
13651
357168
814983
527192
324194
33417
268573
35816
723256
379219
801526
179463
635617
426136
55000
943639
366801
437449
832516
136542
256564
82942
715280
511641
40147
319067
444899
918505
248992
444366
978317
492396
62942
641012
237952
214439
915759
559259
302895
522847
405371
519138
492674
436423
278202
101245
771443
974099
948383
701525
81992
82219
629986
456076
17901
762683
923496
914014
736365
394023
701456
883427
440653
16476
401308
547889
418501
670018
897210
512094
378396
838285
73199
389411
673951
235059
711135
778204
662269
130424
956859
948651
936066
451364
58247
899581
433518
599830
58374
186980
23986
879667
22085
226724
77766
805111
880450
834697
494697
470891
269367
235061
37494
513527
807686
280440
160288
765455
627586
639448
387082
432009
727447
489584
905734
548239
865048
995636
792295
164144
158115
478674
975620
408849
787251
639988
942220
840640
922178
27554
229313
44201
112025
753221
636371
65697
243445
686150
18458
333984
98264
688853
799662
929292
652585
377862
22118
341040
278280
986645
633516
215371
168818
596106
898362
505605
274126
995064
93747
163132
437074
519007
813216
354173
792661
207473
66693
540047
479409
570418
866015
312937
576980
10872
176637
818883
918052
635922
851704
648841
938572
286853
812561
863276
762536
814641
788901
688467
982089
486419
318159
261360
751589
874852
916890
573613
304926
461086
327009
767556
658861
671006
399430
666798
115179
277988
767435
160307
732924
757944
532496
987808
794072
939368
312105
303319
83319
43180
347
970944
815769
242986
940340
616157
605551
804948
241348
540284
315241
875375
300091
112261
280797
59567
958625
829683
658064
771583
982188
485216
919077
2332
925761
818488
25184
793121
548426
560144
611861
25117
365424
165839
57073
448224
342325
360010
707172
441749
964337
681518
404586
741641
896296
450134
376885
124682
320708
421053
935225
134762
351859
106317
510867
575395
657887
354262
100823
559828
594502
71898
21364
924458
321655
382405
933446
291994
797480
638074
940216
152010
653238
723720
371220
431311
821113
604987
354345
7185
432003
279887
883800
475083
93622
318784
779771
571951
375935
254524
250161
41830
218355
380474
380938
529461
492932
582052
622284
659579
722336
601776
965152
237975
524198
771981
728604
653286
806853
950520
122670
844074
951027
304429
862369
9926
30215
235963
171087
290789
991412
526192
582244
305339
903587
727988
801162
4964
371180
974066
720758
70760
695472
973041
119631
688096
331477
887169
525878
462194
886751
567504
984374
948343
697064
28636
652106
767422
114556
550275
247365
921514
6931
146422
170146
959158
201515
595660
812712
484249
258178
986227
700857
257924
345005
470017
163896
202761
308696
385960
3797
792085
682267
567112
227831
862814
458741
618655
928517
477208
661159
444763
962128
377312
798383
475408
684896
444220
516447
763397
867033
373114
503706
10025
313481
92340
552171
672611
260113
400373
518274
605639
253102
388214
765516
354916
98596
768129
675502
155066
36806
484023
379037
364425
71140
728045
110813
390404
608401
428592
738899
246373
406543
493481
454793
204442
526810
633116
458111
651421
927438
782090
671016
973601
290101
617079
936776
708200
858353
379206
962727
622577
976194
367488
431538
69007
775861
648435
928047
144405
447082
147895
893723
366766
155008
455564
603171
656073
413727
557023
917563
232689
616545
746091
739421
57978
454814
772668
93473
146775
771410
97744
477045
865353
531245
68374
10234
898418
406328
499288
105084
109576
942751
400244
538059
88037
977439
287813
541946
565114
442700
612898
624948
412196
743551
7676
721014
824855
873500
711915
661420
764278
727868
653186
707052
733445
415931
688350
223177
385014
597855
456510
792469
500063
415011
2956
108791
968013
862048
295418
636836
205938
881239
5960
236413
921529
539613
519842
31877
974714
596579
502693
937662
803913
630817
130562
620575
645801
81055
861627
78963
594846
827296
724107
172496
626720
617259
289314
248755
472620
635255
274702
375797
77044
988338
904821
680620
975990
130990
316031
697377
969130
931753
917392
28265
531156
132791
257843
139234
762618
50766
767378
366924
815792
894062
344033
52801
262031
495275
779675
886226
908420
86168
374309
596736
662084
450322
714894
949140
593117
500198
271608
74971
522216
968864
357264
312194
145243
5425
309112
2249
803195
471483
746759
985959
458286
440573
991910
157307
726254
721046
212763
842218
584986
569399
377698
295513
478374
442154
539895
42888
223667
808441
369265
825161
978554
620092
785864
885661
275041
825667
136439
441194
793264
157212
462589
267610
237533
770305
500413
823634
312707
547425
751301
694193
821129
534315
828373
220127
513903
24211
430878
338748
886555
915854
127103
992355
48114
929757
81613
95467
524129
850259
407510
457821
749154
278104
264119
182785
254318
303113
430555
852497
307199
678653
763216
1103
769857
877475
178311
640114
200789
154439
246760
813052
701696
648691
429776
609447
511478
553714
420648
446525
373887
144816
316643
157895
18884
80253
416275
411741
551737
89648
650153
651100
461926
688040
688903
22838
272979
123630
681284
107812
713103
88950
317819
460470
574301
858693
996880
330378
81596
486828
218817
187355
135762
239410
606564
858353
769460
485584
768003
150262
418708
414037
560848
113449
615304
630058
665606
731627
70067
509296
783647
356919
611346
44741
578924
620527
239973
919334
536340
314705
391415
788526
45099
520200
193100
948349
231150
155999
781991
745396
175193
33552
782261
514332
937957
511931
592665
885478
946273
164082
760085
143949
644972
843953
881361
434328
253517
478955
145292
865147
623535
180863
641244
83741
417532
451274
483299
948469
804436
985878
876496
746061
250602
750767
435343
20009
470523
253590
164879
294465
757164
521935
609773
980457
1024
459733
576450
772497
903219
569902
686662
728873
725493
78041
570847
554333
250886
868707
745866
659006
490410
158936
181732
643200
630026
938391
513110
968800
188391
126719
544027
998494
665211
277125
222448
654312
675886
237480
892183
865815
407986
816059
166727
509906
855291
157409
950323
165072
608414
175640
18165
188220
314757
225067
774039
976561
778317
737163
590398
227620
266492
981241
268788
34913
727906
637530
619728
424046
485067
413804
128324
26700
520541
364888
144771
32219
23637
315357
808333
931421
270552
991340
833240
55891
254841
167507
205021
131331
149382
859409
44092
994011
137487
35656
312524
262448
690804
115152
732739
143967
656938
2663
861439
348244
63946
962759
53743
753705
287957
48656
211808
519974
411464
21925
698024
917159
817048
259091
849193
116635
500491
221802
454914
512360
719987
36016
417560
973932
967559
422251
659068
625503
710559
722205
775673
872788
703436
576141
662205
948638
500561
385407
881122
857999
223362
482757
404439
545884
843320
593262
558703
723164
397039
474077
986694
739823
798524
623222
364748
519868
471341
986289
460015
710738
433599
467280
285993
723120
812342
550701
802915
554144
719709
927917
225924
559293
746778
559633
941019
302998
837741
900843
817893
547051
420677
256685
576123
547156
839231
872476
403803
488385
621244
276452
658193
669148
218525
134854
335937
389067
330526
82861
11732
677201
836108
167582
347261
391828
968740
101516
270119
478841
973258
172363
557757
909227
149666
772637
230805
712635
859151
204585
553530
830626
291270
232649
340820
208417
498894
413314
955126
715081
364054
196559
400452
314711
345970
617366
362239
529015
126900
188540
418223
506025
683875
246036
404844
477505
326235
153714
654152
254664
992896
469406
62812
189697
130528
538788
865262
488326
27557
441033
56700
206736
228339
483416
439975
381268
274084
477914
276735
359115
477789
29667
588455
980875
355213
423305
851685
980369
148994
977328
298696
459360
400359
303041
872310
658690
440478
998521
752017
134253
353078
559645
347334
940097
618057
348108
911986
204718
890613
990444
533488
561907
74805
801030
364163
333377
182299
762606
149085
525374
366828
773979
524234
475749
904472
206229
138812
644170
579988
722572
147251
737403
621718
354820
640713
371778
933100
180654
352727
525640
898042
290579
304456
292564
43022
585001
287544
495024
642082
269896
87240
41964
79597
103606
504513
442428
584486
412830
211234
191420
803542
934880
505479
485460
897752
660930
250872
235511
567792
354051
665292
866501
59014
145168
360440
600081
510910
995216
111097
345980
936948
767386
243993
779840
725849
106182
656992
247241
968485
995873
251035
29629
881976
590330
743682
600093
38289
533081
690888
175875
388841
632463
707652
437451
777965
928425
619575
371151
326295
287870
875065
290954
798248
338920
860293
29854
711940
137551
82781
883824
181417
665569
304283
915313
738125
676702
713686
519352
504660
699407
493
311947
209259
51926
500147
928125
960132
611873
887543
221169
560046
577208
592302
803708
711760
191926
280896
769641
391681
814101
300716
728598
372231
386658
501784
728379
414059
164687
727737
886923
695605
817191
444443
694706
451018
146204
957773
319743
53278
26300
727597
649052
794007
798914
20747
361912
823296
775881
120381
597189
138342
338908
606079
610845
383955
204072
194500
29952
889700
805651
107997
253560
733385
791013
807109
890589
221913
645156
758279
34165
268688
137535
38668
819059
131238
450656
199941
350624
462476
768292
281841
203607
185414
556839
723467
770538
284640
887928
184340
176611
461966
544748
567224
101732
706276
411086
959712
877040
261038
387444
735059
168642
886765
979757
214217
639131
572271
793110
238670
643546
797577
833548
380751
839491
108788
709371
404421
543842
173954
172373
21051
896392
811771
650975
547965
517044
109272
602661
154591
613262
69531
483726
791399
583884
905417
184394
558232
204599
982853
828135
964764
832776
75851
667523
54221
163884
659461
729052
646240
485415
268877
911875
747310
133780
147904
658799
843872
313675
930491
381166
592119
406619
73461
465271
986678
496054
674937
682906
281964
865452
107582
606616
146146
619984
445861
913167
413789
857911
106830
4750
626640
702046
395862
347719
742625
643883
71473
412258
663190
708492
66593
451118
67484
405180
939281
232114
660276
503844
941072
5154
241466
979102
560557
444269
188499
274324
12459
845491
645235
170055
965217
137492
743241
139436
114929
808292
113543
888304
66274
887930
523409
932829
998365
608872
988225
984021
856001
568388
498517
505018
292835
169893
739510
254000
796517
336298
855141
833530
892017
894836
170180
291521
329107
912371
983359
563955
315633
839710
51861
811016
611623
734844
137159
523744
599107
109280
569755
159561
584410
359090
900941
727900
51205
785319
584659
876870
255228
476242
947148
822692
885836
423188
921988
565128
977144
483055
333222
981209
994026
515513
902655
752407
437460
527852
998443
389435
752232
548762
754462
446716
342192
923070
191505
5166
111626
676333
247430
779845
355524
261099
71098
748920
415440
920537
183463
655105
117540
935884
66547
298624
952433
13178
455032
341439
49085
156174
509169
619537
748831
516059
308797
776787
554199
563820
547347
227988
678343
140089
757251
462289
597202
15095
367077
564633
814416
356167
636960
354191
902251
648334
556184
392142
131161
918756
622581
976935
99830
605285
453197
618629
363644
890214
709357
309106
405922
171074
903305
944370
952527
957202
631101
697805
192442
199738
677119
488491
45664
15392
329124
580567
615264
249080
317963
867878
444790
380091
928298
385073
360402
292214
781747
951933
161940
873535
756002
721660
778471
589250
541286
268652
679543
835001
92009
697822
674256
793466
386494
696849
226133
7594
913446
848573
146009
568655
871935
875051
701341
242884
84874
569793
823591
696069
328087
965148
615611
606378
359503
108054
404984
36721
524574
484263
329874
639156
351931
29543
583528
706617
607317
438257
544258
128872
421916
929252
489704
289815
123241
966723
91425
329665
157450
35644
921991
156438
448046
181894
352067
131372
56233
222627
23019
775571
45925
179653
328501
90054
217190
801165
616726
816956
420536
567534
533947
75870
52855
180912
696355
777812
11323
560849
662167
570809
723614
854470
528263
450669
909931
475295
794115
841352
311844
750152
715666
381227
457072
306411
179571
796595
45727
856179
786797
622279
656476
306668
224917
916113
233134
775174
813980
904714
940394
932792
910162
729389
583161
906434
904891
539021
841090
402698
350860
342146
486579
54504
699587
680831
146609
803261
606816
140287
288538
202238
757315
382750
184691
137871
649571
909508
631155
305610
731432
406460
183915
906270
457318
559843
948752
612052
469175
605051
891175
510765
581364
733663
556875
17320
850832
807825
426334
495072
393041
13103
284810
161681
928171
11141
127923
858043
193530
586363
346107
742815
531803
233967
266545
428582
584104
978718
800791
158689
89487
100347
419342
156523
843919
887586
14944
126699
644878
957990
873514
590454
496985
118214
994084
593105
341688
936447
683470
732692
884461
725627
178809
739369
229065
567783
738352
393332
623660
283682
141441
414285
131351
829777
414507
815144
369007
528911
106405
270358
350801
327106
361481
3428
705740
281097
276444
900001
340287
551889
385018
294910
942800
7879
948002
281229
113414
565159
959196
27308
598852
286515
380163
237435
2083
975680
406835
969096
530475
510314
115087
876940
156013
586536
127919
273679
597247
519738
397157
77734
495509
381567
873771
309213
270776
666659
535402
721711
865382
97717
726313
132402
203847
10710
683792
925648
92423
482701
243096
385903
311444
145080
567634
630962
28790
703965
367952
827225
554693
706975
530292
31236
288588
667980
240851
315029
301433
200083
394437
710962
278653
959891
944779
251434
28614
401166
974494
674415
987798
610492
722448
624449
33856
380028
968929
117676
962303
622182
479393
188519
574643
279355
715708
545502
127801
194558
264551
884106
171493
178908
205990
828155
333407
682438
239287
623607
127959
951327
310494
592701
789158
683537
96078
766370
864515
59706
490033
427101
87262
962884
283732
696478
192476
218003
167858
363288
535600
627159
284252
39328
803282
663937
710402
272685
878367
333074
830816
383999
447949
858766
431047
180189
605321
172368
976326
441399
486639
383415
88822
786089
551589
72190
899295
720992
70741
461546
488906
530071
188869
927068
420132
609467
343188
458246
490252
290797
532563
856762
714362
716197
367933
745374
331339
589876
605845
808380
626029
143202
129691
617014
164899
698613
752362
411286
73781
121747
286577
107396
364472
329855
743435
479185
978613
523327
894718
746735
511161
981342
842957
919491
323577
699918
361594
807891
707295
58085
408924
579098
624629
257416
182936
866747
712621
466917
432895
485010
750730
887386
347460
626853
65583
906483
799128
95481
236290
941712
804324
505089
613373
418725
112738
840754
561873
628124
61017
434930
241014
799701
833587
338798
881812
929229
683644
173258
812167
319004
66681
468404
997267
631448
291555
803154
498660
90264
845311
897177
762432
845139
45595
197951
245003
285798
420071
29512
33014
535476
505197
450557
108934
103527
634094
685116
642364
28693
454427
700328
782246
367935
139180
534720
714818
39731
32737
199693
512650
877393
248851
457717
767137
426666
188918
279214
113368
144068
405614
345356
245725
98170
406026
209914
232512
114880
49569
581831
158691
635461
82504
662040
572734
275569
200109
815996
743821
207117
306579
285789
237846
49282
738922
889873
922650
358714
665738
628688
725144
762915
217804
257472
312120
843218
918853
288685
496923
759812
754080
567764
550780
523135
515415
828318
982467
133655
297230
352490
653286
89356
475468
707075
812668
993745
417878
644593
243040
159335
356650
111019
164734
151528
226901
150826
71101
729120
44977
639064
999689
996822
818175
326311
170300
130344
498652
448767
404392
49364
147939
550799
989763
262547
705760
148037
494960
215135
818028
319384
404326
589078
572202
521922
761471
68087
315036
44620
672863
970569
22371
725121
849087
791962
358289
422852
733909
629541
178796
525950
493986
78989
855874
918255
727511
666758
683940
306470
128549
431891
968128
145740
606624
794473
422943
983706
740303
780723
582199
588778
555666
783599
282926
190059
25200
584949
812076
239279
58813
835352
999515
637791
397732
186213
169086
691534
661719
271816
672107
590890
223248
461135
956710
904335
458498
96582
33116
852021
434273
789376
530105
629322
367371
891127
979686
19227
659921
700683
417954
109099
273190
890534
312124
142118
355811
712065
381354
519535
453877
890751
553418
282710
677540
174327
570546
199141
788864
813583
143605
784473
709418
315779
694709
444206
991804
883525
80608
169620
608534
62463
771529
780477
955910
693364
795363
283160
897555
804036
258716
876952
234662
72014
700500
421357
147414
141872
848184
512148
644623
826538
525823
804106
886046
688928
723905
802780
192859
372286
450543
695130
211314
72630
69875
916329
522192
520868
426213
778296
829352
258771
92774
15755
695455
368281
931933
834035
188698
61341
323084
616990
19617
211897
301198
361226
290672
629498
936559
695701
559642
515076
597864
985457
444827
958419
916341
955059
185720
73372
456149
823114
527893
3794
360990
229132
351827
651332
291706
208556
365667
129379
116418
387656
834732
100834
620661
200799
435157
815286
359444
117408
134767
366589
794846
271837
295938
801595
493091
655519
617651
649471
389383
125779
182478
411044
866582
38881
361078
770803
687806
343517
714918
295334
203117
351638
329187
539911
733384
933836
761088
796535
663748
159296
147469
469963
477157
377251
911070
320721
581585
839088
51251
611504
352080
614421
637001
184045
583523
826060
799164
775370
197182
990601
240919
589385
11235
670860
924986
160334
833755
479766
44071
453922
95828
966136
560681
404820
17106
315206
680737
664250
983507
299627
861422
628629
110724
919126
664632
625938
13849
901458
687897
445101
484557
390580
152361
652528
776310
997869
117029
332185
944771
892672
748795
963034
372950
421453
657525
575866
96120
936779
354047
210969
887741
590420
844567
726736
965109
75994
64208
579255
184652
790391
867074
704
436671
303331
228305
857408
229051
949119
483545
61838
899796
345934
240243
530436
56926
16259
56231
343651
679916
40692
153902
864915
605091
331822
522402
534215
676025
646051
549060
99391
91984
153535
682281
895015
557545
280600
343363
245469
874502
747844
944200
956112
491553
49796
265793
636227
761922
224733
150001
461297
43841
531655
118368
102923
699992
363199
276931
818205
816612
448695
744969
348878
464312
471150
550340
43014
768478
14554
155378
473194
833451
934976
851112
380547
752190
941798
842522
368316
101781
448801
393545
402442
721035
74440
697481
771366
489970
579081
378542
733046
740169
579161
980563
774410
358426
716167
176902
3265
812467
798250
952147
58316
79102
602489
262124
200778
269760
179321
578930
910355
177194
306129
825250
478800
696991
632697
608927
700935
491139
478801
361623
490037
389884
844302
284949
955604
558537
307023
782499
48828
416187
643662
693338
216870
883155
309233
14280
299787
152122
404992
591164
186795
965911
232306
625328
718121
526929
216096
661716
685075
747809
367643
326003
575872
306770
809433
628740
703826
356888
147466
13455
320412
860170
962569
695098
902109
108094
519214
44976
965673
158080
945024
115309
949032
867246
877383
491368
211640
503347
414080
609820
596590
526366
984042
553205
941434
799646
550910
855956
898152
104860
331643
279487
738179
248053
486751
411752
983316
578067
689649
898840
702472
894183
133243
616056
698543
273541
653078
213372
123809
975323
588893
941100
966011
958671
549380
146641
739271
509557
568833
859320
636794
694634
66984
292517
93910
307920
136596
991000
659184
557606
914177
194869
525964
80642
698871
75090
469348
237422
721505
804578
204231
619869
920636
990520
247198
533384
276523
823099
64139
70826
921831
995493
896746
229588
647891
515831
869113
441773
161709
475261
494740
112714
150433
50361
937241
79142
149176
357615
414762
355326
683629
995276
412816
832332
111584
243380
930237
987741
948132
858983
242218
584785
972915
645583
737823
239727
163585
396200
717137
19682
877101
514892
78373
96148
551828
497818
479379
875302
248576
562370
449701
844937
29374
347824
145247
617916
909837
897427
439673
629026
306546
638793
992584
386367
971881
179113
884091
471375
805814
924588
187584
725827
958809
472824
982278
80473
481823
603915
586334
257622
623445
744129
886587
486051
385560
22081
473560
536834
808584
425674
265592
56491
611547
325654
882633
878087
85261
416104
431458
254600
878005
947127
565675
730979
916851
524727
761244
915307
854406
254400
335070
614603
816186
907101
904781
395616
623614
776500
437983
314097
630100
136461
527198
698508
395233
715840
975889
787710
426340
492607
899961
26670
953347
968190
601079
851478
643969
954363
673099
134239
451404
288237
620727
313881
497715
403533
850113
58644
52533
201403
648216
306717
121845
734223
187470
364632
515593
699005
192004
591415
918257
289764
797731
335124
119844
56563
155462
50993
207110
157048
601013
116745
951543
879431
136909
215890
96517
119555
884283
964370
635137
89804
59879
700955
84463
590085
634925
96549
341783
287936
637126
131718
673528
364425
824005
964176
505116
211020
870334
608647
583879
805603
115713
34365
838217
137280
844420
867660
233267
582580
111518
47344
740518
7705
223920
665087
995527
267874
79966
968517
623630
384829
966587
564416
272062
665314
740419
220597
757359
25212
237249
819245
641735
77232
641425
2831
731591
470670
310528
569499
957569
921363
858895
766464
919784
34648
358359
585051
34367
923483
638470
284814
819892
600745
685255
951224
490182
979684
77568
695766
2272
132086
106549
523382
258378
173715
957962
149267
886837
719844
307749
965202
692148
584085
15666
890840
250698
801852
82304
353734
831582
926948
909832
112210
750987
746166
545614
214147
960852
165507
542561
89096
43573
947633
245628
784118
423252
451583
708431
721821
763862
52214
544791
308933
724430
974510
75305
119818
542097
602490
750287
710417
907045
743409
111433
791206
841304
407450
399861
219188
219500
885235
614665
351008
72176
357662
655868
164610
192810
133033
628612
245184
665072
592952
9851
706569
176661
944273
138459
180907
885185
766852
318056
84818
414362
200309
158509
815006
849502
743431
117022
123679
360915
968487
907356
43888
847893
540402
102616
283117
463374
372100
10895
202194
510021
852318
929715
197233
170573
654195
716714
441743
901085
175055
743279
654812
606528
464421
45719
556430
926755
786163
986798
500121
820108
14676
267520
637069
62762
313890
338419
1675
179527
254405
726353
179557
194457
306013
988388
678482
437880
128200
399162
385482
204459
550992
179336
679812
91675
856052
428843
493386
777449
961809
123017
690933
476827
108205
157398
634251
889457
553761
957555
244977
974550
635808
546800
605070
988146
903080
514354
253439
27228
954243
901552
83888
406765
344762
860631
211357
228272
824023
89934
184166
213237
762838
419220
907016
269573
67944
93829
438718
645935
684899
590971
67379
984769
529097
992272
981666
582483
596018
927362
839820
620477
965273
978224
213717
8552
912705
493569
79356
924866
954050
635300
323061
711435
444148
471153
975461
198668
965878
566446
698169
677864
341596
150766
931876
226763
296883
478485
98483
242303
961969
251958
782670
265565
648958
651229
907277
478560
736857
371752
608372
546581
974377
527888
29453
915823
484961
51397
27296
355191
859918
947768
321938
808224
323584
964146
8280
279288
261714
506081
804182
960315
133528
890548
696280
914946
570149
818587
113579
287256
589174
833329
773081
644397
794815
417910
86400
141796
9231
99957
154510
626375
795874
849540
10524
971994
982211
309738
330531
815501
769564
215259
888095
813835
951452
299678
277118
766127
874947
212431
924485
930966
604365
540673
18368
471055
641144
709755
641636
274863
586292
168867
621571
786626
409127
503673
457514
614235
386138
39610
5914
87053
703235
335013
745634
291442
492399
122073
927701
309672
552780
736285
411437
590300
748432
134906
518588
574462
190218
492547
243595
673492
826499
964533
497169
3371
991696
622137
482065
527975
204599
538246
152593
644028
220220
79523
864114
887349
105991
156490
737009
924594
34803
635880
230969
681071
875701
614657
68770
373950
669607
772401
209034
628823
520624
344077
807758
793926
479122
699688
931878
553602
82768
152754
19867
588510
169402
504570
543781
83929
572182
201556
369957
984976
164781
49109
969723
104914
83439
155067
513093
781332
637828
388458
70965
148859
476144
344017
176718
397207
451809
795563
516731
783472
152920
672610
320396
547640
215858
680269
373837
536543
604434
319194
280709
63046
571693
389511
225544
876043
589554
716426
674489
223043
245460
877777
711008
201414
799157
728356
501668
47395
539824
437862
830757
13556
70403
535354
97976
180301
480984
905601
107200
424526
473198
455682
802341
225240
284009
625251
231860
833244
489650
896852
403283
256143
915212
24011
23007
673978
232949
52649
986596
342317
489333
712572
887032
314771
120006
827102
938100
886945
21535
739258
544976
677417
556959
64046
658458
293899
778387
809868
414355
407882
586212
221755
676006
134460
764512
707771
6342
432603
675
214790
342947
833914
436257
253265
291848
785937
363475
812786
263124
53049
791292
39579
532243
14515
497239
887876
220344
718306
302751
672039
974585
895385
449978
226405
166087
386831
897987
669702
547113
130415
933619
554462
345524
713420
939691
251914
964009
844658
504608
359322
872107
528407
474339
304457
381787
441457
281164
393639
767826
607585
699202
326295
856826
266381
684266
811764
511881
829131
344362
379023
890651
893112
718041
439316
426540
849449
157125
337675
944751
896057
566559
404858
565261
574658
768263
602087
892797
912935
346224
880762
946620
627661
370480
10049
192810
481321
905127
40590
925761
268276
445001
331131
220146
394364
584201
916174
787997
273620
910243
738423
785389
924972
868486
706486
13071
663099
473565
252633
830221
485144
645305
142115
327499
576424
713565
137801
195100
312050
277285
108694
115010
894735
854163
163246
893888
520765
924663
718127
937758
633554
794427
434163
91001
851533
945224
797554
808132
60872
680153
551685
933663
248842
897434
834949
31122
600953
474812
669074
77414
379436
962136
240111
994720
530526
507261
904779
337691
975743
773016
81947
260289
609765
597055
854818
511013
104545
602778
27218
147200
980012
661934
793676
66823
588607
569863
16708
552805
700481
245186
826240
841818
370907
88820
986367
228847
500328
233531
241974
14165
727752
113759
757877
109210
70996
955747
537193
467591
696619
982254
587578
728664
384043
868497
402517
151192
320828
111285
678724
652953
165766
7842
838648
125581
186626
473838
89897
14213
390766
238592
335508
243395
142682
667072
698915
803709
4128
227293
260907
298225
33457
726906
812367
345631
324745
141238
747713
854760
674244
530838
575593
767553
722443
472977
225950
816788
232871
543608
980497
692659
432822
296833
168713
322489
346106
922991
818568
179455
51726
47455
143501
685176
453813
223024
626739
79978
67275
542928
67703
195785
51101
97440
150551
295026
512660
621635
303957
925825
611340
489224
868634
736975
674307
846385
30520
209099
302444
715872
617416
625140
209699
166877
247218
466416
758332
362182
817675
773772
98292
928084
725849
639953
728969
417605
11249
206911
395173
396524
713345
127529
521077
427921
857322
917804
971673
244870
300101
954765
542196
15559
329095
575406
779746
977869
177663
184365
50825
475439
291964
36250
569609
512309
410123
276114
277773
699003
665053
920444
51011
405567
621832
461088
392808
574727
101796
877023
124732
927729
209622
604115
769621
258841
327529
38468
449232
219168
612376
597891
568418
690783
351016
175335
75788
345961
214514
518113
499245
261685
321086
338366
440305
288816
916491
864122
948455
806366
667628
914811
281649
210985
97996
458353
471317
930312
144786
63751
658544
84173
403039
448454
922249
462539
789748
468487
703747
205025
762225
787091
467117
882216
337337
372633
482932
614453
716721
701002
378616
588171
403942
183189
683067
611040
708174
804602
954294
585418
397350
276941
481414
278214
25851
542346
130819
720229
561349
456207
161585
320916
14381
236218
155152
320070
348976
86303
606670
987200
230171
354278
928861
522176
737078
576896
29342
612683
687997
493188
934012
253714
904777
256938
341782
126464
187278
217890
678356
829667
298813
640274
597659
690996
284042
939563
264027
578821
9032
679078
617285
104070
929328
581409
669402
676467
904512
30736
637855
634014
422016
300897
937453
767956
585951
660080
858085
16431
745276
161444
980288
16888
402370
41124
433476
31798
484779
286906
858066
62167
279461
247618
854364
55226
234577
14
91829
437591
331240
965210
936001
857804
550520
469222
354251
277189
162189
990070
909621
21894
204139
477538
579402
957144
434614
774426
403184
960142
290228
613754
495161
752178
79851
422214
669080
186641
805349
403842
987312
275040
962770
236721
31688
743434
917644
316008
302875
430935
507125
213261
248589
279674
688316
173233
10743
244983
630591
35848
639587
816943
855243
684481
68435
478601
839358
490822
187708
429887
17613
174546
119184
28802
420450
236073
201273
470667
755742
22073
112161
263744
417916
52363
563118
515134
842709
380262
299083
225609
166528
941504
515810
137166
284497
312546
977574
14160
824514
686871
913420
938999
402288
40528
562521
461810
302716
877079
36758
482244
168018
73006
552481
423794
516870
27396
438814
967688
826394
89491
641482
543811
608924
907417
468080
729758
662700
415600
306228
875388
566492
578892
613836
194478
851760
317137
1615
982626
152068
282511
346917
56425
880141
843227
296734
945251
508983
822219
705888
719753
167406
492365
689720
635927
573241
368292
992401
50900
963072
724032
132866
498495
449774
591226
79553
283544
303665
624745
694453
116680
371742
425571
266730
363886
355506
318868
130974
266566
86260
169396
848312
720056
645558
834664
50520
906683
46586
453559
302217
154532
772144
309927
364051
440911
334877
77492
619374
98472
676440
571820
715216
49623
808111
436010
316967
685382
81382
446572
296739
629008
835103
805907
765866
465095
167125
459000
869295
816354
469058
133542
578205
223617
154465
383927
217517
154079
571406
139598
877463
972819
700361
432238
478244
50051
348185
763637
828706
950245
382221
202873
99378
15475
528862
783678
918331
22123
667568
908688
664385
267264
479095
159363
297296
5728
170102
847109
260370
683811
267171
868701
1664
555853
614823
107714
605429
833536
601089
170010
95966
599169
174922
224078
262542
240613
103315
432710
51502
161239
908010
56838
695762
318857
384764
152868
800998
116789
532052
110757
613447
425551
627522
913460
101038
26761
179350
346110
42375
420482
241803
512109
311520
702412
414786
124030
450557
613912
50019
679041
723592
730881
717992
296813
584229
653041
299061
908509
328484
249140
596319
220203
612688
839895
550733
19303
21860
808700
165308
114037
870813
902589
275356
256064
100011
853243
999768
437791
504257
852226
780019
917186
864395
855002
975373
19544
563199
949869
1158
714433
838029
894928
230265
762923
251120
255728
130089
215115
380134
910042
514170
94522
533308
121382
61398
430058
644931
349505
201904
318595
975519
950806
216101
819166
200253
759193
221822
374237
333796
529840
527058
114469
325925
293949
693513
433529
463405
51852
640955
134452
10681
347222
976502
698722
237864
869808
710175
692796
504108
732179
236911
631807
211738
401864
28383
763432
613666
353072
15455
381326
167000
324781
388095
140251
286576
994929
848049
546536
289097
508001
721957
467829
123680
194789
679124
810242
676709
940495
271577
455628
378794
997605
262841
482023
386168
338957
294659
69556
532220
990676
115283
976000
27359
148058
35184
271674
931699
706654
380885
624270
845769
1634
237389
967778
812383
684347
329591
756076
88502
729783
295593
989422
375042
166698
549617
235279
529147
479831
902199
369175
605009
568888
821054
142343
41852
358763
81737
580051
805425
566329
355930
965245
148144
808707
686550
134031
882746
28811
479684
559221
405793
655708
636788
715893
251383
207703
12220
647371
890728
995100
14558
913509
990116
705745
530437
206967
408564
727122
92462
665020
707566
894005
196644
320395
835204
864696
810659
451474
34230
99338
557022
156273
491176
648114
728284
901941
740558
988896
78269
781615
533123
306191
123227
853616
896889
805843
615116
190564
101451
177540
196227
996169
143599
298823
259542
869898
30727
96886
361178
857276
166294
23787
792170
707380
778831
1774
968967
505730
210377
395512
723033
967311
58320
194660
549844
38991
222933
140209
383414
155426
211141
929078
330220
760973
435639
140515
478740
602191
406142
651503
385822
146339
814046
605155
397516
707666
553820
654467
711000
523889
45806
411220
904244
384126
147282
775375
467820
788883
994939
427744
976296
807109
885605
800987
210061
84764
490954
87996
830276
215598
664237
757529
839506
154970
513363
530726
805158
674654
734865
507941
229746
457750
755713
167592
844209
399762
201614
460932
538054
214674
322479
300308
800837
993952
972273
432039
29323
724298
584300
902407
900167
102011
741527
968999
647580
980982
360568
15656
58463
702574
647732
75720
424827
248004
415300
670695
835636
468125
829512
659127
802440
384159
286453
883840
798961
911689
325419
795726
786888
100653
346850
702776
559683
787786
562306
11277
61279
302154
17937
720924
197209
43604
367494
690144
954518
262991
186045
946630
770850
715381
434180
527069
936725
684047
242386
681369
966226
885778
200535
563844
376425
420182
899759
168706
940572
391279
831472
71231
563583
410986
364706
138423
410872
621414
567758
519905
486822
17036
818479
282425
998494
635564
646534
909289
212113
442613
542025
88403
476937
178961
863035
733245
369106
520347
63511
127578
1141
250174
58918
658673
387424
217003
692016
603244
87393
538934
906063
663167
645521
131726
167070
16691
387278
957719
794961
299790
201760
299622
251551
341025
288253
409240
349337
100974
460327
319951
613790
46067
712435
754762
491879
879000
296870
481696
379838
485680
760888
420313
465292
83887
262202
158057
655247
294825
397075
688010
317482
635267
777766
770997
673622
769336
638031
574844
344183
584330
191437
92359
391113
971587
64186
612649
795193
309798
882548
151838
248656
879607
856736
910627
698570
558308
35845
223282
817925
955727
95443
225241
629205
497785
369415
109814
545908
392396
570726
173265
759383
291204
270054
179606
260763
796284
592748
770349
737630
805009
538288
212856
425835
405173
270206
977064
815693
530066
465685
858749
696068
899416
861362
167704
513942
632293
511911
878398
363580
524176
553252
312811
912445
468050
198103
725712
926489
101778
630704
86444
11675
353996
599165
836802
723217
704093
422325
204348
967384
393709
609872
365020
472273
455353
550739
291547
905712
389948
41898
751328
927347
335481
340909
16350
922991
747176
982085
171018
627205
195642
307368
374200
575732
449931
611711
919569
143881
918436
534825
87859
576753
784937
215513
161765
827567
427877
251035
638709
161704
584368
779700
644017
113563
426875
613158
550270
192687
722616
732818
863832
785573
277672
42040
163046
227885
898626
700122
429049
449172
829309
865984
804641
566682
750203
609108
256684
990178
462482
497645
710972
855938
691959
211177
875972
739066
775817
277683
847519
619330
792632
700260
400396
892412
830608
918981
215050
120329
751142
97331
789708
175032
77149
198235
302234
348888
373973
991077
280964
734446
670961
693870
937091
449922
399748
107245
339501
197140
374680
577015
570324
894444
912538
746845
82173
342991
591589
489715
342008
407245
95081
902892
332833
937527
558264
835745
28913
479983
383469
941616
447553
326424
675513
312769
664285
516716
79051
920996
186753
704555
497691
863446
587123
985969
581460
935779
683196
705377
231708
38821
461188
94973
969665
744106
979401
507800
190401
304691
498108
340834
662006
396057
304888
1378
166428
531531
324703
874691
155713
795442
940435
868805
404040
176501
318094
769876
223065
779864
687583
195382
230760
727999
468034
796701
237601
892881
439578
208924
148909
14456
396109
770359
190756
315204
249916
518803
74959
451503
322462
692940
824408
963323
122872
186533
473681
972344
331387
363226
251165
187042
902521
714386
361983
105510
347525
238512
449917
736773
30375
663945
792048
686930
40313
788016
480875
308821
836578
504044
259782
299794
415788
604491
110470
921059
923203
91088
361066
655746
324300
991687
660116
779043
123167
577402
790226
239166
69795
800764
798409
574954
722501
284066
540541
263077
962517
368850
466751
405040
490749
580019
645108
830999
434206
209412
471997
733135
768456
251400
646984
813047
420566
623903
718323
128769
9508
804017
525400
920362
757103
581891
446585
448229
125511
722475
126153
544918
195571
660064
726101
387385
340769
703787
68621
481571
7176
134778
4211
274145
416412
34451
377503
665917
368941
271142
186540
952543
727709
99579
744067
720591
602364
693770
431874
163160
218498
839401
532872
765704
848616
315552
742944
761365
617955
711448
515655
502298
980606
549938
863963
601278
115858
670005
199139
291509
959781
308511
606581
868256
90845
366556
597128
53584
91743
530452
142550
415656
215305
829023
986989
542688
352968
304660
144595
125158
41878
296831
448724
647199
910227
9712
747434
649995
125119
997168
315719
514374
310226
75919
696577
879466
496824
938841
434714
475474
462444
170343
653355
625018
364592
923025
672493
45506
316710
773505
236260
784337
808335
453219
105065
324182
439069
981816
6226
158250
330678
691210
106880
662865
79944
598714
816644
39840
627331
862581
255534
186808
497272
398917
701236
802032
113356
994371
331836
227025
311576
929579
189510
934202
143841
381576
53049
981988
424751
669518
980169
430272
256780
196102
19201
350141
908314
973604
410290
425318
67857
318196
416824
125415
5333
799475
552485
160239
688944
384890
239181
753457
588657
946197
430254
308166
299296
574386
938617
311725
179804
904053
804993
747122
724179
882600
635327
668716
233118
325200
679744
672159
368631
252443
372524
293826
574104
849973
26355
244892
881009
731193
928213
833416
791812
955653
164238
975511
339105
202470
621405
233748
912761
914034
534832
165858
285410
395701
499374
573122
912422
558659
589856
790001
124744
439085
639357
742958
752916
833166
828304
354137
954530
367237
423240
942455
116263
931389
781916
768722
140535
579303
17241
633726
151451
680969
223241
449142
825546
129520
636673
414500
711624
133889
269448
606207
817304
880430
471007
692239
762527
72964
556082
445196
82903
692512
192153
381156
366764
789698
171915
631260
835703
124537
297632
465806
595988
590014
253632
932496
553954
989661
411565
343157
175446
119502
643115
583341
771900
702882
531272
371400
217868
467737
662603
816407
591973
345808
471869
695987
657192
380439
528334
725719
882036
339617
410086
154024
306809
281301
242698
423894
547067
668545
850598
281306
168869
235630
846013
588063
812679
648078
987882
998717
376878
480658
346385
790624
11551
566616
60904
868295
780783
984706
99356
913385
640770
217186
144737
197298
322398
182033
644185
622762
747563
855391
16352
796471
933833
241892
130738
98553
131854
385077
441785
415507
402523
812530
594999
690826
585050
41981
222797
562309
836246
28549
266150
92276
67574
728000
881539
170766
128407
304567
311203
87666
481861
