6795
862338
591021
821755
490131
213204
885735
841670
420692
438078
727953
597843
434774
207770
824284
893655
990612
431155
426420
121780
97415
121635
443858
193954
955916
464590
1390
320060
49763
612021
142034
634981
506643
337591
815818
581909
82476
482923
717240
707716
458853
304018
622212
15473
612003
871740
315824
306063
309787
159290
208777
216845
147598
80572
690425
786176
233907
783558
864442
460016
864243
261139
536165
99964
62414
322310
298665
155562
252251
695113
422935
161999
140140
640325
610393
882391
357711
605692
244803
660530
869041
12550
494593
321756
979806
828838
77040
726470
231268
140616
443402
232998
810965
759065
311481
141720
760938
679875
249100
811759
625412
145732
121223
965341
353806
28458
451540
190074
252735
367021
994200
743348
792508
667496
75105
843732
348442
306294
146107
182313
784321
807589
945890
652883
989292
69594
914961
401646
462092
755585
145913
656152
800076
81774
247757
143841
981552
414357
265978
931342
719063
163746
918068
609098
968415
893494
733484
997034
598695
685695
509790
806427
981871
576563
323462
672811
707676
815849
850226
234736
848345
684116
153267
781592
616151
236444
313709
861647
360692
951899
478350
731975
284218
300593
969435
61159
994302
603844
951014
654418
124009
874007
234396
789330
474131
788486
657019
544353
764619
352219
502112
233044
789747
361616
552382
612197
628552
408482
573739
412315
5120
106511
466388
885784
157644
846508
706065
493502
233725
507877
270803
877439
741443
896081
129274
548545
622928
303536
602499
222122
533914
772037
242719
693901
789440
955082
87199
19184
911364
278421
181962
750457
522102
473349
337105
436853
384178
40
866842
129925
216832
458669
289784
958630
523609
804416
336124
796315
587849
246280
383973
333625
425584
422393
299122
94863
513122
331094
358296
761008
130990
818055
323024
821854
884988
855634
990471
246996
923983
225209
64377
911984
701483
499824
759192
240635
417680
700218
822822
793046
770020
208927
879714
841732
183790
740236
386206
866254
464446
767111
261615
760663
532011
322381
831167
852092
901749
24841
728765
397799
760521
285235
695411
849777
300258
58819
829687
159793
549900
698769
595899
397478
708163
778443
255680
239676
109499
242770
682919
268543
548153
516721
828264
511065
28510
681914
137243
400969
490372
904575
767860
257763
967681
14058
140
668605
545993
290362
437658
223293
88240
358938
464704
818941
234188
874592
659266
307864
505656
773727
508241
83668
458998
461225
141830
964780
757164
212068
449002
506232
666447
174663
163378
400379
772253
600178
208520
173193
490500
213480
156292
374291
888672
351338
844345
715409
630114
58992
944108
83082
694284
936646
824224
378499
376664
491266
656781
35458
833912
624798
644846
364157
919353
462454
671481
23780
542849
928415
966314
71304
996535
416865
482169
937766
248641
361683
757482
379156
626280
106066
4227
356807
92569
169565
504151
533183
35525
131408
176129
518223
408871
753531
721005
844748
588069
503391
89936
319442
355920
113860
717303
482222
857286
943482
906749
209067
411447
814570
293143
948092
884548
544983
622857
706051
958979
719287
395067
923388
100383
58280
648422
203529
604701
773201
279209
412954
370873
241622
984760
956920
488239
995639
496052
453679
510997
423302
841621
655894
530661
767043
846147
573884
126553
947157
479684
863985
780143
544487
112720
383790
753548
861661
107649
409954
589693
238962
855206
819097
285592
965296
864439
805067
355649
757450
644130
127
452296
352601
557572
24602
647088
720689
199091
66696
943179
668384
992888
296070
615169
732867
696282
227337
365871
568324
981525
546958
632427
103667
836842
907903
502118
963648
321488
834687
574507
704147
355144
280274
951236
490568
297550
700204
478587
119882
483051
176597
314494
434635
64872
344885
244252
330781
479133
529410
699244
637744
59047
325506
774796
455913
739319
511
17927
55259
72519
388487
756816
452516
692264
845021
338219
49638
985208
166912
124331
88673
915439
704405
65622
317098
48344
31411
242020
686922
204956
131275
160358
73398
761017
900530
937540
949414
4626
460493
976927
768915
416609
952600
591573
474322
467272
893843
596642
970440
558276
271433
843555
533705
449282
281918
680246
452754
968908
326900
306110
175774
72476
359386
749443
391464
586193
563154
258614
822143
288959
381917
765906
879295
722977
426214
176157
890033
624809
183336
586830
408705
413880
906940
3464
936728
716010
530626
599108
317718
262344
695660
575886
951469
861985
235042
413094
450397
893106
44629
700551
57735
659842
879652
15940
464433
755211
827364
437709
647509
808274
878800
28625
372198
93144
179661
199742
447712
330601
824407
261667
229770
604881
559374
657335
146827
506862
726935
190195
72486
890209
271920
21466
202068
281246
18068
636121
579645
959395
980487
451720
82194
110790
123391
82576
602314
299750
348975
644327
282038
72003
979761
698167
207427
709098
65038
703518
488332
361353
814189
147470
362778
412641
185943
15059
871161
590169
956451
850357
158903
686894
221891
399667
698748
7816
550313
853296
56641
935784
864599
980522
320175
295102
517314
832164
319828
761880
192674
521318
905348
717108
108633
206235
983498
260150
142269
467096
332490
444853
536580
266492
179828
897391
505227
325746
399591
344029
479875
229779
636192
922466
144568
77929
44125
832412
850879
366159
295058
442461
264764
544436
620679
244916
803917
791486
576780
648676
309079
577098
293978
666358
217835
432146
186952
731178
41236
16296
418534
599945
26879
876831
513594
841942
417607
254728
709077
610979
629533
344986
488464
386303
730065
54699
137256
521677
183871
692315
659251
994160
33112
482064
315454
649890
454476
455579
267910
561700
919249
260089
283087
631056
990995
981686
738659
592906
757240
316268
786410
693589
327374
851370
821987
843521
414548
367728
222525
482562
490402
973590
148564
293661
915446
696331
813323
304059
904091
596923
100482
433696
132151
682250
383732
817525
559346
86334
863152
769153
343807
602745
223666
616950
149832
830179
919966
848552
432250
783270
436120
572888
285226
484499
812738
2223
240802
366050
851219
674374
529165
859030
1617
563362
648506
959039
571883
653693
373840
838553
6453
535615
336463
984018
877760
572428
703998
12137
797717
839095
694071
16242
844558
727060
236555
287542
998610
827178
116691
694519
425771
247495
13460
614096
334726
27886
404494
122619
430214
584620
312609
567021
776900
776393
325917
150940
863271
14553
305637
580704
262941
564274
527422
810679
89907
596279
301497
462371
119575
149011
933371
796590
472935
70530
784102
295310
115189
713225
859366
795747
538970
445958
734298
102172
117684
223906
175132
951930
492221
915874
730095
905709
804489
860317
312068
99802
547356
119688
947881
182910
938789
810605
631759
723948
16603
903930
54134
26162
392371
902198
888951
869274
381947
118158
403757
675852
753686
343694
728193
575121
677972
613099
18129
889330
677613
551933
873981
381695
673243
697098
255438
587563
807889
467644
226754
435796
5083
320245
117944
282081
248083
506361
791732
240389
830205
333066
364240
648480
752192
651281
456192
710340
446978
299576
176576
960596
123742
933780
280924
542985
736325
901376
991003
20814
923182
503621
138505
875019
126331
869173
732576
522432
284138
585367
149331
960967
716404
564028
490998
798651
364421
431856
585741
556664
849241
912844
613807
878456
623216
763177
945110
447196
510573
759727
46726
649676
217233
793419
779096
538805
539982
410495
104739
18353
46475
444691
250501
446661
888756
133801
958675
440259
980922
310254
451931
260752
42030
446508
273810
307264
831605
865597
611231
3805
383913
927451
950403
255303
267917
496227
703797
973674
422102
61811
454745
454730
504497
984001
579746
68176
987732
37275
716507
236978
92943
464734
913329
190549
460956
54109
495185
614404
316822
167914
969264
75660
45063
255172
562980
195702
203038
706909
498544
703458
181568
279494
695389
782844
779573
615097
389059
54238
488515
122051
492519
944450
721944
881612
714814
123618
600160
85828
143248
150830
41655
344556
679672
57321
20600
805118
649160
258273
743476
871802
728585
996617
439167
275215
485727
30644
614052
678114
623691
185264
621496
641021
621067
493757
304524
62743
313564
355369
790972
486908
730143
266825
185508
715225
162585
745622
880819
76454
435925
335265
488279
823088
581540
824116
644312
811010
769733
330119
576257
203567
838367
245340
574392
778175
708779
598648
254831
499764
895022
149374
866739
239095
838372
739049
386210
587940
467897
849829
678393
394607
811568
593995
474635
704049
568487
166263
532622
676627
879025
906184
993872
995925
536099
625460
694855
557948
804523
576517
223877
425238
763609
145012
36938
54443
674497
344416
655156
651970
606777
909547
386257
30669
609662
110706
271637
393010
730867
489895
717351
914806
401481
908620
230997
925832
626298
349837
404201
65512
39214
36923
330771
195634
289985
26273
199365
554891
590748
880645
871262
674022
513472
666684
782526
369972
573985
672810
293304
571686
730863
786070
223205
779616
373039
798502
670933
76731
103688
454459
456289
773623
253210
393067
894876
255036
416457
556567
549288
284747
546008
514089
237092
821638
229615
948012
518787
960024
403967
954888
672760
630722
625532
426456
638989
300483
181705
285674
793683
455012
395506
132690
217972
423517
542418
945003
469220
225191
847893
884908
580214
421791
790168
484130
347787
486420
627757
447311
15461
950701
851386
392031
21145
899514
557121
482115
918307
932117
762042
591789
24596
685364
576668
782182
647526
365199
242938
334863
727664
321576
415242
152690
348916
706812
102338
167556
385686
348932
710236
599865
56872
577320
930296
557764
329440
615105
643487
311914
28011
424585
599973
878850
194074
622498
671465
367883
941819
680703
899831
344874
816835
183219
157260
757374
746534
751636
317817
15841
182473
427083
94432
193022
762447
35963
210907
624842
173264
633612
170237
260513
212008
713875
413616
68733
317483
431712
725117
104597
332406
635939
674411
296336
914657
643003
960382
498532
419472
918429
794464
917840
635945
817117
106078
232626
806688
270876
644937
748869
675053
593295
695549
462459
37407
581671
644414
181043
338954
782050
256190
4696
484956
464558
186619
660565
384462
911733
14917
995256
114614
159242
749597
271842
347129
385390
346361
414696
368093
284926
991269
247370
220156
140285
744131
370318
154132
786554
722419
127352
809852
279390
668173
163623
145713
382292
312267
368911
135695
571861
313028
273358
903259
426831
954515
613869
128381
348977
63318
951094
392267
780373
354834
538157
283136
155019
995636
839852
157003
964414
560114
540126
563844
77510
656400
74072
842233
547785
29823
236623
867623
730254
381280
238394
731268
529376
397670
504389
862649
61787
964313
935022
714797
937174
194998
422208
269629
590381
643956
455594
873864
582057
336737
639804
679462
376270
188587
514429
831160
253890
993147
85803
781274
718997
669436
867536
233461
523761
756410
225981
488434
754911
251045
60518
753033
358067
545268
158553
853943
761494
603814
446172
658062
496494
60195
391267
537382
417900
251777
564011
649329
967345
284580
629366
625325
118750
141117
640099
972338
69111
771955
517417
597547
613298
677406
528944
253857
183906
218863
334604
201395
247227
986350
741910
525218
312705
321372
443753
714249
435794
336439
610806
297449
697036
508444
923269
464930
297436
938950
334089
522814
384292
80116
987870
27752
224904
764457
498785
94010
604694
127501
12140
849908
694287
905649
203948
6920
601814
924144
294753
389457
585076
268721
584114
92516
628870
868680
997995
176959
206084
866044
995988
301407
583918
847139
534831
2798
268053
103658
49485
423832
213827
135089
250509
476350
461960
521555
479282
652484
532194
675075
590176
72133
858376
1874
146995
799974
670995
619597
254524
857480
820809
843842
727514
888599
134664
795875
540272
947199
185740
784516
525064
674239
437917
540991
872772
224021
326040
962487
27324
247641
360983
983417
393785
422822
467008
919358
15501
172979
683879
631565
523213
53759
678433
800765
260077
62955
239142
233304
488758
652193
679905
910492
326374
259954
293464
98203
510948
980286
768691
419138
256030
393868
338539
235254
880321
297274
723728
227930
401236
353166
235190
715373
658226
6634
672701
922769
764450
713950
758332
788518
880148
763608
931018
239317
828411
531510
702760
661097
541377
731708
778446
216279
378603
92065
473297
912542
194123
983044
325485
84425
933532
842044
876021
61522
540157
488461
493204
367393
448141
146422
643327
250162
662367
137254
833849
427924
968282
136079
652994
851725
266480
738516
170717
440987
798009
686876
644157
969941
469803
658184
719499
8752
835768
654017
72726
503582
548805
429418
95960
888785
420674
132917
872929
565278
246186
287313
23971
820028
89049
496257
816473
290283
404869
15496
516564
98033
761114
978881
671395
472895
796406
879243
352990
30579
450494
72736
692815
831095
829659
975879
561982
409862
346581
455776
351512
904911
752650
447517
691515
1842
35978
214032
726625
974951
827858
919646
912102
436158
540644
599315
669687
558912
180095
520272
424473
475061
116800
138143
884819
475583
226773
239015
438458
923684
849946
66298
894487
21929
777106
241676
283766
253273
796099
658111
669838
225893
251502
626009
683208
23525
403113
519959
941422
561981
933979
577627
682225
580379
396500
704128
904662
246108
362182
253454
271679
440078
706660
348105
657682
577488
771414
672676
191240
316310
102742
345619
329300
582409
593258
775678
54765
288395
588222
309201
988602
492888
746333
974832
495385
819720
70796
259592
558029
856176
865347
429953
916930
261481
271881
964879
105277
243368
655339
15144
962852
91596
968920
154320
530215
493175
637020
848464
500490
161811
8823
719493
712209
715382
914330
265940
684807
473312
2109
254715
556522
598305
912671
152707
843894
173208
211547
812305
905292
805654
817188
477532
282559
70432
218397
263801
704316
312467
108055
420307
475539
669154
93160
275702
730150
945531
1444
822602
593837
290441
380859
772380
300515
777234
753519
648664
702672
191871
50864
70739
494452
593340
56213
604357
893325
309430
880185
345428
168325
220289
441840
949131
346044
205468
733221
743913
300909
446924
464146
886934
238975
212196
255642
606705
699690
290790
95366
739844
565188
966596
379674
231257
956136
326527
234387
644070
184449
526129
162496
710179
860088
284966
864698
543548
701432
694244
957122
830050
365786
549067
349429
591741
413042
373527
833902
268476
165557
453059
991800
416716
296389
450952
423854
451366
600411
256836
484402
9923
438800
286325
388230
410923
19464
547748
397258
292715
347324
979038
158546
399205
811298
877981
863523
460993
253754
296838
294923
430402
92599
965196
106010
458099
51785
129586
822656
753280
824451
923629
127045
320928
547182
894119
182879
15152
875945
831648
489843
964572
197563
484079
984811
186422
235703
975399
593200
714152
346570
946645
726148
168454
896933
677605
477119
126845
453825
966500
288420
486441
191379
6239
530336
470402
964366
693803
951006
750389
601168
859710
64329
846993
297770
336635
10911
28184
419343
433931
532847
246966
711192
779558
604527
708430
256177
950706
80252
75567
90852
104258
374126
763429
887616
341055
325207
758252
99557
205284
507033
352768
13423
744675
835105
990032
395197
529445
810564
840080
978973
584367
764148
736238
256917
335200
368478
34012
677904
258006
954852
360844
818788
506865
156018
643770
235132
550959
432127
116258
497575
671351
831074
771923
350844
337137
454734
9308
443879
610322
911340
376802
464277
731637
6932
970131
415992
724325
116647
418293
916471
518583
643083
503960
163382
549780
605828
643946
196669
872341
91436
331689
454471
889415
757071
62707
796585
265229
938725
290489
754205
993573
244908
189266
867307
746691
208162
884204
402419
174233
815516
816797
202073
155512
196486
758231
492493
586320
263608
707898
870453
78099
57456
429316
874810
487800
138802
649572
817964
963612
333241
369388
626835
216835
350552
716900
959635
919611
681970
175802
295931
504097
150162
733015
769130
687485
427304
971918
158110
264969
181921
372910
43290
500111
345378
502711
47028
904752
333728
745065
381496
459392
341790
549623
49276
336079
73796
224219
526082
586883
575257
369475
365891
141217
498334
912745
713246
242602
244422
592320
539229
470242
654293
363274
151391
794860
240019
703942
758568
975504
426349
788167
792578
918431
613097
310368
393165
815086
116420
356220
491562
438142
47850
650058
475072
550844
802386
27285
180201
154403
848435
200049
505405
498111
182310
59217
914041
743117
661145
682550
230987
607615
540461
775106
280252
112091
340782
984363
657850
938627
565228
472651
944513
211535
229178
310291
403238
690582
793474
152736
367168
251148
396867
315302
781171
822277
194281
131977
244186
760088
503240
215626
976592
966239
989044
838942
722971
193434
785855
546139
329142
301875
141392
633803
988026
35868
791388
64227
701544
427412
48196
787214
274197
358153
495819
734306
182067
127704
166066
799412
380920
988656
201011
803526
893292
42004
611158
623519
603092
779391
463858
834036
620854
888929
559364
365186
971209
161352
462501
778941
983099
979290
364779
631458
431454
624190
227167
974249
947760
902299
813590
666006
913349
619448
687598
874927
313683
950851
684838
938888
69658
309677
705755
366074
429614
64050
573659
139122
260834
304438
123304
170149
195283
737611
971723
907361
278606
250255
67601
895551
652447
263155
720231
19893
313783
212246
421901
506568
357753
165519
223226
662046
942497
391562
14285
73265
672465
315529
684267
988064
615226
864908
680761
399776
393635
761420
539639
439887
454553
336737
761463
916265
375860
988099
715769
492243
9473
793261
867109
268693
592657
675229
428453
951845
13917
225144
728668
12318
239636
781451
399110
932944
163843
920557
205037
186480
432096
488960
123653
793264
386483
485782
503653
887466
549666
134640
363170
10165
447319
986465
332682
36122
675984
848081
750778
741921
938883
628957
903005
675652
526315
77148
220545
608645
185331
865213
326679
236379
671166
702732
327239
203272
207505
5715
756206
528070
835550
831517
491253
562911
180782
371734
234831
474076
691625
254350
301710
998741
520901
178780
689251
699048
383369
969951
803376
57349
811389
955168
766604
219429
151472
777299
396626
949338
424549
1468
760486
487938
874907
402927
737094
974165
917048
393391
7880
522334
403729
806968
937782
224967
422873
783257
286722
617548
712483
741176
124327
784402
980053
498938
806111
582352
268907
533434
536635
104491
562021
870838
199394
650272
939407
854665
552552
742363
102763
528274
277514
390628
399484
346548
403972
858745
822705
503543
879823
117110
512941
460813
986554
982065
961967
890030
209828
907234
849763
924068
222484
306879
392196
432035
71541
866086
2220
889168
318641
468852
19065
906082
423272
232243
535518
412774
474829
820207
592003
326108
724061
785449
89178
498495
502909
81189
587008
897506
735856
106654
309195
941046
151282
196570
755830
228136
231795
26072
775526
282471
407667
33957
931544
287363
435638
296142
207722
558449
508069
372143
739650
114155
187585
842282
579167
300020
332484
339956
43898
119673
517078
582729
660632
804627
189480
70143
420463
528234
78385
531832
554226
142899
869571
582898
553275
977433
293193
110137
539157
849914
930464
840444
58339
512200
522766
852412
839791
498256
994019
891360
314771
408151
62379
386214
92158
144864
574476
618804
979876
636299
455427
104524
58628
178840
935221
390430
791703
581576
536244
371512
875026
910116
783377
517913
388824
61975
880729
32675
5888
354998
932589
180590
764478
775201
96322
725049
8304
792769
981361
851579
987463
216880
251067
992856
148752
782841
340125
117103
775902
179828
778764
188816
613974
148052
586126
846091
217943
755132
219445
861859
406276
890059
532344
508322
332143
51439
374854
958947
981593
360171
683801
385486
542974
596591
100254
988553
222906
850639
231655
36870
826690
613028
96516
444565
432749
258985
9365
279890
313627
520182
513409
251567
988466
529686
931199
393818
386308
948039
765905
229834
445324
220045
645265
233643
244375
826547
347876
81764
937536
643295
86667
33601
52180
870801
937176
401730
633492
527544
610877
40319
423256
668593
329472
613558
998672
339805
621067
227379
660134
214045
612319
640347
672576
618477
835433
413396
880097
72538
571245
692244
617839
788513
415071
897605
655119
179110
483792
164882
473772
157773
277061
732753
596759
873081
830308
692749
21448
750943
843016
599471
545027
219398
381235
68296
992278
662877
834787
402685
142079
36280
718141
299471
844330
267305
610726
490501
948695
487031
962353
503033
735130
286910
991154
696061
571836
133346
666929
344744
108031
532017
163259
503744
928319
488853
885970
312773
265716
553714
510404
91800
850260
912674
834841
824070
543509
510602
495269
549237
814608
305305
249150
667242
905537
650461
191816
780597
371435
213505
76396
443834
567193
375271
341223
504796
825919
178398
555647
971463
410366
819840
326736
284122
997190
622955
615236
823088
450070
824410
672801
373322
242207
80479
550075
995482
595910
257855
698827
604462
349896
279850
443864
505464
312377
366741
33234
815158
817125
393590
861502
237762
79127
579035
838026
590840
198455
34344
640194
167871
290766
148267
18011
952502
159846
569309
238317
111997
303053
29624
822142
329373
868664
461424
138361
564117
219651
726351
82302
781762
642582
26224
34131
810474
171364
892631
849464
75941
159949
973420
114391
462760
300963
888850
752154
636463
300298
929448
624983
659206
169657
464988
396135
286645
23261
526183
135188
891846
623836
43113
684912
752628
739894
563745
355650
76146
917576
145352
243612
778836
420139
422219
907848
109918
70393
766756
70688
761320
227568
908500
888125
205866
378158
140159
931784
220906
967132
643491
813932
521279
694632
263606
78508
418433
876970
515100
193744
985743
443048
617346
893819
987260
821749
344538
480472
16854
434164
738419
358771
367189
12218
102196
32804
687773
639761
269748
210405
187696
737689
164089
92165
413043
49034
273676
655029
338075
141268
580405
225088
720308
257959
114137
373720
2254
160334
211308
209419
466436
758390
316756
638293
356202
68109
859996
911438
57426
350022
746065
478980
748667
326393
871933
251107
140247
760102
717053
595153
69944
608538
116929
786199
436502
742826
10784
622905
875455
980508
188886
83110
211356
525798
65051
857482
159835
23182
841568
275201
302718
708784
463529
603367
271616
636574
482433
31563
151967
987553
276383
379522
3531
432862
250772
479063
931945
207572
713709
474080
900100
163522
59115
183596
149329
544870
973212
542872
461149
431519
638933
467457
419861
670196
349903
855827
979057
619885
514460
905472
455679
102815
838340
918797
182280
452678
866624
969606
874080
298762
373202
169106
557967
695204
736895
215457
190039
393562
458218
810177
844578
904998
951375
50128
591818
242613
617240
595020
101636
464011
761567
781254
460458
468611
572097
946230
408547
897972
210523
844711
850737
464112
882788
605715
991126
61734
486823
241289
768228
421159
795995
123082
49696
537157
87648
653876
320978
651288
203289
613014
910892
893594
914976
688546
788180
549490
408234
94464
405200
449934
272569
341951
82317
412329
841848
252966
223948
374828
933558
881961
646634
533744
210178
58103
87114
295714
341087
695792
898145
367296
948964
374772
176989
940672
556851
994839
180083
356751
332883
202160
612164
499894
462509
621521
439339
15769
288736
699281
164645
870042
25985
821572
587101
570522
294194
719244
89172
870816
593885
869961
596842
450194
900878
990060
120267
959135
370731
634217
371321
126207
696784
853899
588657
760722
418123
780065
23485
208421
684593
287446
553302
774740
409563
777182
573171
398345
188352
740492
342898
746658
604976
505537
949218
338673
480747
881600
238699
526941
369436
704476
511834
363045
339573
666258
148493
495749
688232
537523
217527
843057
929279
545722
42257
679998
785176
773244
835422
597088
959425
258237
221273
728846
232748
115934
165500
405890
165391
898228
661871
141404
562139
854325
202380
570470
179926
643660
486603
747314
548503
633164
717007
609120
13533
673216
772044
445692
610765
815393
748435
510404
898759
184097
231355
505799
439460
429988
987886
381032
99021
575246
897229
187778
835131
228279
495105
443557
588230
992955
5919
986623
110124
345583
965367
360727
572449
657838
694137
380594
338509
385297
373893
174744
473831
931325
346254
338864
877676
548821
884201
764488
667067
192592
972024
864433
271760
914214
894829
648775
774171
360613
848061
959439
77628
820000
668964
890937
369502
644742
127630
86468
445741
432976
580969
162816
551157
212692
715589
335535
447704
617399
126948
847621
518636
209152
163748
799567
71599
948615
70150
585072
538599
110412
379098
305926
963099
905059
682825
377770
936615
421005
807998
28118
66816
59363
361906
501538
985221
37227
947220
531239
215037
72717
114001
856964
99571
331359
995461
108159
39595
595549
819966
861443
844096
23732
993576
958087
786011
345981
525339
465808
210194
438215
104382
734733
320603
278093
404758
726431
864299
680327
283823
907068
717039
406684
705509
735721
19686
474292
368655
173156
59993
26732
397001
494436
429688
909539
422685
278648
164051
552625
100174
313868
388593
729272
147200
890699
820688
467538
148743
206750
122298
918122
448842
699730
531521
120102
220691
500631
126807
971522
862903
801508
689292
980984
635805
83768
113444
833179
680812
493884
85780
109444
210645
82053
203801
232291
706042
312437
913910
836663
645817
25280
872904
588056
838234
294604
914439
576881
967185
170738
702427
513932
369263
751586
315736
955590
659755
577059
302744
640417
261513
867895
41588
442104
314021
384860
479967
943309
912478
527279
454430
646526
552034
128876
11624
511831
348881
731152
503254
500289
462992
885983
396870
919063
759661
988290
757970
409753
719594
496328
996200
67577
808360
138125
607558
644243
872050
379896
8021
639610
380322
107550
469663
380205
761587
33668
605549
875369
101861
340481
187521
565656
125575
114050
965932
211175
275556
858600
44686
434549
29196
335372
58664
794087
518846
725026
681951
108056
588591
561019
321616
751982
490937
123044
263626
766472
170659
866412
34668
160467
769673
642435
175964
471612
235304
850814
99873
368320
279624
994807
666142
918622
503942
902546
667756
401262
604925
719322
560146
184204
727121
383305
756452
938412
592343
512230
895797
235537
698404
411465
986298
278745
314673
727674
452796
75056
784296
137976
21177
510949
916045
170901
973976
729433
790668
736318
255496
371603
2971
578009
47732
129201
766283
10695
378212
806714
559601
793865
744563
32334
372331
363070
553897
740926
331473
317514
594037
233592
665018
927123
240072
175771
199208
853925
471120
422953
585745
47990
235919
543386
74955
663363
608280
180237
233427
862744
161190
240474
7353
344495
249945
572547
121772
910320
319822
897608
316894
570391
522137
450073
744275
875444
144226
31142
723595
192139
315417
838099
146634
769883
842263
958599
559041
490684
902098
917476
745370
349473
100925
906641
576229
147198
322682
227250
766554
200387
477053
313465
994826
886214
6142
355414
178855
873406
66330
808522
991404
698155
295111
350425
771434
581652
553906
296990
478705
720936
490487
622968
292567
921670
675644
980898
224232
328216
63403
448417
582954
781594
483914
212950
568651
908281
165560
26227
714665
20438
349382
28298
73918
950633
887215
977857
890151
525698
280054
670754
497487
509291
800155
574223
730492
727530
980089
923859
657398
844707
402879
290323
64847
408409
725064
26723
159380
686613
654362
9909
260238
979743
406200
392620
308853
925545
787748
596622
58546
633420
551413
488984
486991
500458
220432
268972
579838
166514
888006
409638
314499
25793
183178
755468
458366
858982
123725
493219
491481
424382
979512
799006
345610
68542
515013
750578
847813
280591
172027
74629
629122
107860
17668
617348
122278
212615
722284
35540
386769
951425
403384
599584
843843
3096
225313
150865
230123
565538
505452
959068
797134
934808
852455
45748
339216
858262
969025
952417
305123
883647
812359
449641
873737
582590
920247
738346
821319
2727
348483
221577
973736
165819
974947
757701
264938
739851
739671
72613
439754
708275
102456
587472
131687
164808
224186
545979
680981
510156
733121
792444
544193
261662
376732
573950
685244
387951
838178
974093
999270
67630
290983
604881
864824
280582
966683
825688
138605
367741
722944
80716
595086
769277
554759
347204
227673
880048
451398
610421
291661
39108
454551
69897
343253
777230
683023
287496
763470
344458
572761
127923
830327
895681
421231
447984
790964
198531
706100
437790
258431
122324
730545
871370
248108
968163
404715
974971
825430
63925
466333
205352
965675
894625
144280
58634
67794
692916
650547
573836
929268
661684
76400
221214
226286
754178
760492
840232
213073
709145
106754
731740
546900
37107
668222
753956
753431
92362
186489
587579
25940
798075
208534
415191
489252
437319
16087
545732
640620
28660
109021
179148
406562
880657
167418
747154
839039
758166
82996
585535
761539
520361
835801
632211
858400
301629
377402
76445
218500
274517
427141
849222
669318
438567
60291
707207
807468
216219
643498
893371
616727
823282
853920
344911
617996
725508
739981
572565
861535
778786
328283
377592
660926
184154
637581
577546
954199
894552
756089
857401
485479
229929
275363
239521
153760
822683
478584
518139
204022
690625
176356
702322
104839
58259
108304
905494
595749
743922
825403
138409
819969
129224
695412
651607
136437
468366
685873
71812
547821
815335
287951
529917
435699
343018
74535
458448
829207
705981
147081
159287
275191
720092
907928
367919
212016
600057
616578
884967
905953
726014
501402
824724
33625
992110
480979
559969
289245
465705
608539
163780
326167
74574
976145
859436
842141
213818
14373
350230
413213
229935
324619
494463
302051
466257
483420
819380
785863
804745
275529
785861
992054
879308
816252
548824
680411
42742
213453
689817
437225
821968
893661
398415
688200
897393
685331
359050
995417
602560
275953
931448
785320
136215
328210
485464
318765
95491
328194
86214
810623
624808
815546
566452
842454
945666
495478
593337
111803
493638
498613
969987
473614
217766
164301
531753
361267
620084
953832
427739
812379
350622
673566
101627
967146
44247
499953
928644
357130
475159
750111
695144
519116
796472
470056
440825
299126
361729
114396
602109
126317
269504
63199
221732
174720
682064
252989
816405
316750
218043
246692
600548
849046
601464
888066
810848
448281
377301
922940
222538
60142
507184
843335
246944
674914
111007
858663
400150
272265
8495
118594
420390
492390
956362
607776
898815
911090
61106
112130
17753
465229
174122
97116
939944
214398
128755
131631
942574
116136
482675
235527
712107
700748
553331
968142
307440
537653
864639
727692
425938
275780
971696
277564
390329
109656
77318
825100
85848
987609
704687
589552
66167
781794
912869
623395
408299
421193
833651
920379
686184
113356
851351
449319
998637
504217
14147
581256
158301
96697
163518
420778
588014
58139
858600
51678
752378
158009
658842
227701
555187
321641
405931
490907
792756
596418
26128
646797
94130
588585
963739
311096
42961
848247
917284
545392
440723
793928
450565
674889
182123
406179
538110
239574
187312
233921
674681
261500
338477
81276
345705
722737
631125
619285
623819
507223
882899
347170
97231
537775
354048
614482
919376
213115
468974
318303
119677
525173
104545
87951
375516
951845
656349
639334
928997
534499
881499
108843
191306
317609
305749
558677
617110
316180
727104
85906
312051
945655
76826
531189
381958
146780
743065
797818
298037
98904
553283
37686
512200
755914
388892
920928
588205
740144
730553
375029
498454
620197
371763
760205
455037
105595
972663
631032
453383
662385
395899
634772
710534
390801
744587
85807
55385
496105
893313
201619
624174
920611
734931
539442
20712
705411
583110
616751
694747
545597
779841
538183
682612
2801
457980
474330
238902
595076
303255
10970
456671
390172
896199
368335
514281
38392
486059
967428
733740
138089
213821
694929
120865
876272
833252
220038
411457
520374
132517
335601
655115
442018
425274
56013
651173
464602
720443
923079
569882
940378
690041
449773
167490
979946
10538
819254
652095
992255
523582
676904
594851
692592
22352
604714
879535
865619
322616
340390
260599
543092
738621
71770
97
968561
930408
200892
654860
297013
569971
631944
394573
919695
999456
804583
155412
646254
59495
915005
540781
848123
54215
531727
904418
469075
432894
46608
875262
762848
67668
950983
215981
606355
363025
795038
107264
846606
583624
937036
489045
506345
285328
92146
898616
203410
227643
338297
156925
552770
120474
203862
626241
525452
655790
493710
947814
806028
480119
543666
895338
835707
809947
776585
233958
869925
771760
663308
515489
387313
931430
892811
162191
581599
741652
772653
870505
306065
376029
690132
239402
69248
885886
996639
539875
707023
592056
643081
731259
889532
328212
137967
437447
655091
421464
815150
201218
154045
382340
54570
886633
149205
483657
563372
313654
137051
885639
389923
930038
987554
939649
497547
890953
806628
207328
777515
14518
366037
854816
15032
870888
940116
304987
98583
395785
48894
419952
618496
452026
488925
20304
656510
681196
595006
590437
410515
805982
359648
739487
607096
463859
510216
640668
103041
145263
261938
8946
489439
739214
91042
588508
927680
696897
149848
454912
301009
25926
565537
590937
187363
408610
131722
265734
920555
175422
301424
543534
589924
795868
464883
443918
509455
454260
629193
936736
778650
488175
294190
219497
383839
288703
784825
395040
677763
23385
504650
736630
701759
389648
184672
270406
570299
637839
409991
911387
294486
190003
517806
61080
726658
278531
699031
850952
37197
16333
391875
890106
115358
23581
88825
40206
326749
306144
555102
753126
725572
980208
351026
26117
278204
20031
962604
457068
812117
417817
844930
103714
22879
391805
520856
934675
136679
66064
117378
330901
917329
884327
5880
805893
741007
825410
616917
511824
962043
263833
483403
996622
888727
169934
810088
141384
374238
995649
140093
257050
190342
161218
751152
684340
699861
185633
265696
724090
821405
841186
393584
731532
943958
736525
440307
194912
862934
644193
419122
365258
554479
476200
159644
757597
780069
635878
422987
151788
648906
106475
458479
437161
746296
992776
735705
960751
284907
28510
271910
701531
923193
292690
480390
725845
702830
802716
137576
356461
578696
788031
122180
747872
804811
66451
113540
511161
228866
855230
719184
629844
579412
848577
22580
991934
947903
815662
187056
275000
57267
692408
308061
543770
571085
641379
64887
997269
785198
469786
238539
69649
825400
173983
98302
479925
647525
256093
65463
785156
574787
791641
321450
471268
699856
651975
67266
460539
569454
60537
625386
660722
780995
903986
587577
927963
9391
326425
473336
487599
364843
625161
942224
991472
654203
922885
311829
462125
525199
179913
539369
267492
344572
578491
174158
500801
161810
32128
885964
174085
187417
660780
273339
499650
292269
130769
199150
153411
649715
443384
3068
564168
192951
350062
762156
959854
444836
535989
602044
271277
564190
111516
647694
672124
496960
408745
221488
250639
987949
129586
879494
631616
225557
55307
64663
393740
630022
34329
161776
170868
784172
488645
222392
165123
411687
584397
643090
976175
736583
355636
882344
620441
870183
514201
299483
621871
108515
373222
924548
293553
139191
582751
532453
426512
265397
804186
923761
67058
98850
750542
839348
917843
126766
857795
333152
501125
346511
283113
876214
60056
803065
58693
873677
327316
921276
567814
129538
551523
366073
119926
326525
363084
725826
788812
477211
465114
742478
231838
515837
515995
809813
967667
234605
479684
793934
519606
632104
316914
215299
544199
620044
652811
72397
81196
368799
245251
80946
586341
432569
915195
65495
945437
891344
610179
293795
883324
550878
637632
424307
584922
202545
993001
637171
667981
936974
40299
818911
509347
420483
741997
619990
130027
507208
605741
127640
912238
252817
251529
561372
297019
589427
995738
96913
256416
857648
548795
378863
271477
260001
330343
503032
446738
435519
500288
169360
314400
688141
240428
785142
146765
12390
570394
20446
574809
373278
102627
68973
900814
283480
67467
219216
591948
727268
83814
207353
299650
915346
556183
462968
198137
885400
873716
208178
888330
518939
437189
657664
249712
248669
809196
993510
524344
224068
227614
670702
136341
202307
585295
619680
899216
144103
750252
89185
592156
773696
546434
331622
425735
397482
742012
67667
549453
543799
348169
615860
523271
581051
822876
311958
246465
464115
956045
617795
138472
962002
133981
726745
333858
612650
776919
848582
1144
60019
49297
913570
733230
228476
559506
749609
621300
245611
306765
46069
177010
776716
978066
848204
659984
123688
659560
112854
305153
781236
8418
470754
291908
755194
496565
330181
559495
642973
283443
534603
302128
721758
795113
163400
361930
17273
262808
411340
555914
170863
906894
249652
694142
675231
830177
323549
802321
204878
800200
736692
466941
766854
984406
97769
639245
81946
959828
899970
61326
933575
673529
665868
352082
425141
911240
65068
163616
138461
197255
193619
866107
740230
564759
961040
943245
120424
69493
903487
308656
403313
691404
250783
811674
319077
691892
685569
339810
247712
717259
242269
143091
114423
12334
225535
274700
52733
384341
903262
619569
831073
974728
394125
539441
328117
247682
849931
417749
528265
164833
240693
639074
175542
813638
734491
755915
456375
548943
708847
485367
91953
275054
411865
352362
493587
791206
211048
333778
482584
566242
81188
288881
139433
412274
54591
340449
327840
412578
607018
210569
950120
49721
274947
269403
866816
800459
258731
148295
999902
207867
407670
537599
926896
340753
529532
8552
187837
62196
27660
331482
965546
158596
457280
823316
97049
655382
175660
140479
394604
176525
229552
670301
726503
630289
594605
305486
88180
128303
794196
575615
877119
22093
919834
720751
602562
905096
127432
927007
735771
601004
791406
191126
796056
165711
302072
40974
981845
388554
590232
364031
509053
782997
345699
468613
978668
747838
698296
146352
214517
91398
266778
577576
443967
243096
363359
764347
873482
818983
371522
941573
99536
460899
17683
747195
138310
585175
149261
655572
140737
65058
592456
15828
951798
499536
188677
722549
72282
17748
898663
127413
974312
967140
959873
355319
534721
9329
349322
293782
161773
156418
804653
352973
346047
692140
208317
196988
749655
127152
119302
527064
634817
28529
998783
899634
290491
688656
576987
44386
402580
57638
224446
474192
127664
852125
292813
904926
883240
130603
157406
218165
392974
588908
966671
757419
135054
288859
955058
955726
179504
573358
424614
953424
904825
39307
997377
450511
630705
597610
675241
744511
86208
493768
964610
203382
301426
270404
102785
62995
304602
762587
178271
151564
391762
545851
84266
833747
952096
883205
425205
460709
512628
615652
125296
581871
420750
758021
76754
922333
395708
615730
532146
314688
556289
873039
178102
621850
363537
452399
48162
42569
797177
745939
116754
413262
801372
386369
637827
249146
82904
732350
265547
58804
555272
399720
452009
328553
671842
215666
513847
378064
566271
570748
562620
711513
580539
516750
394718
67313
19890
320625
31668
881140
372395
384618
912826
963312
595601
840788
30750
334098
914460
387353
568311
195824
918479
999308
248533
950386
238874
12006
523059
780573
155039
910940
839753
305790
19090
632793
183486
567087
852281
695133
32379
346313
288595
888817
423387
15206
598165
496262
488574
777809
944783
138538
510141
754637
838573
210022
243127
108991
723162
762102
611914
337144
853503
285989
683742
697507
201577
271493
10267
738504
611593
689416
637434
269882
561621
289791
436281
551139
980171
486636
256808
412970
53973
142725
282017
276926
116872
659208
243349
54082
143366
74933
401473
330069
331780
39469
642431
164028
978534
866917
930168
640111
566534
907783
498935
888637
363156
953893
699865
547100
477527
324570
897761
864401
98450
392383
110440
621112
378306
686343
159665
282609
319875
878264
718746
331751
710993
910726
285167
490238
777580
294798
52825
479001
911382
669676
810676
999109
114038
601209
62782
969733
971999
356132
853354
476346
701034
301228
987797
732847
129151
735735
632400
948159
726963
824658
186587
873187
270219
164742
388275
980956
562847
646739
391555
556345
876442
133580
873590
184454
596126
988814
433068
581137
759492
390366
303178
685402
364225
131742
75756
237206
290276
839852
742198
631648
136315
298456
569224
980605
678870
186111
868431
208138
570275
619144
870904
650820
864824
964219
197376
404340
693744
451449
880167
129909
698348
467676
608644
351971
713915
137260
366897
594402
340180
196730
970982
345928
989952
830941
582563
132776
45397
246278
173063
587516
560604
873154
365246
803758
710164
415693
978264
107907
670032
721293
203444
121188
626619
705074
568731
824779
295228
898791
953961
724359
835444
321653
344549
967083
950052
469301
492850
151897
40492
120432
385951
624614
364590
754581
830361
764202
91473
343445
923648
644327
7458
605151
447382
620116
110292
476467
778196
447557
269864
958181
975575
96696
861096
292912
47671
383294
47373
422965
663737
966083
287552
877647
306202
571965
396861
370387
433355
548269
36244
697577
158525
843605
332298
842625
465042
52535
362396
473589
411827
995013
116515
162362
816767
707818
185427
88193
868000
37683
784541
343600
989818
370844
278581
553400
275133
43123
494701
508818
808282
43947
449856
75803
158675
764160
485036
952522
977258
137217
140214
651018
496699
452863
559825
722168
469606
235984
632153
949627
276004
737792
641722
398842
49659
531349
106414
511678
362060
299518
143715
981478
277386
246552
896762
12481
249285
159708
92972
194828
549284
266279
264327
182663
545073
629031
208086
629430
534159
469023
124319
421233
72070
891736
504454
848872
857855
647205
271439
624055
945163
363281
675585
710946
328861
703143
309861
425389
515864
145629
190638
455515
743043
468061
599410
106113
322458
723377
452182
625093
928638
811915
592713
382328
251404
298415
141031
416718
787530
776254
690173
687414
553150
770208
754604
920218
380377
260556
566118
445749
476816
519223
989590
377739
56012
399959
656860
109258
427255
761298
236790
74683
854327
714184
974266
786021
534200
658746
569343
324926
510113
722773
909148
109583
101992
214111
287240
322403
315457
800381
343201
726123
423025
344862
245064
350449
519362
792904
626473
972087
456527
855037
380248
9260
855231
693513
74967
779210
950094
993771
858804
995151
720007
313629
422543
931733
490574
798594
783993
92112
18201
212140
875065
164260
715327
160327
59432
194337
213545
671077
611708
667100
532389
910630
479265
910187
67097
82947
39107
174844
284116
169336
887145
381394
262080
58956
162427
53277
944244
761982
464420
869814
968294
288013
603026
653876
199933
866276
929690
836013
279621
277985
777657
16781
414524
678913
198773
724812
724681
86889
683043
723919
380684
179457
64285
691216
233491
772611
728124
331741
162501
428907
286248
834347
888470
111313
185967
549041
916779
264450
516012
495195
359537
637189
624157
456985
219458
179321
207715
792980
11633
886234
707031
923579
897010
407778
462659
5756
891497
858892
910596
713679
134733
57267
846842
258348
29433
23513
107881
235741
127567
981445
599471
797037
702537
733444
909474
602048
192221
911375
812997
307644
124812
428557
489191
623013
35080
201839
289817
590983
236928
637369
741898
282636
557257
957729
623617
540333
338474
52688
53045
368709
72772
770757
920652
270210
964764
656729
223727
865524
78471
612701
592006
872072
500081
401247
165269
133390
836233
620364
512626
172981
476237
526447
951650
149273
906029
77335
372496
579571
719967
757655
159273
324719
975486
340455
664727
181979
342239
196136
682775
211963
778483
203461
27641
863673
778130
900597
332212
221561
743530
704604
816931
917131
59139
71505
432672
971002
904494
9915
7163
134209
520074
707668
408664
626461
441522
197136
816098
63998
880902
472726
627375
437655
524053
153581
939506
411285
363876
426098
402839
920492
284125
470405
314175
184140
820247
944068
632728
361266
810366
367343
851159
435547
998815
967723
739733
552788
588883
703202
660356
675758
272645
756487
254732
508941
298593
493239
809286
303775
252570
594043
530068
482473
711576
851690
885146
430716
508669
240939
119518
239495
146323
315673
410040
22662
654803
508607
862901
157784
380180
989186
885454
532655
779407
552286
810560
941025
539339
179273
78856
415067
161257
522867
105405
415860
427662
82479
313993
669663
767528
210667
191557
961659
34655
272667
889073
964357
275290
839477
266445
407789
56427
77397
56662
446150
27160
114880
567136
17622
216327
173765
64844
60365
707397
886783
351527
125139
801651
513976
346784
41914
566861
443496
818915
777043
328664
188443
67478
883228
584168
794096
925807
759959
773771
507773
403312
14069
542422
618448
780096
534769
840650
813137
715111
672570
121761
837379
489126
412488
285435
902889
801969
627856
922912
521349
342410
163730
544241
52923
147131
236240
517168
179861
203376
891481
54184
76960
12014
672067
642299
689779
947572
32630
849478
405775
948973
573413
295923
593506
932430
288344
344346
232934
441874
272485
652564
418726
19024
555710
6431
470049
408757
528227
964199
358471
66084
255864
210167
177696
4647
662513
485307
210444
629840
35113
822257
603813
388400
515730
945772
702913
222515
839687
167493
745939
961495
519038
995934
527153
645895
752473
247124
360688
613656
102043
269697
173035
329951
437048
263274
669667
933484
48197
90188
515328
924136
97614
171774
101558
771078
353158
691395
652035
374825
407321
259182
251412
156562
269022
594226
979591
775812
851048
683141
863115
539959
574204
265521
643300
320564
781532
673143
285259
128403
290626
450080
147570
598095
960680
600993
9957
623619
964612
991338
631180
448132
141010
326219
96653
790682
1673
499267
918542
847771
376879
29095
878552
617254
232712
349292
170839
44153
213866
207505
246654
130416
644204
581995
689735
878363
191676
2062
8664
100282
240784
869333
33409
494999
576181
464527
284514
190784
105347
472902
645866
843616
388082
990637
618042
564922
531333
775141
414248
741889
42724
557292
352415
142678
245831
286115
184099
348766
638030
251898
337650
179967
841775
201082
239622
446264
941319
157998
931575
378138
866449
834415
363454
572327
262196
659787
506965
357766
193206
473553
772409
471135
303183
994620
144593
51481
602136
709562
14697
85422
15650
900887
435607
963303
212963
375243
71934
664441
617740
642076
226801
58492
537590
499697
17647
898628
38074
772405
25484
129950
731039
403748
890609
135337
24174
553845
708858
530126
543202
201764
829437
770589
374332
594651
483307
426117
594034
96252
500558
398448
166535
595918
828722
115065
579638
215617
963424
919371
309448
85983
324869
242711
772869
213138
356466
442737
261063
379404
489725
680072
802858
974295
603844
141568
985759
650553
44689
593134
384352
914179
149785
168879
638718
486710
730399
411621
499350
986131
634230
894927
288098
619582
910563
35652
124523
782158
33185
346444
373532
407412
706109
173211
934642
19589
712162
967403
370128
171045
612911
815221
632303
27218
377604
309323
452531
53258
13852
712853
311832
13722
482516
383078
967755
79493
970314
578298
252117
978061
386401
413326
68594
664992
363744
29532
370688
285090
911162
746162
614547
926227
352232
466862
652069
262173
317938
470936
939499
696445
137678
267676
631298
512459
605791
709666
195976
147047
867166
137932
501256
457602
997398
706955
819725
158086
835209
412255
332631
753443
109296
897321
182892
740536
646752
583662
444229
811226
365704
446570
72105
107075
146839
640654
