7383
66285
59564
746900
439256
844444
388166
935795
466722
683235
638958
693638
435364
911391
9046
481596
824453
49187
595517
244455
755117
91641
663577
500805
343873
96758
285871
894827
178826
9337
834693
397261
292275
223936
951344
59564
153649
356262
354759
809628
579389
464253
841720
984817
803261
759236
932216
35782
582401
816197
918742
62825
521768
883726
754729
375142
632611
325641
845352
187055
607697
33979
139864
771877
478602
343509
292960
367685
98359
2106
159032
732210
466718
929102
144128
707994
551100
701943
253101
909448
25931
253876
261086
647430
149283
540758
801549
229613
749757
209886
194848
401419
736466
360821
309919
655599
984418
458626
931777
621523
907728
249132
361631
252263
457962
600940
187082
834166
276039
357261
204600
623159
296969
138051
236697
584178
392707
748325
65416
289613
257524
518537
883549
483315
553200
802171
186335
36704
932127
749081
977814
627787
844127
222606
667519
169839
526277
564073
543769
855096
603969
580633
127901
459015
653343
544647
247370
45090
900138
739728
143198
257787
133291
772318
534752
840795
244687
840802
117338
954795
176998
341232
416357
591967
291336
279926
602652
423359
383442
41946
383923
809044
926990
702576
352480
21483
620209
429461
274615
294408
690429
228139
450323
352875
797447
787761
456368
713592
106707
863165
443798
240133
253147
197273
31280
249157
266478
27256
108091
6603
712757
437523
433306
268478
627602
516773
298182
168984
166049
298559
49570
686810
553056
907016
746924
412944
52203
907477
901200
178812
452192
752609
816471
945570
345825
744041
544444
390575
110583
513703
178911
435463
798292
741416
35667
606442
400625
8524
802834
672514
906710
841946
564624
350475
46584
260605
939436
804831
836732
181663
882371
84189
749658
773729
773215
696565
450076
270580
229325
880467
99590
286359
453260
244646
390416
337005
58977
610444
414671
186746
606536
532444
203186
821370
60997
296847
124967
393630
859864
365259
605853
588580
605838
519886
373989
849425
180276
831924
39346
450766
995431
68708
783039
237341
846215
517789
934991
624246
936842
702041
218512
532418
963372
22363
320153
888691
423428
698906
624082
171070
189682
566410
328819
271670
7093
799619
423973
292614
966233
495312
985860
667403
561421
693783
275910
697228
650131
545632
522485
753047
972432
758659
388888
92729
606019
554610
510960
625689
370962
661537
827038
475249
655744
778574
307874
364714
388603
980336
864766
218068
687314
968448
409208
912319
164420
148766
729087
484024
196148
772322
651685
495459
326648
992064
504971
486002
641552
658391
647002
965375
669299
225814
758893
158540
109189
855371
518796
604692
30630
244042
573588
572429
287268
373302
358450
520637
259920
786735
785678
551350
884078
647768
327812
227440
719750
625283
831565
519617
963671
714172
740860
998267
204651
636463
207333
597026
458118
168886
124056
376072
66296
530755
677643
197191
884818
328551
807957
579163
274229
105532
732311
624858
871558
153653
909813
82128
398973
528064
779906
620603
465309
964181
13818
62048
13758
555807
956392
103304
32326
451011
285928
346586
813686
419153
24199
157014
657568
327878
552198
521771
863863
906555
538174
986934
98878
621038
775709
827161
754211
650796
109902
460979
284005
181079
504311
118081
44591
508185
648028
809425
703689
280934
21409
919966
855844
676583
230316
551949
688083
458056
28713
915267
743833
881951
719847
216929
489437
934199
802527
749981
716026
351545
491733
846718
527539
63670
959128
607539
585796
74644
954851
376273
85779
149906
808038
509096
446981
252985
381086
947840
488173
682273
778400
46709
506528
143133
995766
79660
936804
378884
533472
267185
834439
234141
161724
350511
737995
454310
461760
947211
361407
677825
798947
787549
358313
302972
264219
109771
830111
878779
438338
552260
969012
652548
95634
54038
9488
177703
799183
820397
500121
458568
355908
189033
41933
617738
2981
175450
65010
636186
859859
504923
679844
822805
947263
904776
621773
157975
129510
465949
397236
943137
650682
877804
605804
120102
668513
21690
721068
878514
678870
738935
967871
257016
719406
93529
711698
615542
334773
213460
112043
968647
217271
410872
379001
411781
234842
590566
138502
919768
319400
248176
48392
623392
772139
536461
48279
587387
892593
972341
733114
739507
813039
588383
466458
350599
815554
937429
916440
41236
414096
981808
393722
667808
294093
70582
341952
809028
870298
658316
842325
353459
632903
274457
654881
392939
282105
684858
311291
845494
338279
307291
567996
287197
639934
122232
986223
299626
43109
580593
302564
564825
293147
623555
178788
925211
502268
644585
161598
169030
696162
324750
251008
236508
763559
227949
590530
584053
315785
633287
123804
334988
630055
888256
848887
326116
568936
276823
115777
42261
189627
325248
812090
892407
323576
269728
231531
557289
758373
876900
990391
711103
884309
521599
392522
453510
799724
449790
301742
845556
661373
393033
145404
392113
773716
789816
117231
543804
193871
756815
464852
547324
914791
205080
568990
842532
49356
628955
36950
123713
910063
530493
55343
93667
37209
710131
323447
188069
28280
614305
592746
818907
533115
67347
472033
253016
182866
275030
513447
256793
684952
223348
393580
206162
179149
256523
482451
152146
295484
193545
440742
27477
157819
14919
260009
898534
338705
38462
857420
953583
391154
126506
851514
611039
312997
180729
41934
106870
186118
507120
768357
450736
650216
146843
12046
614219
745618
187055
498206
277239
30826
934654
223969
567514
854128
6485
549866
182141
594273
1717
820300
106646
16316
369261
23585
871154
101024
237392
134599
194431
331668
967960
861611
248947
142881
517207
290045
509917
142746
378518
246659
635654
943164
450380
641610
489411
879728
646140
299254
424218
673645
994028
548091
617615
81466
91005
42916
860490
201425
767084
482513
119014
590815
63588
572606
485784
269032
767741
666045
652282
315208
352853
208262
517555
468244
602953
314021
521349
979039
893393
978065
419507
490073
781622
362525
454605
621393
643120
912520
60633
482843
665504
861423
137504
907916
887462
247457
28562
261346
170912
86483
339543
187009
89216
210282
117939
720344
190601
664054
793684
25506
425254
389055
723515
963721
933159
256695
675589
315172
554072
405646
709397
674465
956672
842469
147424
485758
883315
327642
720661
734897
833364
609666
768359
362856
803499
637045
236792
171179
43103
223426
407267
409629
76752
603139
753894
260065
138451
270924
650283
86232
757003
835005
391601
438025
849888
22839
719452
711706
953183
258219
556821
23483
679150
956366
779295
324002
481130
775337
552248
615856
668383
902988
270952
677043
408227
14370
864105
659589
783
784352
473778
682257
572315
377112
655522
473845
251349
803818
211526
106691
497726
543257
61383
436386
64897
625019
181299
664146
68497
4106
659494
723661
322782
132249
87828
420104
945011
92896
523638
800601
201263
692984
960911
231474
187102
13730
618842
370059
21299
843585
59218
431326
999844
180840
866013
340940
866850
469966
593238
434269
672372
537566
970102
235621
730479
544555
225118
903169
249556
257601
84995
389825
169478
438038
963190
549856
46182
93856
985807
969518
718541
926592
598645
880270
475173
343388
908621
100123
716196
648074
897149
913062
581478
627047
89692
903515
514023
15176
536568
392322
894874
381320
591810
835169
93480
437121
651994
620926
903496
480086
831859
61633
639543
540396
516579
368312
498581
306744
446218
188789
157212
420851
528668
100754
845117
120043
23308
788245
404824
146931
781078
284206
754072
546555
206441
862621
403370
849338
640688
179312
785112
217415
988796
428394
279494
352711
898512
2816
483079
722689
656264
361149
19101
965198
124454
24069
994059
190572
179258
685174
746521
723185
830318
324842
27684
335644
580587
88025
692319
259591
138412
532316
30826
884537
360925
346124
22541
363224
871215
517065
698257
591163
470203
480534
710651
137757
875984
829986
449318
328622
978651
425186
582076
608388
570674
725657
332368
338736
976189
23929
45787
180459
811969
99683
378194
16622
972554
474123
901152
119136
294197
504439
959365
608618
93591
687846
597770
411431
691278
756045
491424
886455
583522
917180
713621
968819
561494
918560
331186
359738
263953
492257
324531
473258
842916
380716
961635
563435
586744
35531
519252
925605
725525
64431
88632
216081
307473
977552
983712
536557
161107
176875
499342
661961
197955
419114
247928
71679
354960
110114
425244
643840
672157
151926
306746
168456
143689
482968
484787
451635
382425
548592
560828
87210
207620
700437
432767
441590
227419
79672
590414
472373
267732
756192
749892
777257
618610
66831
598266
953453
154002
892996
183139
901124
445779
170650
849413
525386
605411
398414
275220
378636
555619
301086
364205
922291
941878
243852
283500
56795
72747
553089
93482
592194
447172
609615
905046
757851
292835
762255
69999
52162
484688
918185
119195
384459
706857
273330
876071
171187
766375
808496
930652
481720
11720
277048
212602
30340
365023
931832
936084
978884
844340
381073
256391
126168
394009
991196
576088
292579
109834
672206
804457
192513
951936
395510
274904
214424
774226
287459
965557
864584
832328
283810
43741
206012
14590
957476
690359
364962
401714
576767
807435
437623
398186
229067
52922
779643
187012
507117
157406
710468
764828
151984
339263
633071
231699
203983
763630
725809
586370
516047
120002
404299
150140
881865
256748
858396
828600
56965
75577
756112
798755
307650
551973
551222
591041
688339
421526
236272
608252
983907
639036
818244
790859
279577
43266
433615
310016
412246
889585
159256
263534
320155
682850
678658
98676
721224
558302
516892
899243
36224
543700
525331
570152
984936
622645
889351
174638
665549
975216
738618
397491
249381
303301
193125
614541
781933
717000
851813
991225
343410
458997
727314
125768
783660
534250
729008
334951
855620
524485
273151
510345
648631
727642
66605
556467
187282
698833
190252
860131
307229
343387
135261
667358
19028
753039
450731
442965
186320
387877
609141
973171
49989
534733
705507
333894
234788
821997
601498
555591
738913
925942
961226
496200
262671
186977
265508
29625
773671
206604
581353
98390
37479
534571
907294
672049
342295
438380
517340
560087
102118
499819
120708
420514
333235
383119
799695
182619
333545
67967
663619
64521
957314
671749
376065
430298
636652
200957
524219
961069
631880
705849
176004
546874
97871
865717
243072
834911
605263
998769
328186
970632
87444
134129
627028
359737
688930
962317
473049
205883
950493
195637
676399
823265
970699
439429
370728
254517
502002
888833
370103
851716
453276
337069
918975
186947
749625
912396
543303
96861
962403
489075
46474
420762
868220
657480
871468
833901
281203
988444
712838
712346
193190
965795
880418
340162
735650
609036
632642
548428
664261
850241
670171
159858
210308
553277
808095
193189
10697
541892
974392
7326
971893
617156
126672
864387
658435
15622
32461
199217
940940
92305
44250
34988
707623
947803
772065
623969
272168
465133
534805
690003
879945
453010
683819
839914
562215
976955
233832
518549
506083
483570
517525
619671
660009
283769
996624
208117
578125
257983
750461
148667
446929
70206
245657
661798
29187
251892
508079
812849
112131
702843
84259
74687
185699
673735
81195
511841
643303
123900
727710
35269
787627
531178
612
161852
756388
970406
133005
534566
878206
387846
507775
73660
93221
741752
147399
145978
372192
378751
869520
933159
724119
620043
429169
356674
36021
683893
505504
159627
648616
703060
475844
71531
348805
86206
625961
576961
227529
207455
108429
120649
910203
312623
488663
989227
957485
287251
1191
831838
305377
313810
403080
464439
270919
679026
528578
101394
475044
923311
297165
976795
351247
136087
12383
889402
207126
529413
997158
708185
726461
210423
31890
417875
353766
185102
308681
313594
357452
355619
260094
941957
29481
157057
670876
837972
474232
303362
766300
140066
18773
821065
598390
322758
384320
365465
808883
172966
468928
900688
674401
419064
177124
80132
673441
893046
287205
910201
806042
825758
622823
972027
249232
447331
377310
193758
128527
839667
550413
397072
956417
106534
571370
683608
201375
211712
938270
267885
141700
876003
527208
341685
130909
292756
791265
850841
236925
667432
417690
846465
571405
313930
506209
444977
632609
298796
513955
304511
628069
946504
31403
746160
965878
388754
666377
648559
842317
43196
837261
356201
560982
47141
405362
912200
917663
946463
769113
422473
431404
663515
89066
836604
637799
983732
942239
327832
966900
343316
908572
881592
516451
18247
558582
495286
23039
713498
578452
256674
108227
218031
383731
184736
448364
145376
21379
71195
516650
794062
883503
340778
772400
1157
194618
981821
425322
622669
896644
543299
534990
797776
293741
150044
875212
537187
398288
703030
963423
498547
858160
154886
920389
61325
712881
396005
980043
136841
696061
695109
500546
776724
329543
625102
952910
450393
56748
999897
715164
909900
596213
529672
70259
793171
190713
896960
904804
523280
740960
325124
743196
517967
319042
933871
950744
696265
300845
568909
276663
827219
98054
48215
995371
868774
294214
313290
607753
551883
989606
588707
558273
514979
848726
451897
22247
378192
193318
638198
933743
644484
9352
759923
406200
753124
702444
998576
294783
159576
15499
675629
925876
779186
367488
2855
671593
355320
471376
537842
696743
794000
632394
726319
533467
923655
227402
663339
65902
338493
399511
742357
441586
518833
917676
919961
671544
105829
958164
155037
77374
918702
419054
823639
142661
498202
709136
113609
816193
336061
264008
900954
634026
555674
63742
9234
103728
405483
894389
421682
54091
762766
85232
475822
419312
531852
670641
833032
720031
199110
366365
811914
118873
245118
482491
737248
949488
301439
713243
326864
351414
131690
735635
831766
101655
40479
170405
959904
707459
322948
707004
117154
540739
973557
591317
874263
580013
41928
946107
220310
372211
589179
882858
120333
214037
374909
584469
811676
765303
873301
564099
838672
254605
851059
543316
758842
191090
943762
764322
306987
464280
582406
995715
624079
387482
852071
838250
215076
5102
519258
788717
636693
596086
195833
587297
990071
438517
656286
471137
4767
243294
504081
558062
777309
670024
377291
972656
781210
32703
176423
19419
333002
197556
328420
657581
230157
620820
233369
152083
767208
575414
974646
999723
686298
373741
915122
969189
527710
551805
869910
467715
399357
870315
15206
411199
681292
389037
31015
339915
121929
949441
256338
42291
547534
424282
394387
437791
623664
438196
473534
718196
625591
837833
99855
921435
54905
799516
581276
891673
220309
878706
503449
650973
407049
880480
949384
909081
834801
826048
554427
241416
14813
516733
370887
475213
591373
857934
931143
428540
458379
752000
505482
699058
208485
303979
403482
619742
362822
798726
110890
334627
57393
352663
395163
789846
355225
930435
316523
960674
333151
559043
935994
6539
86248
597495
976314
422351
884442
715156
791859
821416
590900
562362
484977
659695
552008
857377
156491
944922
252949
332657
963664
135654
496581
70320
651855
181520
35583
572437
219011
830845
5674
300476
457881
30713
457600
930547
68192
669916
922890
535409
611276
426185
248509
286118
990695
140816
653105
985134
431381
637683
717498
191391
850818
379590
851173
877121
517610
353775
701329
907357
934660
875085
101351
916398
969548
795637
891767
497909
184940
647768
548912
418920
673926
795904
451196
12682
781792
408825
544310
856470
787501
248076
790729
534549
596532
563879
939622
111311
386079
630104
124001
682654
460770
903800
831849
974045
711110
834917
274786
576320
337169
684967
640801
261246
411284
798324
396931
585256
240337
902542
129514
258461
762566
485194
898581
823638
959643
183533
189659
764509
508835
979311
419076
570267
999506
532449
611908
592398
35836
321514
494421
600345
219142
457709
841136
758965
236971
179142
486631
576262
142317
987636
940834
25800
715990
92305
90676
535016
993897
157371
37017
800687
134698
858711
996622
176921
355335
324780
287949
115524
296866
116970
719204
62532
58620
763918
254257
59155
945471
55197
345084
833382
793383
244237
467185
131546
772751
923843
412856
748109
303060
804663
778803
571594
926888
760053
895187
495964
339189
692988
416856
990787
698475
475145
558115
839621
487208
522926
698233
212699
579715
981275
645078
723596
460469
611326
240427
886360
439205
195015
711159
579658
481743
401412
205117
710704
294800
265388
142631
444455
986576
172727
82039
306320
246156
658666
202470
588511
663551
618161
860699
75154
215020
946852
665865
915134
70027
129708
944165
798724
352141
998655
59971
976867
418382
999622
619916
541864
36311
805664
467486
809088
429580
36800
857792
729582
144888
242610
801280
888407
417011
383163
976492
142266
760942
848349
851049
988222
365659
927289
959987
27300
314235
765775
588913
742108
620421
826209
287284
744435
862000
896567
37260
440873
484702
701947
212807
556129
845285
814532
916935
132593
95162
930608
539967
931161
777596
891306
551754
2001
201563
417419
740135
912507
233827
124188
417557
112760
146921
265018
652487
853271
164496
691538
161733
211495
861880
539724
512927
159469
537924
845381
730702
682737
46215
222772
891944
99955
179083
697006
671103
955643
262653
674116
264792
747406
547320
315274
86979
925436
432556
98355
923036
498838
865963
881240
957788
767486
154768
349655
561180
518423
197452
22168
197736
27547
158094
403243
972156
694794
951374
77389
690206
107520
149431
954954
260375
562400
513199
779900
517391
884396
169988
749873
202500
63927
798132
459242
913831
46065
517593
367296
286099
80161
754735
718818
213546
981938
646916
968185
880910
684388
855419
30764
850169
253987
111548
629759
18810
83829
439611
466006
462605
897996
181732
819672
206357
531451
291296
866863
481144
621510
927047
869163
287447
929682
138914
347014
370217
308795
320347
486274
573555
523844
144708
602031
428198
931625
309632
995337
461460
320849
783570
239933
6928
552031
284992
71692
46946
265192
746787
422473
597540
198719
810638
894332
111997
549675
512921
492393
502071
701370
155785
387114
913214
653167
620893
800185
620663
415574
725815
77770
771322
711737
700069
52117
624302
102059
244108
778737
313024
465281
869360
195356
172544
584481
194658
948439
517528
984946
993351
316270
821097
31667
804352
232918
856323
828839
318331
896686
389441
255790
955350
616
367999
512944
979179
141121
665402
118962
134204
970732
538562
105674
981180
229453
988510
256879
153208
373408
787004
695338
334880
742714
96531
632425
958774
444200
512791
4530
592082
362868
595096
576693
875855
13638
934584
198522
916694
606502
923335
267961
210693
73311
998845
997320
61115
531775
177747
314287
973059
732284
63678
100631
778906
74673
169481
459553
130718
188613
273549
142996
638614
606444
446160
463790
485080
865415
656504
487835
572763
921895
274474
28291
869849
416943
379460
300606
54944
25175
501107
186019
874294
278029
867185
461118
866727
650166
897246
735
677549
560274
361786
864527
99834
798013
849725
48286
747108
254737
94035
128920
29485
784233
168951
128086
17134
136385
870699
294320
205216
331193
751633
591760
93959
568248
950698
966498
253436
574701
530792
122983
467477
569393
935217
608361
67123
692872
12723
162313
90727
495047
397598
630260
356609
99407
392515
83444
42935
6071
69447
430370
135663
837384
959683
328058
976425
582113
888124
578695
682572
493755
874746
542461
114252
807943
644743
728741
521524
895668
460869
790259
850837
2957
960492
715507
739723
42430
579936
740130
689704
567734
208363
226777
791744
758248
174044
270884
524881
885101
198587
82993
830668
441476
462311
167844
399300
409273
162382
554887
370162
120355
791945
508959
911075
738182
414418
857434
316543
482969
483427
952164
10166
259363
872428
60888
233864
866175
109935
237972
796017
492158
390268
23909
861616
631339
29060
320673
779763
363625
780061
222100
820705
860281
395793
756690
773123
180120
807715
51180
593936
321861
607071
877501
831379
836384
944669
22884
770363
314094
889362
550860
337599
164217
705042
136806
850924
904789
485286
188984
51276
931389
395909
695695
868404
217115
875955
574672
343595
190438
315699
954157
89394
258406
432746
312499
630005
277843
71954
414783
8588
611803
33879
456721
18286
403139
396946
827768
436147
703589
219935
412653
678403
994007
55069
17020
153888
41772
339905
144669
696654
248788
297239
494177
618651
17695
142871
708872
560590
984798
261856
727983
631280
79530
196883
217190
802225
461758
384399
665568
271801
471231
255940
934724
632653
469917
8822
578784
802713
103377
136208
413565
423392
901574
981538
262477
225981
877908
901945
98625
378708
398311
646746
749943
156443
36926
984794
638737
530367
372496
763293
758369
292212
323337
933353
566208
512604
733553
648358
335038
282835
799150
747700
899571
22357
773152
174121
793204
793356
337514
569510
381345
353594
556817
313557
633052
422528
51068
197633
655572
32073
252699
563025
756991
713430
16293
862114
751462
720678
99385
54976
426010
760193
761510
164289
134468
942241
437254
952767
758618
808638
918917
102704
905006
304565
491327
268068
674400
57108
338119
60378
1268
792516
883269
847038
808318
875795
152183
369923
628794
758494
629144
973977
188536
825047
71517
477195
771124
600313
432604
735480
18052
812613
628360
259436
441834
77879
494615
13915
992329
121802
125892
742905
802101
950373
178480
539961
971747
858273
780068
736096
128127
127927
265713
790532
810269
781835
755064
403750
810695
536655
360774
207593
33525
972373
715799
991151
457690
918454
359036
749775
881179
322456
366295
230452
775450
883998
994498
631957
200241
835314
200847
920524
494715
546984
675754
961942
558796
375183
983515
99046
76864
93209
455272
333478
106417
849892
411159
299723
711106
609060
873873
664915
160920
846511
277858
606558
448041
95205
149213
691430
751724
787258
652125
176733
882608
477026
804518
66338
334409
563096
589801
283679
711652
646858
520294
645633
595260
296932
476908
653141
309349
857207
873084
820220
139590
281990
754508
333706
364772
99757
911591
624129
648729
953263
196657
996517
243363
611994
786569
660604
379544
111833
641799
240100
467320
981782
857060
102032
954587
577865
900537
799905
930633
802338
993504
291101
119656
581903
669815
77262
899152
811690
767747
256953
633787
605059
490800
520442
866264
711685
117750
754745
82942
336071
43736
641419
503485
215857
206983
704487
624081
69769
207139
305730
52400
32345
16161
248714
837314
241087
949383
814524
505265
287185
911252
233571
525910
563242
240190
796270
246482
815254
503187
742636
554942
660758
449601
183398
496698
670096
35249
717977
738786
157718
944589
390862
378463
105937
401699
688600
805465
34825
120481
68842
571338
896852
722752
251090
334446
518042
117182
986902
22999
445952
548291
851113
395612
811897
400805
114314
738865
488357
831239
651002
467602
387236
952348
6040
239514
67964
892553
391962
713520
224611
113449
461546
780256
119209
39210
961371
446984
674372
783764
909894
244457
385402
191210
430981
103197
829029
226793
953547
580840
232806
331117
353247
813094
66665
672051
209075
257892
921552
276537
436261
410763
620030
507650
872593
940855
500931
52726
409617
803559
685023
343525
493778
286540
282485
880172
544340
191748
222989
555440
271549
799456
484358
757256
841563
686753
773846
627255
263733
371266
191295
897046
676812
44655
460625
29201
402675
940627
820054
391432
974088
144911
744605
29909
729486
580934
217318
41325
164904
949077
857255
266271
593140
858784
713209
881722
694210
609096
280034
206604
653680
120568
992319
612100
137444
4703
153870
493241
460388
750968
481366
150083
424853
567172
651507
741767
309646
381338
419970
291473
191000
485652
138085
889946
296772
611179
441779
172008
304233
358173
410815
936277
106169
525770
928771
532711
241343
799263
865834
96094
101816
743145
82039
586381
549067
830475
997909
298848
893797
988235
754939
457660
267765
874758
862843
130436
120769
859844
743144
342583
635684
988198
324258
604918
694308
964284
857920
857251
336500
25331
967960
570214
76931
834795
627693
316041
150014
908583
844150
511875
94185
978014
131463
759890
127701
936430
729951
153601
861759
877552
646349
792457
773573
247526
562559
394196
916358
153553
705704
870684
708500
467488
852877
558194
612056
430786
16813
173595
907011
808796
390347
103381
956653
243671
228633
866103
969356
439696
284994
63862
516561
688755
66516
612100
558434
817698
782537
796434
337264
848846
696945
458039
338870
159017
991869
627561
768333
547442
208298
571943
510957
567471
263175
377721
325636
752441
179045
175695
321644
621553
783195
663623
550861
20433
34291
410954
498255
435485
96117
603286
207225
449015
316877
495318
667115
990418
8539
308396
765172
345599
944792
978577
464529
581219
799904
192788
24387
533258
599968
844478
266444
804116
135196
466199
840261
852813
770205
747009
281375
966811
573302
230529
126132
866512
425714
656542
201
58079
994140
771746
716195
297964
453483
923261
485058
146428
816775
229961
82814
799372
517628
38185
441149
295805
220154
860682
509199
638828
378502
344267
534054
749216
35009
466745
750453
821725
784403
385651
89251
331413
159220
210733
297452
281662
990103
671439
859477
719999
603571
16701
198794
915268
639023
607282
170581
841648
216745
46661
573053
221554
680227
912270
597241
820785
714058
107170
964239
917921
733412
226041
771918
60151
406806
84465
991652
788729
909456
912748
369245
519214
140886
861844
730745
916981
516843
310462
862504
972082
915932
251692
510820
289571
84006
269869
776939
97489
984005
207647
125272
107809
602842
471573
651165
147274
758263
777235
650207
643553
128203
435382
879918
228367
739813
929073
956384
974821
643686
975793
794121
737350
535304
620514
961112
177474
916229
71051
933905
371588
308965
831317
775330
457057
20839
691561
134053
131280
988107
153206
663985
740153
81466
109906
337181
593574
289875
739448
895442
278678
373971
308656
384204
438512
449760
321612
512237
106197
534194
900430
30590
676686
810335
840551
523715
266725
306177
773466
794361
166799
307717
748415
419182
220998
588051
728100
394813
157045
478421
361166
365861
480205
193383
571933
954310
809461
358361
939981
615607
252126
316899
709145
148230
539252
570854
370938
133261
41712
210075
192397
546157
196298
225306
152594
845546
904588
595017
20432
579939
846850
716383
28375
989484
492174
528596
912989
491978
548376
629159
603594
429706
321442
307979
45583
330366
80441
875695
481329
73941
301767
422057
798308
853782
505670
905726
446546
896889
507407
92496
208443
475746
189776
741157
898166
692858
328348
191952
46549
935724
849245
334910
781606
16313
502308
416158
750422
510969
553441
583342
34993
148143
754862
810591
411780
589255
503621
255588
182180
960430
49235
613532
219399
55950
379684
252890
687567
895909
947709
431821
649767
880257
446344
15825
365318
820122
209706
686097
93649
654540
698417
491990
560605
485423
247721
911409
872082
442453
917646
926465
130667
747487
216347
551330
337753
971324
67073
613426
128583
359231
426611
781441
564153
836188
815390
747669
486286
467904
953398
610390
474020
627978
951212
64668
573274
321513
111419
601556
861104
560467
697442
625161
958795
112990
260908
126933
35222
889855
291563
931491
172418
686558
233411
702751
160621
426322
214690
773373
519072
530942
351373
577379
815219
604551
116822
280692
777291
499633
865898
766394
277700
190677
302214
858415
640745
872705
440010
43496
368480
17900
848166
890399
979043
871380
380081
224923
642217
103734
268504
54462
370211
894441
266419
294699
786082
781400
282163
453394
212565
239706
672376
890713
387888
3952
760831
402920
928873
98330
56313
790993
941020
962390
796470
27419
754063
662262
676288
508714
477263
937245
808645
836940
951801
671957
735340
864994
37653
276304
742664
17577
701020
793402
275498
708196
845594
970615
632208
693416
945454
246782
842108
735619
367215
355793
174688
944970
821865
939608
180597
562110
573957
140697
872747
202394
941318
857623
308731
353724
329712
560004
233560
250541
465603
654499
144323
905807
750885
981951
542334
132322
800733
447233
559448
343283
980411
887538
20135
235105
546070
263950
983060
627085
814318
931265
411728
535453
209711
843521
863269
9133
223191
264007
978791
733908
402094
269547
521289
657614
866164
860955
334092
572171
44505
40567
558161
122387
912422
483724
692688
368532
518969
148268
86817
168586
878637
66150
637560
492809
568408
223912
177390
7018
47598
458541
240826
977936
974466
369252
833534
926101
967981
314847
826430
301334
882375
792948
321003
733400
966098
442356
824797
35286
532855
854661
588384
534632
134952
126559
145637
19409
635556
497311
593946
200485
467033
789643
622676
204885
828451
152995
914087
494809
389491
113312
441048
333369
840011
780044
130218
752311
342949
782269
607188
195228
853043
431407
22356
218654
531586
578173
95709
186346
21176
22716
446252
590740
452028
700852
289081
778521
545012
192188
3656
284813
567721
241201
118302
487077
290184
108883
688529
797091
98434
384060
766521
998426
338194
372477
972099
178461
71070
448086
683748
174024
246007
422738
956649
188394
202811
350525
168813
341710
177434
572291
274853
402533
428661
891431
649685
966417
715234
179548
279781
111824
164876
475523
878734
317251
764216
902978
844847
470042
672674
490813
286844
44318
299398
175476
963861
112155
994746
679161
749109
51112
215736
466252
6209
373269
162682
301525
586944
51247
61246
333565
498474
62898
873129
458153
308953
893644
28168
919763
363740
839882
263473
774535
219179
756129
94408
718712
253684
143451
524253
721405
112852
519965
498227
299435
664161
334993
968604
463055
764004
935092
631423
9416
453540
641917
623612
430975
487069
352809
72102
590661
871440
17632
545455
789127
775476
773701
947490
677424
940490
838559
144201
2651
469774
374303
66734
280564
380105
287053
991871
707434
395523
91987
169290
833810
573718
331622
539752
88155
907998
864781
654199
608874
219853
647183
154688
621586
820123
49149
504439
669041
648282
809241
665184
245738
930407
615394
387214
654970
753661
651965
943942
197305
75683
339394
30147
736432
854470
978528
852563
895697
402209
868653
905247
556951
438744
819981
12872
489723
310949
212222
174572
166608
324329
11839
399111
96827
323108
366683
546742
840211
371136
121046
268631
614417
549832
848434
378829
836916
222838
93982
234912
609204
549161
215740
699713
442272
153973
246734
940138
826902
139733
323580
76580
456031
41659
74052
964898
677733
606664
106814
750475
87761
846423
296779
22357
498373
419060
464666
155597
616947
827499
63830
670707
521688
557242
989872
230401
858457
686504
613124
140108
888568
554543
580586
878148
233011
244820
244636
689302
157433
587608
319871
991216
805065
609799
939152
883108
134698
454125
427116
970214
602945
512168
884603
117168
117842
90393
262971
495813
383702
319284
959461
168209
811700
480567
586621
212655
679584
337336
380795
253509
699085
938774
435473
822730
174736
55633
172249
258856
93778
391350
783389
215101
79154
599731
710210
473083
392949
142985
429649
23790
408810
859358
309731
99293
679711
644786
442089
22346
762105
679722
9429
98389
393524
235144
833257
272957
15864
470716
196698
106437
384532
435987
431968
786549
598745
957838
990557
856503
127317
959502
542503
377058
947435
916906
291892
982293
556620
344419
431649
896825
910740
576367
7839
944680
986499
741873
202619
89900
491542
452298
93192
235423
677185
665801
664362
377842
590732
858878
453378
770186
308999
773548
259121
476805
712491
832348
105675
945115
493967
502862
631258
403423
51204
542155
227468
39139
723213
572438
770618
996603
509438
8641
517397
2331
755248
142107
465263
347738
928414
572359
547171
994711
28383
820584
273443
773562
142080
385784
318108
815508
154173
238584
46024
412896
468956
41601
835215
646443
986599
893306
950555
664335
935876
600227
936887
875355
422130
404685
149026
775311
815650
817068
858166
918402
4720
39173
228016
72614
404156
670849
104667
195940
726761
754212
86110
835233
894834
638551
81438
201634
856676
237089
505873
407436
19324
994292
890273
324036
186013
739556
983096
90165
798189
847538
955694
627632
35470
562311
823181
755757
670836
234556
899901
87151
493736
353046
704273
416198
135704
552975
269164
642926
208920
894927
3921
432853
758201
445562
788359
292026
432068
863330
951525
758193
125524
14749
662527
303107
208397
929970
309037
853810
855101
414253
748405
482073
818637
743058
871444
558450
377507
46574
731758
19506
635608
97225
752335
909455
765521
239351
155741
282209
274812
151502
570845
157158
656041
961137
786334
507360
389314
608075
43525
286553
715241
358808
359606
57479
621228
755741
99484
425418
804391
346296
299222
181585
324407
593746
25279
108381
692310
44528
349015
541278
995928
544937
427795
56889
596353
642674
276093
810923
603393
646933
694921
888007
421709
861376
633974
803291
373978
679482
851037
265969
217272
298544
485530
843569
407114
54766
484884
650596
664222
210601
944362
85587
678573
418552
573179
27661
882032
83363
388690
597128
77660
711508
830573
958879
877244
745579
991144
200570
67818
778861
578315
570892
837674
626716
164589
147701
651171
936993
147266
152519
244219
227494
921864
564837
263630
62784
866507
329287
294410
54922
698704
369115
209770
767501
666404
244614
662924
645019
685825
886216
150641
493883
1817
770302
463825
952126
771010
117184
686745
137840
543743
298986
892098
194858
2855
516089
998671
192645
529589
434059
251491
325353
602027
817224
296060
41155
751715
636832
123024
401620
376563
415402
49538
406886
665148
377324
8257
705691
669391
675192
511166
565406
655549
183475
499143
584890
914810
651825
243461
520521
683629
612156
916686
277143
643316
22376
282042
814749
169552
559451
726492
747699
347202
502258
660469
697063
156345
387662
97334
982984
906176
659750
562223
847537
369988
354206
236698
260213
276722
537347
938322
95272
765375
818145
271137
74824
825345
844993
652406
478151
869626
114051
446901
737014
107830
54164
470121
169743
770250
147083
296277
623583
562940
974117
728360
59022
25985
250331
389454
214861
320225
252126
148899
455194
610743
400367
333570
365491
187924
101596
533948
684245
901956
342234
212005
12783
144360
495228
309896
925928
354114
18126
185402
231754
201552
167696
598284
640777
809679
473746
398042
444596
177696
826921
553984
800247
792328
635467
184300
233226
151506
430604
895759
22906
307279
827318
719278
958418
176190
717246
290901
871462
116934
760553
359210
834619
594719
956027
684383
867414
377425
482455
840321
367840
389397
170296
911534
435442
826584
370506
941027
307331
565533
51366
63347
187499
459905
486185
170772
357459
514970
674608
278228
220348
451577
323441
212201
963048
773007
951545
374245
63208
547372
401790
986760
989379
807906
128032
896752
646656
812360
897985
765419
342417
589403
770941
630573
915164
307326
595528
577117
684263
802402
216227
102601
303326
458304
936891
238138
904644
279107
704926
325411
468724
214020
274970
661683
727123
570669
601780
399818
266005
654334
327810
715335
386984
690094
851750
707264
989760
362473
829543
644171
29632
783800
988333
543161
681794
525567
908825
354339
448835
729823
380095
484956
622766
304572
97921
205254
777411
11929
798793
178240
93348
534750
437154
715005
249596
622204
638515
309744
278220
125031
50906
409315
148500
179394
371937
437671
407002
291673
319648
149414
865882
362183
190255
286420
165002
67960
576389
670468
891528
445193
452658
729559
686818
284108
485301
581199
69890
622759
529723
152449
796852
91867
211317
172969
175253
427875
713172
498456
650011
729139
36452
410760
665403
50783
918530
987920
474043
856605
765435
990066
821588
786979
953091
649490
460419
65578
55439
69250
219884
104789
224719
696
778347
327338
390859
16225
428409
109438
784537
321166
378808
577200
141433
157260
268700
276555
781389
475027
758901
273551
816759
182228
563164
181898
250513
145013
667002
991071
730628
844249
662960
304040
766277
457240
866854
40952
979634
646414
366580
175673
604421
582927
406182
347956
999986
598904
460591
985008
664099
884705
633070
714225
673806
369582
816341
436321
636975
836677
171964
534669
313063
151962
323009
849606
924209
277285
281049
692200
63613
410549
633784
957047
742251
884254
66521
746084
939237
889038
107882
10352
411545
759422
429399
469800
907410
157124
276210
806222
498098
108292
243132
328664
41038
349511
813139
993361
341734
731748
556215
749918
338303
538586
837818
362780
661791
362112
197956
145828
435428
868947
271808
807344
523778
309743
95719
61655
401111
208985
43687
789812
745133
935161
869743
789669
636619
652133
141850
214255
506552
368152
221621
331647
808397
38209
319855
472779
550070
332280
720732
997911
977157
703179
103462
749012
579890
821559
929360
104739
693363
445746
480232
692599
799796
808741
875593
127320
383732
641591
909578
743043
968316
885189
671367
595630
15228
982957
206154
740202
53635
866378
651733
711970
953818
376378
67790
379264
459070
720858
245255
630959
300217
244371
633833
131835
357340
237966
397758
281172
265883
186883
835544
782001
544325
372207
454176
914704
17502
255652
451006
37020
663962
783738
551714
50664
89081
211683
434222
486104
126458
652316
850240
679840
80445
775040
43487
993251
440760
346999
643137
494909
807253
446731
873078
161436
509991
146011
658549
351881
932552
783272
580033
539141
461136
996172
23160
999310
128500
570763
193976
776897
52664
862594
679854
996377
548434
504124
762109
98261
494877
918820
690439
531320
686006
800724
622554
723882
424695
148812
298618
15932
132750
776190
71879
709257
859513
496517
673547
114488
359584
222582
694946
923293
41486
15695
12422
479807
327630
605133
110774
486964
706142
84313
792003
524585
18258
25762
783735
112382
524168
551046
279010
522446
165956
295337
407554
635596
907880
52905
900302
380872
967761
926504
637855
77393
880592
247624
911036
674165
937283
699317
684096
378916
198800
587995
15402
309811
348861
721273
69249
835516
519343
758733
811362
14754
200318
987247
561960
180978
558897
997754
468214
965285
257499
971556
888099
339330
47569
300271
889987
624224
915974
438840
734094
717001
234758
568429
155952
37051
861899
12444
928556
220168
223359
109350
540653
675869
774863
81618
908331
807903
362216
336958
679606
577073
643921
191664
132515
663378
304357
829194
998416
642404
49515
386908
608981
905415
28180
882580
119816
229860
298000
51280
347501
59270
872461
194260
926969
316642
492685
40407
15809
664887
224994
470136
336964
209360
574985
257166
253713
748199
118113
725212
422742
990116
517382
871268
119495
581698
178255
42962
996263
579283
58656
861081
621878
794458
856812
131291
533304
553046
52618
51202
696413
577758
177843
583916
461842
388519
642390
507715
163811
332899
199384
708010
408203
633604
307051
3859
25562
746398
814794
731437
665921
764139
599118
331579
846845
779240
210608
914816
987038
928860
354332
492246
657715
73272
11950
721695
708116
968026
753867
545106
355724
993580
768607
900855
117408
70825
768878
222894
450496
214208
682137
762280
647242
392273
426544
557497
609269
593428
864942
166918
232992
176537
647573
470681
823159
889449
52455
657235
433407
816076
330686
367489
815744
312996
456264
160967
906124
494455
536995
935672
833775
553546
517649
752712
217333
66216
837656
974937
10386
52546
307129
933361
721778
939824
49162
168909
159966
67286
835698
281231
112007
14881
148289
296210
235443
648817
382314
841950
19713
574993
303326
814647
360410
347617
852165
177296
98038
635221
941531
292125
80712
555926
453734
495110
79048
667270
489679
780535
821851
529185
242852
824404
889632
600895
783913
894986
519449
144181
934679
959041
223156
769307
146930
161517
928885
296745
686794
744260
318275
793723
742030
570826
270540
776948
315591
126535
488021
869374
446137
417947
217569
591599
799057
109928
897917
685895
543818
747117
723366
918614
759715
204659
204568
576315
363637
793759
595701
903814
493555
992168
961742
127807
119811
814691
267280
757376
589107
385530
422094
612029
202457
347836
910630
127908
200012
191438
325203
635359
611961
643262
673103
468535
255522
235960
141219
154578
916409
646353
558476
321117
543317
790273
287115
57157
841295
577454
273930
114910
359676
448419
992614
857255
928646
878239
510237
149157
69481
471306
567189
693099
161927
143619
399879
248123
87913
74324
908230
403399
157075
281479
99312
682192
270147
91922
733616
897968
401798
561709
810605
367410
280438
813252
392018
105631
255059
57160
262587
904212
42365
171808
362809
663182
108555
616062
583682
557896
947596
64268
449784
954875
495832
244228
615764
889412
250385
558943
619183
599332
993723
852005
362733
821281
510325
146019
272262
787913
501844
440955
215154
44950
464219
351957
297392
390957
469976
648692
583476
450113
879069
9699
309355
498645
80474
293581
30316
657630
799892
406380
952956
535174
759876
73114
35966
445709
349454
978883
702261
925642
148764
772412
564983
245456
965399
760876
970929
497579
271234
291176
926801
974602
497907
451357
806100
246518
456110
283174
352876
562624
669663
634558
842253
969658
688180
117199
123156
507291
313685
100393
158740
737158
894785
179534
612671
435300
618950
171434
919150
782829
960220
834016
549645
604934
132575
507135
919334
17221
398120
211667
105416
378320
941383
63256
883028
545443
791518
443338
612643
92400
422877
732312
128791
316384
343573
251318
383997
356024
489467
648529
167004
463191
143164
900254
397597
841499
854647
853580
819158
559140
529372
792088
383285
869744
923231
589694
857413
896357
379928
782413
674016
775470
895610
333012
65970
838781
376877
183288
824549
862510
347467
813991
247534
12812
636212
944295
842675
445868
982607
852040
39768
493175
208797
59960
778661
38278
212923
928501
316629
479142
166964
512477
568830
953018
959488
867361
605272
323712
637470
800024
629291
31212
578505
366256
42457
356080
222106
677631
396037
597341
88505
299639
782559
879139
785985
762040
38798
528308
408176
477376
954616
817031
501127
537597
924337
611001
231428
121411
131645
956685
216314
163801
259588
980564
486730
727470
349777
695784
49984
967081
170950
484562
183884
775838
992736
180236
898203
554908
906531
682400
369937
115683
932450
544175
882405
59187
661101
725197
566362
352767
541975
451658
383894
962113
595170
498252
146017
43495
142281
660183
478651
463723
419626
237551
186521
130176
983951
7701
296958
664040
277336
823276
133043
775906
895366
410943
538467
47041
87398
291164
574037
698328
327896
875096
591174
63058
60987
864310
612834
147806
69431
602019
112031
318791
493286
589144
468342
598305
803743
943394
782399
189215
636769
504446
435049
784514
5977
475614
482195
668268
196560
823688
153289
819603
15604
673630
547422
915025
617921
62840
882914
329239
715532
700077
408896
146626
39596
680625
69687
993798
147013
757016
503731
452166
716338
569401
376135
590150
219151
387757
883593
252408
680160
583927
432779
723634
795681
614398
436849
434369
744746
58741
529780
357975
35903
729051
804914
558239
139698
498654
740015
626354
141109
406939
400172
572321
880704
212160
148130
261234
958619
308947
602907
730793
627785
145227
572590
501371
863580
793877
868200
505962
593872
119788
471969
483906
148305
23432
458276
68139
234371
448754
230377
548130
664590
106047
372212
798718
297337
894605
272779
67954
827058
521756
259266
360894
366506
259718
594482
180920
944925
66268
694216
937907
15535
825375
817849
479497
309874
800472
330835
188619
561220
755285
38191
806145
6102
381952
223555
394847
681543
705501
193428
745031
638702
904671
635272
84085
573495
548072
45017
552972
549028
738780
299430
840890
493557
363873
884964
19594
952675
478325
805041
727366
867653
714475
608905
618438
480342
140867
124881
51737
859726
259173
498193
201807
676204
238522
512767
121378
631189
104935
757174
841535
477334
210087
375814
373236
982278
552772
132260
982775
528519
366194
372994
329488
473963
575944
56634
865316
975026
385884
687139
511392
547442
951801
444934
242174
551760
906111
378795
839095
354986
23960
192844
657541
567703
713875
545771
182164
891270
288670
517119
288388
552707
387684
740298
42013
254936
51585
67078
933136
459216
226526
965309
543846
6294
321390
527480
630536
315325
533892
811535
382697
747609
208142
242783
827284
787402
960498
122778
689421
631769
11843
857273
553767
368186
240608
198156
465442
312049
409513
26033
914942
74834
388447
583523
994336
566944
893719
927082
862112
660503
592091
565424
453037
960262
835678
818996
20254
144147
371865
265368
593621
806434
692614
225492
802066
32401
680120
987789
848338
404314
521813
641920
940897
688220
834418
706200
885379
150003
871945
573216
822075
895107
54489
323283
929270
275796
297690
237198
312279
444439
520540
619110
298400
725767
270651
759126
53753
552299
314177
359377
350432
43128
869528
392822
536942
872467
264234
433506
479106
17203
633687
268127
166540
327013
539538
824569
14840
685289
800601
836849
327668
255482
162063
351947
688096
215019
165111
338882
386962
176621
620431
754140
379586
411181
468743
885784
793113
218970
242268
912003
394513
167620
718934
871657
141448
512800
798554
275113
779175
519336
891308
874914
414761
779807
955141
841033
894667
67890
655949
362333
110415
101754
311926
779057
417388
781855
623093
524264
141845
726934
334749
451392
168612
284298
592729
935365
254115
339929
816069
485797
157047
221813
679722
559076
302378
384427
709652
589414
830355
437888
303378
739497
143588
783927
55050
10390
500368
828080
309942
669612
298775
489386
678463
741980
421551
973097
735156
658548
284560
938995
740903
260019
376349
531188
467748
518203
371434
108097
584143
310564
97134
294713
467417
15852
254726
599560
601694
916877
673507
13445
778527
430823
846226
293627
722711
692701
400230
970181
251388
580988
116804
494931
814931
222677
392587
33225
42928
314155
956510
757702
484105
824520
374479
851010
603958
782826
858921
530192
528392
964571
132058
225603
232707
759006
979195
263469
853625
886213
674942
92674
612804
113952
426291
470044
328799
185359
653687
441368
443937
358137
66361
917341
56920
540117
667562
86845
275390
633957
124993
908147
651290
775939
335656
139084
823798
326740
992134
768739
159033
556441
181802
805125
81696
938724
285393
497075
895453
83879
453268
732165
874380
999208
846961
775467
436622
363280
288499
113743
937732
23011
805953
506902
368234
117771
679937
238662
211661
392013
313767
376578
526634
666845
901854
914672
136229
596236
494225
880315
365091
321183
548822
688244
572100
886524
398071
184851
519936
27902
443295
799964
409629
504231
796510
757597
709386
328885
853017
990355
370460
61517
250001
135405
529890
158292
467726
947432
62630
9629
411303
250393
476163
813436
401073
132809
277726
569145
234242
507898
508482
950880
2785
653576
215964
456310
865099
310251
478479
92998
651364
901913
479029
695129
954745
351624
647220
715907
341550
39121
743864
230618
476809
147248
213202
474178
743641
120744
240493
304164
681092
341956
400488
509757
330220
417719
966165
319314
211070
688421
873678
749506
898775
534715
186735
520436
945298
182648
523635
607406
436786
670415
902958
86087
719337
18405
417060
172725
643075
370293
823301
233216
497778
931859
912198
360856
292854
570830
639837
504641
98281
903022
264473
818604
922852
954204
284059
839394
362001
853473
761909
752985
762255
334791
575517
466729
504315
498268
487501
810520
954593
4180
579643
669201
754879
462478
283376
630964
362866
859183
37896
661319
379264
414315
62661
97033
134593
680802
781391
281511
354218
976998
337932
637768
91831
436635
684056
195779
749557
37304
403617
937136
333609
243882
962466
235036
36576
587543
930746
116822
418645
381567
42920
419110
612152
347391
651238
98974
616417
981232
556062
812680
661521
145068
382093
652030
140000
416176
710707
408985
866121
459421
934708
288001
512142
798873
988559
145316
996361
322130
18232
488962
570001
157219
463251
938916
453701
925007
374671
354988
362360
791146
695005
725128
837561
623254
617548
626817
181309
777643
955395
481968
649963
320176
554522
992591
196420
110918
632981
340013
491758
106021
489597
888891
749147
213181
882525
103492
841306
55806
168854
154234
10362
363699
987423
383019
87383
767305
615453
862739
855554
573166
957787
115978
898897
676821
447846
187998
262080
456853
531848
826491
785154
877873
854367
79687
260200
671283
896729
933706
738541
721649
768782
275531
161307
614833
727545
949174
845534
26985
936020
452280
638884
659103
53776
807533
111149
593775
998446
721201
54196
422763
964221
775443
323642
156764
599664
408168
676203
838183
454811
710523
251439
134795
876042
416418
288272
678151
954814
449196
33027
220632
341253
800950
762261
957152
932213
156317
713011
674403
656772
871181
435862
524074
207751
276088
839689
167242
191813
33059
145624
393151
168568
93594
439127
596081
165663
258244
716172
156505
134978
653201
826170
397117
926212
768975
697739
69655
456990
393436
917145
328212
321726
610678
974296
876920
108027
525166
325156
651614
285619
670396
464611
964445
529859
239915
782615
959431
572898
229237
126211
517771
794970
393065
267766
419450
969124
430088
543032
219814
522080
231600
273488
449894
167598
436848
391856
15415
570732
93434
260735
947773
588812
833846
271297
385191
227920
337331
478756
91696
903013
387256
679785
834497
16922
279033
939244
684851
85563
705573
72018
193267
459342
197276
654607
899199
886953
61694
605521
727500
685742
527839
6157
950474
770661
526870
842340
174335
857652
458229
843313
775312
466301
451475
183538
53279
984084
171972
795280
566477
552411
942442
552716
22816
740925
441381
515400
941696
993155
867621
613040
422236
806742
162017
191107
821802
189266
331680
11522
958731
211650
24309
539187
638988
127294
535496
324818
58953
255070
669454
255573
442540
550362
752410
394715
256275
103616
260877
5488
941328
957072
222762
418495
679177
360887
197060
234197
937920
564902
178968
723277
924078
479567
75191
11870
982152
738940
931292
497341
530147
188108
863836
746544
447091
125258
180539
433265
869359
935083
582554
948433
436132
881550
255476
812857
32230
539661
215478
232177
988407
703746
740987
239691
547566
599040
553829
660135
376523
209042
631848
197201
159024
983345
729109
939015
289984
781839
591875
343447
180179
445136
714396
670375
821203
441304
431425
488527
60726
361471
458779
807200
457368
59937
506559
642952
590644
568915
255997
993933
407487
818736
198726
218487
700321
501393
529207
12811
655888
929434
181574
839345
411019
770609
663688
788599
359473
785930
436892
967470
143931
415838
82040
263474
67484
673914
23950
703240
444916
721012
490074
511776
844651
909560
666571
860985
179248
514432
621707
825699
524878
677858
578669
84960
966184
904963
41330
560164
660561
520233
159608
952636
807114
592111
577600
944075
895257
5841
24794
605294
109250
38631
376047
813377
600741
330927
616363
652091
233459
457219
913285
901109
609166
145321
539180
777224
351805
964489
599119
445587
745929
620281
428873
900316
408759
743669
942248
379534
535841
733610
576217
383136
124979
749105
649713
815062
157119
204121
409690
97313
327422
413661
217048
928354
662628
581940
375415
730637
933790
598664
118035
373992
899755
296382
50308
481201
130836
786228
386276
67103
685065
428233
585213
222465
117658
255381
548116
117571
257743
773689
316364
672976
66404
470738
471417
793425
158052
505991
285570
187218
702624
329666
339634
550918
226636
751996
785371
638305
539063
939056
912423
515555
23782
684529
647100
213621
569740
547863
193099
656619
860711
764053
425014
482922
49465
282470
503580
204067
555873
362598
61826
62397
714838
53757
593503
66961
879937
638902
239492
696143
226036
850926
251814
689790
597322
226919
208777
173024
886107
903740
927371
25203
49628
564911
398603
92116
127186
226014
988148
676799
4337
381269
