3885
697549
755774
256869
754339
934547
684662
429911
310915
689681
474622
9839
876225
517108
192569
518599
829548
573060
490302
240185
697489
898321
63411
688469
579370
183420
424340
926398
739124
522143
953811
208161
746206
118746
167514
632531
250717
188283
650540
910855
499804
880841
259305
760104
477137
953325
482416
448729
200875
257470
14175
380487
430823
484840
537973
124711
754562
617720
700057
572689
725513
659654
670132
271801
610444
540223
880696
830982
889137
559885
688388
933712
43172
70310
432288
257851
165740
465902
902883
892139
248281
890954
739572
658914
627354
63426
727021
859901
55147
151442
607899
543304
612139
965581
259298
588537
745163
59119
487038
555472
416930
164605
416548
468744
726366
727195
775814
388986
604310
650794
83830
932623
661050
192411
231330
680416
871724
290069
448509
656236
371624
956479
377727
158197
923293
733802
447426
347447
116128
205534
343821
792134
223414
15040
492782
427523
862479
524893
749440
521914
876178
958357
494093
142876
543571
517542
492556
931348
79906
124564
782283
837255
733885
588082
570216
280301
247205
432016
797305
718663
392398
91778
290764
379516
565615
478600
759624
548500
516090
503199
344498
319823
149094
519331
793484
274979
453863
805343
645591
862481
832959
923891
608506
102115
786286
487265
51195
697220
127045
216116
929385
561212
94169
431501
443100
462214
510930
406091
389333
382671
952547
924758
450239
65293
647572
73928
234327
228282
677946
396217
11047
210668
749577
136102
892717
859923
32128
335870
472475
49678
811714
549384
22968
442666
174405
719603
475684
276088
207715
927932
450168
670217
342030
371446
146443
206344
584865
458425
919762
716341
37841
816361
810399
653818
57474
859810
517834
375019
334646
169661
491565
172447
157280
668354
848840
450789
710679
831082
532358
432037
676582
241615
119447
817237
911168
600498
24060
800340
985680
645801
693345
80423
935407
368355
5028
253581
589103
716761
248308
203392
899988
23955
530580
400267
388195
22676
304127
316994
514450
846052
593638
47715
544094
713976
801557
247112
160124
542463
981363
695685
886759
958347
172840
187620
897112
237082
275161
67834
623380
262977
921102
119909
902239
206452
561461
802597
107278
176116
93056
331797
268794
679253
404265
730629
715408
974699
827349
786548
847366
640657
917334
774895
9960
187157
95179
737152
354640
467267
266082
99925
20916
392845
154366
369391
492314
69908
208372
448771
616422
132501
975342
572081
132627
419379
538930
572702
120128
710172
640253
638832
490850
816091
96777
190181
231448
399930
805614
4113
377372
874578
941541
64882
721621
347185
864679
663217
63369
608230
229235
569272
969711
606443
95087
953066
422434
120048
413414
865411
782642
579392
949296
646478
833109
675794
765487
274877
105147
237423
443573
893288
836927
279290
589955
296165
633913
583457
171181
310464
998192
872543
765401
682007
886317
719019
779174
977621
178730
169792
335785
957193
449322
215754
16018
755554
208290
510122
502573
512777
600533
381862
370821
626651
778301
320688
35939
116545
722789
733585
722740
349294
895124
759730
617608
745525
297699
187271
677814
957445
842736
662745
182878
733314
736427
416302
842887
285760
807693
918998
241062
568862
960105
481301
681856
159165
321179
12264
570022
251420
169373
103798
961055
943698
537592
137300
159269
662759
336342
389621
112965
931598
817782
864684
51433
205315
24186
965920
881139
853117
461723
227147
123775
443344
738492
696878
636491
162851
865947
812245
854771
222601
598500
582210
610580
780477
727712
308025
857811
811711
507851
408744
834294
344325
657282
647088
985455
886432
616859
485460
901753
647469
771279
593661
994779
654388
477586
836839
527498
837280
182724
49388
778028
849947
410495
88427
202486
84421
314448
843605
367926
541138
173763
630227
662893
165502
104728
467479
743636
629421
99922
111038
607871
813538
722861
459615
242463
93212
530607
15347
19490
288328
321431
347745
282549
151719
762738
594404
505321
379006
249357
790811
298291
111412
283141
958957
797262
704971
825658
997654
610299
283070
381474
550099
57512
735859
816633
912038
696431
326108
38550
414406
922869
86192
52058
308583
397491
934530
459201
589217
662673
152699
189722
664895
33838
534968
447571
918311
72445
673282
860846
585633
762761
294758
996176
34053
344088
296433
416568
712966
457774
183306
637325
537877
857257
587884
446095
322099
475209
683902
235056
16982
466450
885264
612924
880887
649738
541812
199539
301686
495902
812407
902263
430891
133153
713467
93408
647690
54516
330610
744365
630386
815872
180281
153750
215762
95264
824526
86269
538168
80860
726192
818434
789496
304464
430610
125365
390389
11756
732027
175975
59663
187476
478525
257561
273193
892072
622479
171606
522453
887006
695946
742621
336159
935050
742269
646710
937075
485055
185837
384741
483243
54608
174764
805500
804729
112816
210580
700875
338030
902903
500512
354355
386661
465285
278440
88281
984014
910337
809016
464118
471898
693627
768203
287434
252992
340336
392041
986224
932971
233131
636698
13261
418048
259336
598470
476194
892879
715156
994219
15553
988821
303760
697785
344797
977835
982869
886989
918330
867792
842577
608840
685699
360206
198895
33996
499194
837579
525909
61010
548746
235630
765895
796331
23544
726955
951912
507089
357880
882733
454177
644585
908316
897183
764506
317720
701991
518167
495910
270911
801728
898464
639867
791572
783362
109091
430558
979742
853744
943601
879005
461709
744710
905648
353334
499
530538
113567
905366
108131
729666
46535
373499
712677
323423
706624
865210
150291
260438
825437
647517
61011
858735
18677
233252
235440
596919
757903
538988
724439
777264
522793
275565
616300
15145
620709
975006
193607
20520
311633
56499
847887
809219
665169
110022
933488
829646
962155
349588
912188
456814
741743
317662
396188
471244
988737
646319
126385
654694
711172
779710
366987
688703
889509
540393
315652
529719
112641
719201
901946
287477
118516
518885
642088
494720
4543
369383
471073
719533
553365
765259
277032
290099
580802
638349
464814
264794
232825
795009
848488
166354
137464
819126
175437
944160
486874
382836
865257
648179
933049
587941
938721
994325
427645
604944
988932
240253
412294
46464
261961
168961
301042
293827
448875
203432
3659
507534
354462
815262
751312
651070
78636
765376
941214
236089
745521
777879
20219
360499
245359
854306
936512
900557
288335
895116
550816
115287
738997
420925
760281
478070
362302
460429
43637
185569
118937
21970
835709
637957
729791
142170
612091
609097
892624
448628
402219
379372
811788
563433
124798
351177
910762
67721
255882
874172
107992
649375
637585
702559
263888
962246
72811
406062
622291
717589
998099
736777
900230
492341
795788
366359
851493
410324
409902
798982
657256
298290
420817
388273
897201
202329
564308
922011
717422
330089
864331
966296
6673
199313
770051
18891
798121
877466
500658
7242
200797
252573
940672
453470
727173
714581
199276
768678
776229
934415
271965
20186
482951
819134
947078
118189
968180
701995
800180
755916
939663
901897
211255
394308
343309
386342
736490
421504
81620
36478
415393
19247
989039
6314
825583
725060
282156
757430
573265
150103
577491
261136
897019
170473
364227
992731
950268
98501
706090
913891
575312
491585
701600
413484
993986
351652
933153
97763
447676
10977
306277
391734
463981
678466
423518
405439
740053
717088
707214
198811
794800
808398
518530
364953
238780
682006
913390
241358
605033
42587
587942
42758
515741
137118
244471
583253
290785
917276
707936
103691
450283
64147
748656
501125
96520
557733
495421
508384
551910
839318
989822
686153
75771
655728
958790
78000
59286
131782
847517
814491
599616
873813
99901
766935
197710
897222
575462
284489
25862
210831
686110
940514
828268
963194
772169
377073
668712
765118
378208
437266
187861
720329
150161
101764
438184
211871
663348
797145
643003
728604
486885
634054
497269
656469
890818
515354
36440
508637
370690
81228
344743
175715
60400
940
456050
35705
97155
665276
533824
656943
768028
131672
473559
920990
938972
264400
585130
259713
780447
523286
413536
523453
523032
209427
801469
271617
345993
519124
450991
472776
259680
498273
543671
124219
46377
703278
156018
727412
695156
764139
29507
166622
31620
969974
538911
736184
984049
6960
876597
35640
705691
916205
358264
980044
281931
847685
172426
252603
846247
568839
687303
992810
396690
989198
687338
975931
233886
252843
887712
333072
663663
626689
715751
942062
394093
65392
948707
990140
447333
986601
472061
631274
712445
394209
126648
268782
871250
548065
151186
561705
250992
219449
302867
128104
962605
925909
649845
643783
830306
97063
194159
478257
208711
535876
795104
837250
901482
76747
267669
116237
581580
870976
192375
217529
985240
216631
936468
469958
691905
675307
231240
10094
582966
60590
636615
104038
371909
966075
876682
695107
472073
456359
647188
708346
26193
693174
365792
892288
128847
563146
834473
132304
732218
675126
646549
127179
223169
545713
448063
853177
350059
186406
241504
873645
682256
336360
613401
519047
410221
278595
86303
709395
666408
516014
746115
344783
307361
100700
889821
85835
539249
951473
101012
965800
369602
990866
881613
243394
875211
491349
86766
811306
482470
767064
240334
544524
636815
917997
631803
641648
691387
663283
45543
231196
997523
628416
102831
834070
208459
289338
461257
59654
908388
47813
115210
190842
50106
366806
428178
246788
814730
749670
529557
641726
465924
103299
688198
84270
574729
920321
466401
990212
430658
241165
578965
550528
28444
339809
629325
527536
846435
20243
707738
713687
818362
30857
470975
435242
244085
162631
869080
652083
162259
93673
672615
563865
556379
317484
549628
845367
36753
572966
475393
133544
988373
810070
906784
143844
222041
362006
658769
823043
340541
603437
655683
675105
896969
636417
597926
428315
354310
455913
221971
703285
645561
6753
83225
616733
363133
703063
739237
674186
710588
88226
469837
323263
442314
287186
249401
811692
786590
721442
356462
253811
863661
255178
130616
670600
544357
823921
354740
653297
888707
390464
426743
25773
944465
651922
128799
792753
269056
140039
497012
986189
843549
496248
404601
634414
185267
915012
342293
444220
442430
565769
711513
37283
223175
170543
572142
223600
823457
19550
445916
993361
856254
740752
614201
235007
638382
49344
426732
469815
218550
743746
591325
487907
402505
829676
214587
68696
231141
554290
668457
646905
564109
533328
269318
473016
418846
20320
547543
869180
484945
357707
371091
211167
931660
303388
963211
720398
753061
556848
618549
661396
967924
194378
451220
320240
10323
890115
407237
780386
513589
158558
666599
928709
374432
878265
961128
382358
795656
777568
967465
661202
639625
179004
968845
258494
745089
406569
339107
353088
262857
944293
366765
564907
56334
332516
675469
266776
564175
749568
865739
519599
762357
852045
9733
652357
415882
478667
125364
717279
173655
804980
196438
66325
369119
781302
460350
452114
489713
540923
102324
16056
224942
934435
192394
829984
984408
951763
307388
448831
663058
899111
892163
878116
19322
770947
990326
710557
106655
214791
175069
439930
958305
886368
251028
797417
729252
74427
381849
577856
588912
781269
600178
410970
385385
337647
567870
772184
884517
210205
748054
601865
168111
648892
944927
203492
666840
893571
426799
735410
541364
295731
940761
989577
391352
551656
892823
517490
560942
455250
722643
148332
681298
42365
312530
720074
482573
973259
268861
208503
13195
533316
239053
191450
670267
109956
165267
766676
677538
215635
709282
360806
892701
858065
659418
438512
233137
247888
874449
868564
726480
70076
500959
850489
828907
60149
778694
93868
375342
315581
145020
205600
251549
357709
467287
306838
508937
525506
16276
696024
761966
914421
850372
240031
639532
29288
704276
333460
421920
836443
80439
18227
735071
879167
741554
16012
846991
625218
178244
993828
482913
991945
953391
613368
813358
948092
419175
295969
698029
20474
841750
66707
221327
309037
609738
632703
781495
746873
797244
160537
393561
485326
206654
465716
48494
428702
662272
118024
373329
803432
529534
295510
82233
907313
257930
314978
157396
120468
709745
629023
952060
380401
857741
854633
345240
293185
721831
524908
880018
107530
609286
77474
796464
854957
916312
365689
4946
72029
844092
650386
739015
16298
738346
246694
753611
639163
809920
844035
845793
973147
128426
117876
70537
215914
194732
882239
998239
178484
132047
926216
216656
923038
327078
654931
350521
613628
599995
13415
423005
414720
642843
771661
866179
951886
715195
800376
330922
138794
510854
816318
835562
73043
823236
298693
455145
509353
372520
857721
489654
879497
434102
961529
97989
806265
25871
15889
35912
344575
481434
109282
692966
143500
551697
848030
614362
171990
179237
221040
934699
670211
921615
48760
683459
551681
603573
654068
501551
161458
727605
726266
991986
574725
668688
656161
441350
947424
590390
886016
524016
750009
941738
923086
613695
46276
354385
408041
539360
66182
276125
451314
91553
891913
256016
107477
955072
303656
815983
514662
542255
18314
404102
180135
530087
774699
905106
737766
408998
2262
376526
42115
3591
763119
607645
303056
716860
997804
614736
767377
166122
567524
751637
13538
772960
372480
953341
26680
906997
996686
469352
382143
245822
636724
715408
997091
35177
153473
184174
7595
290426
121439
519180
736959
503775
891621
658216
231818
336689
71049
55042
843450
223178
84339
906563
508196
167549
118252
251594
907589
627958
151413
834963
284452
567151
824180
553030
923219
584140
16137
760474
499667
145685
510079
399140
489495
906701
534687
514529
199795
163230
754394
443785
776660
808118
721818
65500
889099
632914
888810
819041
387607
130914
845029
617783
605079
688335
166173
645722
991076
947976
673161
886155
742971
690697
851440
678950
498720
360984
628410
662422
263919
752205
711522
423966
753842
150350
622767
205471
440117
706962
414576
287660
167257
482448
602653
978313
42824
635657
15773
362117
66946
67055
478625
828913
60886
797233
22893
488828
2861
930404
220791
533164
172417
373583
240936
288891
594667
644691
442367
30284
72601
900277
883925
277320
748701
936330
95867
755866
904355
38718
943103
773571
457787
5824
122126
655834
487956
605901
927987
575204
883338
625496
252221
608523
824470
607059
702911
658175
712676
851293
520881
608486
171522
231560
719092
85505
76660
683333
565619
291356
666276
791791
736869
946033
758518
355568
424046
780891
315706
761108
754021
707826
803899
100328
206321
728519
715444
622414
140428
935869
658466
507809
885994
644546
954165
343871
814834
582761
432352
498295
4267
62758
559632
913104
889330
688997
928569
742260
810407
252999
924491
838840
303464
775290
83332
960841
526453
414323
351071
242740
355763
173707
212330
507153
72012
222643
210101
72909
703859
961877
547814
743507
357061
95881
659882
201623
789451
243313
554822
95935
890588
354482
135115
843566
874848
219215
627176
430125
635503
771235
245593
301880
902295
919291
919677
229923
515836
358798
411014
305703
289946
929946
853898
136333
953959
197084
697462
15670
624596
812394
535521
203332
643121
898609
701630
736809
989232
612423
509228
232138
666113
842860
980200
759887
684381
640290
777122
978186
295071
606630
669101
840001
199436
202762
379791
344538
6451
867824
446712
386146
499568
605733
654928
945401
978058
288151
367017
739230
547452
246836
944660
788499
708625
714273
874255
736557
161832
80916
712924
612218
623063
229647
743725
404430
114284
912570
366010
994540
107471
61147
984053
664014
743747
554804
52181
445138
280011
527737
707215
729793
512809
669164
592804
986556
802177
648151
651411
819333
129757
547237
348910
517543
718794
910814
609226
32195
658079
416254
561616
991033
181853
587312
295600
731311
599090
57644
97270
449345
876824
193450
858164
385733
762907
873473
349663
5817
508919
290017
718518
871052
750175
673833
654877
29637
499098
512294
874760
111892
812680
49577
398418
831284
988931
779588
15662
1145
900001
748641
742964
137083
554325
323518
129309
288799
695861
310729
175754
552127
198678
684435
955774
981237
930067
151988
171885
803401
580333
888828
928812
406324
502284
732817
620487
198097
690148
907306
449265
530271
264883
525927
120342
612981
316838
717194
951053
484867
940251
653334
609897
699264
334978
196802
603311
949941
598364
873818
160737
640294
618725
267635
804921
232088
995535
907977
921457
965700
870691
365431
529343
116886
795916
473169
741087
827234
906351
671073
290440
493476
754034
409341
351040
138290
602334
147970
691723
947840
845727
168751
548287
227536
443816
100192
804787
894580
605875
39972
4438
647809
560742
513278
803227
765714
610642
489909
943378
278582
403924
156312
819026
476407
592606
644498
846163
1608
420432
34341
569048
290634
348800
259718
53641
367675
112345
193109
907998
512699
693599
351288
133368
95100
776144
871507
804746
687366
110694
430758
264692
13157
655162
916930
999920
215920
816770
652073
658789
192886
848635
911745
422617
709830
788066
942517
144900
603867
657115
565609
873727
131682
933429
506135
688731
216618
705861
968267
841167
828519
467886
855031
385225
471715
777923
459956
123237
153922
184323
279574
680059
644528
426435
815722
381011
770537
419369
33934
790259
335524
789012
618797
129049
931293
432857
789718
51205
950590
673577
929145
231150
772841
782030
965117
187540
665444
526804
581120
64501
44578
801668
39724
669465
211818
306123
410995
290760
498214
253498
395879
425180
296971
261287
260471
865585
81887
632368
459018
202232
808236
327840
879793
506603
656383
103273
377293
484955
585693
190801
618877
638629
413123
989866
590913
219907
945561
386809
579248
811518
374450
389433
793682
361089
108226
317816
80091
988169
434205
860190
301253
489017
470760
188109
543304
483787
133598
577124
728441
996960
73089
315038
891132
480631
562715
127064
838375
921596
419631
257008
883253
865848
705217
275785
395812
697575
123391
640106
61036
624679
438795
995974
749404
622796
155558
353942
519442
363728
161594
839523
278742
797160
371524
504736
827604
718130
256668
758195
921204
15690
633250
40468
322136
342075
841799
871182
526001
774226
834805
443683
957502
585999
29980
560077
656355
939637
584666
570078
438498
701889
900422
181768
990520
655415
108826
635001
703126
654231
595898
877279
434554
763119
288293
665033
995690
668106
643383
569326
540429
289478
189272
138630
979750
903491
961477
879062
822317
796407
944441
454665
698892
792671
562423
449146
413747
238032
445943
946639
648344
595052
604458
797119
374158
270447
641324
2035
190657
671017
21254
604746
571788
697478
812892
8695
889271
283913
335481
873029
533712
778327
676405
116091
595748
570352
599617
62235
433243
300280
783631
227652
294061
302067
297696
289719
479557
30928
926891
297910
728880
242204
77479
674184
751234
886423
664310
585370
787845
158180
550702
304704
855327
41689
259332
383896
582271
892151
618135
484495
724419
704243
23191
331709
13098
105459
654736
379500
201521
955284
610263
254326
221068
288296
555020
911682
651261
792792
426067
702053
33112
345750
101288
417581
919105
691673
460997
340337
206904
16238
681723
299649
363589
319297
135135
24738
27821
40877
661953
35495
117697
891298
171607
262312
520336
823538
939321
252642
931516
779448
619974
574251
116906
875941
687140
87888
208979
546984
673636
467533
318456
251257
27779
534247
111794
132163
608844
514922
732391
952556
569436
577339
893401
939650
707966
336985
626840
80899
297652
871924
908888
865033
345175
950889
247581
754640
938261
39002
727506
246054
191706
136935
403833
509998
234890
930251
980925
477456
616234
971861
867172
793984
998878
428736
942304
864746
930957
730802
572548
571639
893089
455118
706452
859007
891818
593654
349877
742475
147618
668768
512195
836613
748683
726163
577090
942655
246581
778047
305772
155420
858715
733623
651816
943647
919341
759500
67868
64270
853929
250375
895513
151938
857698
152066
529397
538958
416419
173475
391350
950154
481453
498614
869674
55163
397339
902822
838740
685728
606119
137560
369345
243163
612613
202085
154744
819770
792429
686834
791183
660258
650230
270061
711642
161367
451934
709221
21823
576554
678566
567238
481381
943872
511834
825328
427851
347322
330478
810036
21813
128326
820292
135531
324672
304514
64651
236146
969623
333768
521601
24069
447486
797338
548632
266167
554060
318635
321079
272651
417910
757640
828887
204659
691397
109602
887374
998754
646825
719352
57577
610256
90792
385701
231409
549642
559855
59267
955152
694962
327369
728187
345166
617434
448813
643051
857460
514937
534385
146418
32721
414216
458205
761563
375642
337980
599771
854563
400300
354656
817802
515496
326318
96462
437169
918065
302866
904970
535632
802708
819834
193146
476690
384392
447479
117702
552736
766664
539116
925064
789775
896031
964113
377456
583929
816406
137172
590775
303209
2168
675353
675390
488048
993791
301922
759747
560596
69213
445642
661054
419048
670056
22956
973278
49207
949346
291809
954331
329946
540196
109541
935864
284585
844583
568667
513943
929102
364399
340263
331448
276725
573205
902201
51024
922912
409455
524074
956994
779350
619614
291070
943996
222331
683891
421770
121201
209467
497534
573295
515566
572512
48757
891844
549979
348740
830334
57746
422993
74336
635930
671672
776786
412674
244141
640623
104745
961181
798638
88936
338719
228282
193895
537234
918231
188813
646505
756919
669703
724130
11984
795462
276307
933686
55790
791083
529864
603427
225943
330778
347249
82099
553865
606379
985625
522837
224373
538400
69663
391148
884206
641474
991471
467845
813613
78120
768738
880289
815231
255897
692148
914161
802316
212105
484766
122848
895876
776064
114320
172554
248039
804312
206221
842698
873521
107237
131618
659824
326945
801839
877060
687314
649189
658266
454853
347897
271716
837223
126707
282493
488103
962451
382605
911723
340005
647453
345955
619426
938793
398629
480585
150717
90210
169264
918391
636330
907655
19592
535296
228569
360101
29952
481581
947665
352390
377110
805942
482588
586879
465649
236444
644707
758039
697289
831590
414548
481615
263461
698550
105471
530195
667136
112006
4096
941371
399941
361285
38551
3454
826
7944
368084
745012
703161
328687
479021
22341
566168
585621
980018
410356
64810
663859
501015
791810
228383
566290
97840
207360
787142
286698
351804
921780
179443
74780
129752
278503
658556
521993
41813
735370
628509
601933
894371
552450
133755
895516
648364
164503
619782
439479
782973
832820
773623
484554
294879
663068
719737
171941
236228
67754
70564
525205
790109
710786
388068
102174
347848
626522
98680
547288
69479
686431
814550
476644
807948
183877
38189
923081
996688
528558
813954
986158
329859
758198
576508
726070
152637
775577
873403
644980
303379
792770
692642
696137
218470
916144
26741
555105
650389
559815
15134
689862
558738
76209
143242
268959
682642
987823
120176
336330
422622
56256
790386
982033
695879
259244
845084
224331
842102
873197
571977
441810
265313
60027
795492
835036
382170
753267
54668
321016
752066
654563
212945
284967
632218
977268
547995
62997
168058
422580
177515
724722
243034
954752
43577
615218
152525
754827
551611
250589
945486
574669
90439
95827
596659
941834
93391
499488
465918
274429
958412
392888
479379
133665
500726
623183
174979
247453
617647
897111
438726
350410
317823
59735
388808
885090
825786
677669
658266
430598
797886
3520
472137
527851
612249
209932
696268
962211
534535
129194
846870
773188
891608
550067
478220
76919
788656
853586
581969
116062
535785
837435
77052
779939
632595
940172
863147
759834
120475
866622
316593
317842
499529
904519
914539
56061
765731
853776
91184
381817
135407
386510
726374
792762
270422
268288
177969
258390
180068
848451
427207
583981
518828
6933
582815
158323
947465
656164
302344
270300
680767
866002
248918
615715
385727
274504
744119
972918
177289
950964
785251
125569
984300
572128
669682
61973
821289
469872
139463
549045
380214
869432
188970
863229
403486
377208
283764
726064
227013
231925
446243
343068
940169
687988
369422
802476
638021
781206
121394
856586
266927
70987
585386
323694
868385
439476
795453
584200
757365
183001
110417
462918
967817
940548
576574
695874
249314
319608
807358
388876
310508
705425
96704
555023
668191
245497
705563
408354
328190
333380
307552
525229
289529
80297
670600
593590
233459
796830
69452
555783
152542
171983
46484
686782
532865
473594
716935
581553
25243
49898
437249
652219
367586
517645
534819
765096
785636
635764
973379
479289
109647
131048
675908
422804
36684
877987
753153
386059
87365
730162
666275
921095
542279
698597
290706
465936
644483
953199
622600
564220
958383
283169
194433
40179
364746
73342
458831
286299
637372
654842
280202
898532
60763
228052
875748
722417
202506
827085
867994
137761
236092
260867
918918
371514
427670
352559
653201
228210
717747
70519
937799
862105
286913
265969
90563
642406
22856
476790
217289
307164
392075
154014
631218
268312
748999
316061
243202
372730
606232
368569
721621
422638
110715
205991
467192
850262
137134
692930
198293
129493
226932
302119
867846
475131
806069
535023
236746
80008
301825
791882
791829
337119
637813
12660
948993
133001
224950
890071
684643
829218
882587
880061
251001
876836
861607
309808
215999
631949
722163
147953
579040
550064
686890
904785
550090
250006
752814
53166
124506
599502
605209
91661
911670
384920
13406
436689
929530
893162
459213
217110
421578
212125
61621
37357
840007
737079
945379
643316
303133
293525
530825
954768
850296
669045
177083
2698
59158
341022
32658
588227
664120
167468
250355
130325
466802
161020
773994
906120
476706
930288
258223
751854
724413
247391
263499
100508
935237
54428
77204
758725
262487
743585
880724
873908
345504
702233
19272
927013
337392
226631
236100
469121
42278
144214
789300
26677
601931
463933
359677
480942
456891
971470
688321
93811
893246
987100
668290
88286
97334
619591
192222
209976
560
339302
893368
198384
777308
734415
514231
262264
694170
474565
480872
35837
689962
409087
78847
766273
978310
205009
610939
756118
933836
632058
44199
718456
391058
378313
18940
458952
902622
400108
739620
181089
328110
381846
977049
766489
172977
116940
315756
628822
844889
160845
141922
499338
167752
97500
168697
747724
428903
100843
790920
593108
338198
812710
162052
602771
60413
709528
79135
97645
149441
852606
985802
94996
559827
699431
987483
785538
33634
492484
347338
74066
2480
70034
858134
528060
128642
338656
971461
565932
36145
356927
352584
598653
535582
627270
309820
526615
41603
742015
558925
875489
594660
230578
584821
232101
701860
125195
357091
979456
426419
868714
486966
781378
410469
483976
361384
695272
681950
88641
750728
257715
733866
149762
512735
798308
927337
283151
36596
432023
937831
300529
380780
548025
380426
538299
256009
460136
256420
709880
647315
612710
784105
900915
663764
453240
961274
751779
582332
685729
900128
382448
391013
464246
429908
132902
956465
639006
868090
910773
17360
876584
387502
65250
544222
545481
958391
905422
245225
810224
548825
149473
873360
452552
670343
158099
173702
881354
419572
931927
807478
781435
79498
746788
904001
474121
874932
643361
577379
88254
534294
927276
889587
126495
112476
274055
847241
782244
318640
