4992
414391
98420
813791
807779
990166
562763
85117
460626
362819
863143
713164
150798
780260
283942
77371
278101
214621
144062
127891
593186
784877
675790
613664
122699
639528
625744
799929
128970
760205
217387
714093
353496
273411
416742
450955
675701
587509
642358
247118
748037
119175
456312
96035
905300
63539
767162
834201
737466
204869
33267
322852
761626
131887
126803
135822
164612
92617
20853
552955
794426
106601
230834
66647
765328
836572
504527
220126
608300
687742
998678
732679
828717
755579
76098
706254
545385
700258
963859
842909
392974
374499
743938
75158
914410
817701
735183
488895
882373
620294
321398
602571
47724
275888
196479
237505
461065
468628
755189
39819
144621
575238
682990
701213
724144
861301
796361
722496
911728
715333
394423
613754
911989
625675
331951
790748
647477
620196
213509
965288
157107
62515
748949
471900
691329
13557
207769
314271
295271
293250
38555
198407
623388
690594
898564
691589
336049
89161
809298
175726
186061
109489
577320
226086
447891
98066
768127
660523
330912
557953
423866
716796
450288
71522
332056
19428
587168
822923
340611
724966
877966
173495
634309
689670
509852
999524
912858
954162
844372
802378
418912
352268
71205
458424
380203
465621
349260
866316
104053
222583
602126
911182
440242
243182
222177
244201
480642
317461
217259
821320
405120
42185
67618
983433
247
401020
941714
359457
574773
953048
803645
386060
50039
579661
880348
752366
313411
858297
708612
93899
376341
968179
432676
947744
210801
503668
429035
789980
185239
333347
449670
60414
281749
293116
494727
305164
247990
674204
301345
847661
819032
35179
319887
128676
785819
693094
735253
341737
507702
211720
74271
836134
540195
870932
92293
96075
503355
706
364208
155982
844508
96771
55382
470722
681734
360627
413793
449683
100677
235035
458030
505308
644809
785951
729712
55589
273553
531786
320885
508732
307334
340596
616257
37934
853988
541518
202902
921314
352595
937610
127061
56915
266644
767913
652478
590376
302614
824802
69524
321394
943657
881132
36508
592129
794058
133417
458051
430691
740764
305263
618143
726779
194552
299763
775438
409657
162331
625748
75387
417531
241470
28353
272255
331392
200963
609929
81123
179717
760907
797438
711556
704574
389860
185860
388239
257010
707872
590011
312684
759155
26817
734854
258424
545913
362128
481080
530218
464987
81100
409883
816215
619497
980544
832156
766736
431912
43374
411350
787625
489323
370791
811449
803285
909834
36284
345815
621677
170114
731598
177419
22799
745705
528514
65094
856291
166027
2833
87095
48377
207974
211772
152982
102350
661375
608924
93070
963566
94112
202839
714693
508467
766702
314415
186889
781099
777130
571636
44504
720792
152708
761498
652492
148944
564695
612197
170465
963973
537926
377793
403172
440095
276465
225006
724603
726021
442387
607640
218827
465211
705083
994564
76745
930725
259812
76455
935521
622186
907955
656849
590396
788020
284878
394886
252786
367827
889492
266861
662860
3969
283068
503650
642612
994240
571149
875430
322363
422240
386551
618230
862791
618141
334605
259577
200472
234213
681248
335698
76597
766518
97465
189462
907639
440870
782002
652631
324913
448636
135537
380383
159802
758076
75714
684025
426714
417729
373712
983784
527565
753602
842112
441083
481654
118902
400043
543736
967779
642708
718325
22773
654713
494580
734158
275463
415612
751185
708869
237841
988861
153264
273412
387582
873505
899929
843756
627081
903241
656260
16014
350265
571491
957712
927874
88043
996237
996780
641320
388679
827553
758808
69241
416661
972641
208326
366793
650408
179392
821722
651867
268792
554315
24273
77600
606798
458802
149373
981006
374680
950775
587310
874842
53468
743538
368237
182737
598409
42494
642530
533336
829353
764420
489621
557822
923699
140706
4369
951419
775294
498103
421733
392328
613455
718221
286084
527002
817491
698276
339532
829116
333992
86871
392611
597576
327701
624494
118718
982273
327451
325631
599227
721040
905379
491969
207022
159898
829974
873838
215801
585786
283596
313236
357973
537952
181916
252729
797421
288325
140818
478953
105705
654602
251518
43870
802888
71660
113321
527050
67174
194531
851843
595421
761124
862648
128587
982408
591903
768897
507067
344355
538329
299286
891340
773902
475511
820385
605186
698736
540534
95821
959030
166840
411851
93342
721470
22079
75932
865307
565243
487114
804308
658470
557502
209579
853671
983212
359383
637766
7330
129463
291388
830385
182765
524256
522899
733365
608673
646754
537564
463730
209216
474955
124286
516254
66645
933195
133996
425710
290217
518511
127348
946637
918815
816039
168804
260489
494893
523651
433561
773133
59191
245117
973477
213193
227273
549551
881116
281518
590065
20453
547132
678549
829431
395213
632630
786687
640251
361227
701725
4151
437737
63977
846890
437588
50586
260396
877098
894363
538058
183617
484356
192129
619378
941526
590379
292685
398338
164934
880540
143068
551037
437484
457364
257790
851184
652249
852114
622718
297680
188000
373380
710847
720367
510862
9809
725506
716379
866423
408194
430596
757267
428139
11470
754820
478503
995784
966272
1507
451883
826857
260999
610339
194839
576124
110234
420882
769598
315506
285189
998592
189225
865423
641749
810155
935760
230497
557852
15036
266164
532237
325602
773418
172252
660228
522536
661373
22762
790997
685850
311213
57304
961245
187728
421481
952916
169689
941313
458099
821622
77276
186437
772328
852506
621148
488580
293661
436383
784166
848256
672614
977147
749490
695037
713008
523192
763601
755337
646670
440334
431362
475435
463377
459742
137253
445996
795791
102729
677127
107196
969542
834475
228316
82883
152539
335095
760842
189894
812475
254064
747489
689521
879074
921730
195241
597319
243450
473851
12053
189859
991259
551977
699795
191529
71217
695120
494085
815439
106364
170696
297033
266817
762928
542513
165364
4150
656252
910357
782046
436109
965416
968344
822295
2659
339543
762590
505464
871732
188396
382969
898004
559338
253961
523981
730764
831559
193331
1667
489729
973484
611729
41958
517861
758468
158931
506781
296299
968016
822832
448453
139549
508815
946567
838443
43211
274889
890535
190883
299041
740472
523434
902087
778642
232916
493756
688976
721904
374074
663481
686090
33566
931320
857525
387959
756829
234487
151573
568387
960834
855685
739034
929630
207880
543422
254398
162683
755394
220567
680695
36837
736233
827079
359000
76217
892179
564563
344151
863556
295429
419124
457897
735289
711967
842342
555401
506511
51381
175312
263576
773749
977791
477067
254751
194419
26150
11984
858352
385183
203326
718211
732394
729144
713171
245270
136346
852706
871580
48219
609534
675646
832909
978218
351334
46245
692104
983403
262772
806722
708531
410241
969346
578953
462629
509396
206114
639896
207289
840953
492416
946344
439813
340287
109668
106607
917861
827032
65812
445782
399472
504610
648599
421394
74317
162577
996180
172513
6174
304763
474392
993827
490393
582976
616694
297043
918712
625876
165768
283680
596935
520171
308052
298860
166170
773567
401610
160352
776929
872065
196394
789162
974996
41562
410563
480852
657736
471900
355734
270658
546532
669194
482073
997000
372077
558464
530647
889830
17084
981313
749557
839393
129426
10331
235855
896446
572482
315897
393856
383006
231180
3781
243969
713521
919946
627767
480488
681432
308867
465087
593234
177755
539358
979915
227996
597059
835761
676405
99659
100758
682678
502221
999436
963629
400734
190718
575765
21043
109056
681759
473769
662908
565418
546648
116219
728383
267928
858287
588074
769202
651075
129582
798699
492609
49360
742963
344389
731754
89961
142292
11189
768760
934441
337708
741041
677913
954865
974599
492233
811678
61720
80485
354538
948815
518015
977391
65405
626985
507266
784436
994732
762550
534410
501853
589765
402502
224639
838517
703159
566351
504859
101583
986040
97631
868378
827411
50185
929465
836237
481257
574417
164500
836302
308929
853094
714348
346638
995644
668651
81090
886794
582586
762387
60855
566940
568257
681156
997313
827310
243014
217302
176391
841993
465884
694778
106399
558027
983030
726712
228833
273783
490138
883088
89192
818023
862053
85058
741989
304540
86709
403370
91487
215670
156534
31363
304715
583295
867981
713676
878211
86049
574682
86855
610215
765432
905902
172894
486157
548802
454217
328225
622565
147379
853518
513514
165486
5478
541637
811618
837647
7597
285517
435740
428435
487689
676892
114590
474820
380917
474484
182657
639266
899805
975397
812974
916481
147308
949241
738184
572476
204354
204287
825640
513817
167749
642231
677763
390651
866703
886679
941800
283006
179205
269176
749606
993203
999623
988640
666315
840504
877187
580908
913351
709042
781668
848666
172910
165929
556713
957553
250268
953217
228560
23117
556978
948817
675184
897099
335679
610722
740902
749069
964667
669382
351335
297898
161389
555090
581493
955701
536300
630585
17901
463976
348354
614150
702972
482990
897708
889077
739186
561354
94334
479343
457775
717159
64611
783969
380666
80700
214466
342712
11312
272731
889725
567483
910745
33559
969747
56708
549782
190032
280293
972124
655671
84573
865622
988338
677545
433236
441611
24504
116044
72312
56081
427483
443171
751104
714398
737052
13221
422272
24112
180560
19952
854518
600914
996912
683101
494068
393149
549470
158126
750437
454107
100533
532516
99517
163239
134347
631725
401857
807024
250374
757947
255088
502651
679960
786992
984909
485704
802712
491445
773642
577773
559358
589994
541266
333279
698875
149688
48883
962320
508019
836354
742247
884082
903000
494009
444606
1817
200484
178062
714601
42942
342898
58179
142053
422047
958458
39963
411521
772228
682855
66672
227470
879069
234135
159203
539427
399688
953902
914605
583050
543982
578647
345236
174155
270221
635161
578682
361554
882832
459025
191120
41343
347994
467090
716647
723914
735841
205974
196007
473617
222903
934175
859480
83008
375973
953390
848030
899228
203760
875743
771842
506156
90557
641247
235946
526596
863824
487436
338987
512559
953776
330151
58037
31544
683431
945400
390893
68757
470374
760767
35544
799281
109957
163282
982322
384853
50791
912600
393503
638450
953787
381088
408377
126029
439392
115935
806984
479175
928736
357316
782799
538760
980061
278778
378371
580360
154250
925945
854039
29562
782992
940233
582450
712917
318800
586133
990082
612992
160392
984232
83178
328153
532047
282630
837975
801953
615930
707113
333104
604360
662625
954967
768492
575505
641852
587740
953149
918178
318502
626730
172586
118507
715972
835017
507706
968880
799679
406140
916748
945844
976044
80562
71236
52612
261325
829030
823840
913565
990193
621140
144552
579963
65398
663831
85956
440447
701423
36580
576039
389307
781088
864989
391145
682334
903590
480339
548595
325751
124788
654683
221779
674599
395512
358411
694640
641896
245083
433618
711831
191027
453543
705073
239923
171667
718596
152794
671068
131268
560859
809507
15622
766663
264796
260647
818778
630021
6874
237561
390945
925085
958099
464774
224477
837708
783694
622086
106034
402552
572125
13535
670785
279129
30530
960918
553110
734341
413806
226994
793527
479894
206628
21551
94109
353721
835005
659484
691455
977878
519748
36626
599625
379991
343233
643601
931692
843160
169171
986488
37519
898921
62198
772320
728931
244418
831141
595415
753876
581508
855577
593716
410843
730792
126255
310363
695536
328134
216103
779471
115997
45060
884616
475887
528430
733593
707810
710927
968005
827261
989420
189364
783049
134447
523275
723755
413630
283554
248820
830854
382385
742789
82536
670708
110154
144942
448350
13500
968515
617890
810623
44118
710264
302979
979339
586598
663764
610967
169497
334486
866539
99312
388155
327247
762663
685502
704
691859
89113
792941
720914
349562
804785
687612
544768
924038
667145
142364
152855
91237
523867
19136
97513
573572
139283
456903
331887
520203
143936
306372
722058
100408
880483
741030
512293
658779
501546
980489
825463
470379
348471
770392
283941
950340
633560
920540
317636
732030
578332
372198
504636
53099
663291
133973
962056
75308
347636
246853
288153
482032
32372
998548
592282
746059
671602
775506
779279
217263
478360
269828
981335
974793
234459
545365
789392
322234
936235
993818
37273
746032
341254
903104
8243
982753
733736
746133
274112
663652
106013
382575
358382
489708
799158
835901
542317
793313
133914
72680
242139
170460
937460
355685
591298
70143
383754
775834
881655
128368
327085
456938
5219
293616
740748
275807
200478
311899
61860
532979
914359
676990
770387
681467
65808
894288
654602
313265
244774
997071
479903
307996
310447
924216
217538
77982
690140
489507
65416
322778
120126
76280
10723
223424
851205
794962
235955
708662
284259
78062
785269
986468
663310
907471
486169
471388
457573
791538
25714
387749
283114
775977
978247
43107
765229
391575
913350
494756
247114
683015
659160
874953
248969
363753
610576
260175
594019
738025
386108
681721
763812
284205
492766
481116
276716
377452
957813
581958
52431
646886
335668
402508
544924
7427
52180
23279
417211
169228
455749
204330
343984
953728
511488
483995
356348
111124
883832
341195
613346
536075
573294
673820
306695
552941
212324
805646
234418
946663
147049
600749
516148
228735
991571
913115
273185
190321
865867
949686
157116
715947
786434
74405
701233
40418
649858
300740
501435
136399
901151
58474
986982
689290
985996
696403
672558
169985
44553
390703
995719
498837
732794
332422
806390
918993
224275
511174
190300
619271
853168
631914
198355
20105
771137
563913
326961
372737
521891
770937
230890
298606
432969
831838
386194
83451
514073
562130
901439
454909
889171
680114
895501
57162
238060
875587
463547
266544
489337
779456
985778
730329
283463
419137
548262
818233
707527
739209
448533
773297
494502
999468
144877
118532
865979
339483
172938
207154
68058
466574
987037
972086
686150
936589
194024
766617
114754
935322
920101
819826
334472
760638
105607
105339
220819
691375
900632
171856
604247
661018
697729
446598
861713
606675
385256
418661
907960
365719
702387
538820
482835
755642
776812
232448
684452
321777
636669
968664
462786
884222
439578
882216
311812
943092
356221
680512
552921
531302
560589
144417
652789
334896
480536
382163
775910
655073
460735
338597
691973
389508
761905
754115
74567
489737
4239
620973
388979
476181
781807
626458
608942
895587
557692
866664
774898
276629
228411
966462
798877
939803
856168
967296
757926
32446
600447
397358
393450
682634
706774
853338
734308
433622
633575
684931
298364
226353
998828
265939
920630
758955
224163
358770
869131
439613
218481
703941
400341
221654
584867
54215
84899
362883
647631
626050
457196
692409
648153
790633
721697
839170
82449
634325
808155
425667
973050
66074
379316
148454
881126
748358
54577
954856
135357
177269
268509
753600
347228
784724
914353
926379
616729
181744
480623
500688
741733
517498
800845
692501
30283
569050
98639
449406
405845
380652
154670
303356
148429
66203
273204
764122
115361
655065
769769
804607
183584
996024
797799
707873
602017
988008
93002
757575
131074
472013
823428
303992
854670
977980
104461
701125
862648
155411
726775
809968
155332
42098
544351
795192
460869
475674
404351
664578
965313
102816
345825
936998
835888
778957
209262
743827
176547
726997
516389
122911
41986
329650
485159
409390
676206
496925
825582
899838
953477
447657
68510
445774
545859
94076
257588
781865
341573
907562
249499
173587
889578
458863
36573
9934
555922
975881
865206
593225
134408
532272
14789
999654
774332
943731
692252
376423
318953
187121
535030
802036
651157
579888
165000
18571
269239
508189
948208
463876
914162
975713
411402
571584
192896
581596
323682
834990
155370
112832
511683
553273
376371
332301
548590
885778
838421
30948
690150
43285
836131
940298
692072
860634
331021
617404
849209
629467
927682
421866
328087
979069
49776
485969
793169
309309
682278
323064
230579
325368
786139
56518
268249
124694
171848
976894
485860
941076
866416
70425
428427
357422
288000
486591
612425
286437
648528
149601
817012
518898
713097
503605
251118
408135
238498
251599
327732
279806
193667
453465
602004
231137
53514
629295
928443
721941
225259
719641
58988
387171
721521
844326
802765
37284
778660
877665
978460
139145
13251
489843
174271
898948
812337
402837
167288
811799
920812
274735
938871
981815
959864
912914
607369
279644
704666
218383
476335
131944
888320
877874
218953
842801
134334
535518
188721
708973
976115
135366
705765
530937
345610
485765
358300
797574
796572
26203
976121
427040
864307
584709
377501
290588
398058
485176
177047
684958
372720
866425
11894
143109
390891
804444
890688
238131
411960
967511
565051
357692
733521
742274
417320
684458
989000
936557
986255
616939
580016
316702
701174
58520
706074
24165
838571
218210
804029
249630
564353
448027
576047
709123
277975
857438
152336
749611
469459
213405
707014
48611
608686
90565
193698
683303
12393
103376
421025
522558
45214
474726
264655
924655
596593
178097
671175
110307
551333
117820
916885
520601
873163
509510
642300
90431
628821
271017
693203
452980
587528
711074
712201
325656
666704
443196
798602
394636
686445
48286
87418
890891
9164
488493
292703
283428
525680
88735
38555
778515
84815
491806
841430
466811
325689
340500
920378
861315
698291
890457
176472
527434
23714
339703
111016
160200
281699
964886
10989
427202
267767
706953
165879
253417
461212
777587
844802
675088
418679
312855
103164
397321
44908
662140
906468
381723
397776
255097
466190
388769
829750
264866
320195
154882
981350
480399
872261
596040
626860
635013
875631
755871
586892
55428
354491
657069
446483
793645
447838
668104
289992
626829
565390
567640
617474
175498
913443
921419
661651
644520
820123
362862
336482
521081
684984
704815
25495
910303
653508
365548
945391
852415
194613
934007
809903
27972
557355
766505
911988
532173
83221
995935
981801
770869
769524
62550
470355
907004
706552
640543
528903
129302
101702
601470
40123
101840
783835
403045
872185
423323
859082
5576
481391
994295
640289
959133
542884
312445
627498
737394
360837
7305
348173
873066
950749
772354
467667
231189
919652
513223
231301
561195
282670
371383
417971
365605
25156
899677
403280
86777
255184
386167
545338
693936
251569
744353
998680
336805
612847
970851
556061
249180
560712
476819
953961
751932
715625
42664
883598
26858
553016
67421
398191
778244
461006
418750
105413
90679
769538
815763
910395
526206
259233
585958
78585
613688
955577
957745
285119
920996
521684
652649
653351
981307
597506
741025
695373
937
446224
989341
302090
401130
51797
913268
853083
391934
365930
291744
481824
530248
425977
714470
803841
250697
214446
849628
607595
619763
727179
99036
957624
985389
609304
698628
241581
830690
368759
381222
469724
957958
566038
918099
507242
387559
51965
962431
716203
247979
185287
3793
686441
446508
544749
417354
87236
457837
926398
922191
837811
367991
893227
962260
166056
103892
340734
353895
790418
88999
389547
686487
87228
970342
659647
450175
713555
518710
105781
14386
547973
135777
625831
340164
742596
778678
398114
60147
951977
459774
630866
600433
620150
811862
736988
931279
902772
65838
884171
191559
15163
263069
103585
618150
679952
359454
877583
843988
829672
481835
747649
520130
414283
794100
642768
587502
545108
580156
778971
940118
929557
728785
767920
321719
776087
612646
138467
358720
319870
862030
296641
358104
515851
18647
88543
299081
418492
822657
416971
668615
698510
591514
595300
884449
80482
825847
131462
439619
619262
662480
368413
308197
575338
414713
317147
811988
286394
884537
284484
616027
947948
509257
837094
480398
411687
54699
570343
638770
376292
661731
310326
446988
186408
435542
136932
826565
370223
871230
813707
17590
968037
40776
577516
37014
334413
494347
664791
672509
167109
434916
739395
229396
917920
11058
181438
263580
320179
780907
446142
934167
603564
128601
642965
650902
412187
919541
553667
246624
234773
304478
635237
967996
847533
922486
990732
815452
455267
909018
901225
771110
839961
823291
618275
752223
829632
771422
568779
914102
527826
376684
230759
188075
897912
466678
496811
214810
498187
1162
613510
405288
725559
672618
645207
126409
474044
497583
767168
284523
889294
334138
650323
696066
26525
366290
571690
592625
460015
883103
300563
704594
956456
71618
701095
337890
784555
102223
551740
303308
206491
208552
698736
419856
906107
43319
583142
389840
463091
951943
192525
503543
918004
355200
427292
890566
234930
994045
872922
642877
118032
614156
818073
265762
706650
938241
791043
103792
644203
113079
151692
146463
580783
397476
421127
8076
699907
225624
366101
474566
683769
733138
992695
553845
667959
439231
430277
137254
704895
52624
833144
929334
453641
638262
100129
699995
593036
291773
504508
976202
214044
683906
191839
226952
793517
907155
305229
417681
416053
350689
799656
562782
590320
261412
608706
341975
935165
149196
376788
690645
527077
408799
384455
482514
782716
561396
90096
709424
93153
667594
78937
208227
523808
453253
470522
822459
809398
340295
575815
636305
988788
809063
189091
801934
125628
318225
4402
89491
864488
219258
839308
923144
220747
148029
860045
711300
931407
577815
443081
741910
837245
438396
781405
849262
786716
912532
796832
30699
410800
676437
78777
434306
247651
31614
658058
529352
298178
618349
435466
603996
324062
938397
527601
488115
805907
378560
40332
546369
661861
455093
851504
86081
577030
845542
308043
914401
307252
467905
562966
698765
752063
140305
659046
106199
417896
208760
883810
545792
396325
543179
947407
73254
330946
264074
619271
94665
111713
210490
396233
636795
421154
713889
625449
369828
113629
415390
946856
529583
696652
783010
104926
253333
275718
436175
835476
881476
200550
271595
539886
565227
130762
221121
56901
189605
622711
309652
135123
668671
834074
4481
467592
668712
835114
620400
433145
204084
671785
560886
245752
343373
752392
202827
560702
435190
26794
541027
867333
779325
500993
876715
671731
131773
192277
638369
940080
960973
567715
110928
650200
739977
25762
468391
151308
351610
74400
824501
747171
550181
396747
666244
993022
201901
63628
392975
935034
967333
492558
543584
85054
550966
835293
554827
230707
261930
574185
678528
607955
623251
31977
733713
147739
183130
688540
736129
477466
559399
285610
228805
901740
363306
133930
455002
219392
672197
247933
674626
243412
61974
676823
976732
645315
967780
835998
993887
90100
135717
793706
61811
137844
821033
421229
46060
372318
667943
314156
843491
327863
524642
443691
281395
502870
926840
912999
677645
447104
475847
495741
476729
764562
475580
314152
195818
1303
844217
886631
355195
186810
865954
976125
892940
957333
504197
614162
27764
96999
947236
690871
506337
126180
703904
465607
721491
769767
881027
649321
598961
542339
574825
229745
65607
470263
886476
802278
250333
928127
792043
953758
305781
177735
381847
805190
461472
569787
929306
783422
613693
373305
985220
397217
975631
470568
794387
450978
330554
876258
40638
647954
903066
232909
200350
973886
842816
563655
624250
725364
285130
648959
291117
965990
181854
672801
972470
754536
265283
463209
925916
362516
74396
473177
694140
790221
998593
352326
356272
347488
783483
608972
390622
710534
430876
294689
181082
984454
404025
580423
467001
160887
984070
516315
426099
455971
25164
15371
846452
316168
188361
846181
333119
613048
61348
68490
158719
66400
52939
153473
69996
292325
243627
640039
838038
659178
557259
370628
534482
541742
198854
180218
757694
479251
510499
826775
972402
200249
142866
188361
769796
477257
385413
665265
119224
207054
509609
69840
566979
784509
138176
295838
115578
182165
221405
534777
109276
430561
276731
942139
906552
389339
468089
500964
875772
574187
522870
190838
664412
605773
376773
169632
465179
30480
517005
835026
704377
409658
270528
415471
850873
591881
127414
152673
219598
180820
725797
308486
18018
456208
699903
514823
405570
997487
265512
301514
773161
971427
589075
519869
263911
708737
248952
962131
409517
394304
462580
363980
31736
374944
667260
421356
745880
347111
3263
193549
275164
226502
64984
496208
329436
325531
742125
374831
571619
908688
208039
921902
283766
819104
257678
149936
908869
756538
660096
73318
360301
586942
416717
144098
161704
911332
296690
499658
76754
831868
39793
842727
662232
574864
939849
379165
897023
55205
837335
43189
936335
874656
375881
679126
431962
436294
560570
419219
582572
500188
620847
636638
259309
175853
54489
810941
556394
557941
471053
815068
55275
188702
439988
108215
341652
702989
51184
493759
288467
295059
366175
522234
624581
941026
662278
30919
161528
623469
996778
542991
102539
699420
596733
357130
914354
546601
957558
832683
343190
107162
376249
911978
82009
91419
143862
314347
597495
74103
994638
981328
2632
748019
270959
644824
842978
396679
348736
959794
661339
191482
697592
323426
175211
567577
889545
100495
603632
9939
715002
125478
588620
71604
783251
549935
773097
360828
773809
991530
945949
275611
463673
493797
146536
13964
222697
7133
458714
998667
587018
469134
87826
746164
950850
627994
947681
583034
235206
920402
875660
670528
808876
483235
889648
961047
979358
940703
861120
259989
660203
858151
555562
657358
991415
573811
335257
826098
732435
580670
463763
454979
498791
779600
376130
152113
270860
863785
81423
117395
474870
299399
266922
782020
466126
906389
396262
632856
855134
156784
741890
363066
465958
367510
838723
486819
639052
355949
925692
395961
599151
458670
494064
180098
231196
257964
129294
764227
962969
18821
165274
338745
454943
994276
848429
73843
741030
338031
619347
725450
673112
574548
84178
515135
368807
495339
551818
934063
336186
604488
731192
197749
751682
299553
267156
248412
595628
821014
741147
97215
799407
758433
757735
805184
36996
283291
994809
203041
715574
861159
319065
243522
266831
219968
770388
676087
895090
191515
444068
320325
512135
380088
535278
297658
857488
775371
422181
624998
491419
982145
204684
570233
282960
285681
692248
963962
73322
680544
627187
72994
206786
353585
862749
611667
418951
307815
589869
325048
532426
473624
811318
241210
851190
979121
760773
741147
400477
224928
863814
931955
863149
445986
27654
617541
658561
969257
347666
945214
475476
892009
678591
179081
493904
989503
859523
847057
571589
167102
714113
69012
961205
635672
343778
110112
240715
83686
421662
99694
107436
762836
57627
41176
442854
156396
349996
488759
800134
670013
796154
326685
411974
271399
163968
755820
36130
394950
199024
749585
133963
843641
539059
262945
614005
549582
584398
354254
424971
667916
328480
10053
359875
429724
247623
686312
247883
598164
233891
996899
328994
900385
818162
160365
468164
870545
211099
114461
824701
937339
785094
112934
736735
605195
760232
932209
337487
729006
295644
449173
302713
533206
961965
323958
405412
609066
141552
868471
772447
166542
188366
759773
320091
198794
794848
453761
902547
702169
375987
749361
627429
766993
706283
632997
985541
91050
716867
739161
931271
806060
567730
24076
995929
763257
600233
962899
619987
190836
551097
895578
640487
372237
153938
3640
10867
755179
82022
913070
512437
433652
984557
503997
383902
90876
134017
91937
324735
429575
648745
186669
691168
901180
57266
1860
496944
611817
277753
572657
438806
165293
16198
666404
984934
950726
467091
925642
196079
833272
581674
690055
981617
358614
562604
152915
558572
551152
173933
952174
138707
451161
123901
316737
345759
340499
196290
32019
53953
408345
768897
660900
534319
996297
253435
941098
484512
486893
670324
422245
690642
378597
958543
325409
320968
315826
422869
945224
546386
319585
961236
160609
159620
869138
829988
744169
160840
815396
15365
219852
749392
510846
17764
887360
532131
195837
235708
568959
898009
231413
785689
89055
347618
972262
21560
244879
405568
787837
856715
629424
618069
943939
62040
297357
178134
105126
601921
734393
691935
824162
289886
17732
784033
47692
657990
288025
392182
939707
579629
637303
386901
628691
532007
972170
693281
905071
135883
902822
539356
110443
868467
439775
368889
812107
216863
516487
798926
467915
845881
354693
351848
621251
914931
896334
372153
804727
848012
913539
40428
302649
466098
479463
720985
454779
358402
558203
150036
728245
348843
543928
501792
214703
579760
498601
674369
851884
520908
282210
695407
591219
166895
963936
626278
932282
86951
759679
891483
548530
261722
41874
600393
920170
966703
218338
435880
117792
35981
646662
392767
277291
259067
96028
883729
545214
241959
245537
313011
946585
717570
380723
876541
774034
778312
161248
555423
143932
681309
591082
644235
749681
943635
550489
195344
949697
354249
136381
775431
182775
33133
846527
194918
721540
756129
582947
192689
510923
336827
217309
899729
939144
26855
374668
936509
350942
311080
7767
896340
743227
567483
326563
971021
323946
155932
346414
62918
327605
302754
97483
36920
477300
932613
955194
989772
152246
699584
831971
214663
79499
252561
919855
35360
999213
185118
653380
832818
644873
823153
838171
2252
329837
858468
475519
295974
453327
802584
374052
658607
776503
169695
213537
766593
421514
697658
576075
405110
614581
501244
570544
406932
453298
629837
567341
381347
513338
790794
893036
581856
982535
659658
181758
415306
812356
843132
517905
73817
647060
230892
648206
620750
402748
36900
628305
939750
938926
365423
455046
513064
227251
966969
850269
285790
405236
283218
815401
852384
272740
574033
406938
64651
161486
62229
953173
274385
144886
271015
466925
798954
529647
995643
479297
109929
684473
415445
62322
343977
173396
171209
186366
53350
680613
786971
409214
459752
16388
210820
943032
668825
314976
972310
578658
750072
45263
47351
621876
756518
313014
221961
273640
334750
450578
327722
272849
624322
246048
192855
507797
430608
205103
100011
637449
855347
887808
573061
328808
108598
335127
793800
996014
206931
481441
851965
348823
913770
642881
262803
749359
882381
827385
73478
364374
206712
75825
689244
743186
156766
474023
244300
37393
565534
23668
319802
128633
200852
530743
126173
145390
689676
307168
953282
862624
94418
145115
411817
752077
421733
185558
818765
890650
486218
983025
758594
470986
281276
513601
778422
963032
246017
952193
286105
344759
552023
663767
623897
397220
141
693694
799878
641892
508271
561748
78869
925343
522074
621442
520128
507673
976877
367683
809610
896265
902688
560851
284961
724760
604718
905526
104604
310967
49582
738147
327843
529757
200064
467083
173293
349212
359650
424457
996068
774047
547938
83175
947302
415938
513262
847562
168229
692942
283079
519612
712238
709264
916244
909396
126215
461396
784275
453956
300464
574915
147242
295423
13900
870166
4188
23109
215386
78966
315799
383116
305691
178610
197610
705804
830936
608156
795027
162919
619132
921345
384822
813876
442396
399234
780266
403303
129304
224211
209262
431070
847769
633360
398841
626890
949178
517943
482287
752632
298883
160198
705711
869307
847056
332466
75145
10744
112720
550273
496269
325518
894825
570692
826175
599456
451065
756789
211302
249344
457592
125609
428867
173177
245945
227185
114527
671289
946959
116563
688318
170073
752524
655840
73263
67915
634725
777394
74693
915167
123697
602564
709152
178610
605712
436324
638643
282600
124987
773196
734611
631691
792297
141015
89481
659637
792892
181152
129919
711857
891967
189771
886620
692698
13720
97563
26095
629631
995719
150753
892277
552416
743547
230416
651143
151445
566289
483499
570083
303758
274921
850783
273172
409845
734183
436013
557953
205296
386435
17471
491088
26690
533774
317148
579637
974737
132034
351095
946843
16002
900676
522274
687661
364288
386808
584160
245121
67676
640705
520855
659937
345422
34580
431716
443960
347802
747959
167625
417430
422414
701148
616322
1056
374440
197268
525365
317335
895124
663474
384071
148483
479634
428605
678859
215355
940022
613776
453461
373076
38537
479314
469933
844644
998861
994574
994207
794417
747294
228014
160687
248699
96372
208985
670314
381795
933317
812006
249176
431479
615367
816187
7630
340699
712979
262215
578080
81109
854821
531544
164531
313268
309760
544153
526896
578142
857391
385388
817364
635381
218598
159200
833572
866278
684166
715983
980734
815374
686783
282263
34059
163592
591504
615411
746641
213655
19690
139317
259365
572781
98674
301346
677821
400534
316581
689642
175524
487044
961623
547842
717574
85367
697108
304352
271659
566472
26343
819026
466305
871379
324921
255740
259217
793791
405136
145580
713364
598380
80569
808987
812511
408759
584577
422915
246137
383916
326749
304919
88397
732169
510249
705892
789243
106091
459533
720834
846472
4376
374396
64246
742582
635560
646294
685992
809007
608528
51054
31099
781531
103756
302629
56846
17489
469865
614197
271247
834409
470892
200202
990007
232944
694370
519690
652773
604277
401861
241270
955483
56896
957960
508136
6735
46498
781504
12796
414063
696232
449071
979211
119605
632233
841133
493075
475874
371583
707509
566066
693017
337298
120137
680209
220187
669455
530243
36702
321243
899576
179386
255281
437758
530518
106637
652176
684465
84361
294479
526990
125606
470336
451727
403982
534700
551171
527426
338405
110121
467693
551695
672029
535287
689272
939127
768470
256793
168433
404960
397960
750809
723274
738748
795811
780223
763406
762330
162263
215535
741359
687369
942319
196384
28411
336100
557080
865781
293933
708543
855616
523834
80096
77037
819994
619388
27230
330283
213438
300932
552599
13228
140716
4466
970861
539265
358065
113715
954604
615013
396258
489503
296279
901474
295813
625841
760157
114020
371280
276388
957355
910360
295689
645350
183131
603201
510348
196155
843722
340055
533547
57137
276487
489947
666095
449724
510887
96508
179197
329837
193525
398047
740500
432979
399622
117647
593779
695534
677419
666625
591448
331404
533377
844610
724834
69123
644642
987967
485848
329994
807166
223857
637314
539956
730692
27235
396853
792905
216889
288801
491501
423554
611244
51647
631506
369313
105984
801347
965277
199275
779560
644016
283668
513859
468978
58672
770609
681573
401402
518236
384353
829691
376447
17707
11048
643295
398162
233974
458849
386542
458090
462180
33379
677701
368341
355191
438720
468891
120777
658033
705063
45307
370713
527396
288041
624092
523075
254741
496728
581534
694822
362828
515980
460899
246032
669115
19775
599880
120694
947017
955096
413951
78077
526585
788869
78411
802869
606716
440705
228118
232037
306127
817013
783026
227329
817554
69563
417578
335160
340327
828285
553477
919466
623235
793916
836183
487351
429396
161325
170755
668402
105039
698109
477712
766837
850517
115765
408935
284046
607745
244153
137126
825751
925713
447019
599845
168548
869486
512685
477955
3477
729881
818243
188139
531850
560628
175190
619433
553398
805227
629844
241250
648333
688509
600245
228853
117015
630571
422425
123437
95270
342459
616461
310752
37220
461289
398125
660839
476870
918763
48547
394105
473053
57631
849869
6886
441227
322708
