4138
643907
804002
660388
607960
286863
28925
817227
748915
586265
339147
365141
445192
644378
884575
71130
949610
693683
180825
564183
155813
513689
130245
438834
680816
941725
440865
466443
156990
773527
939773
676795
324915
815598
773434
72492
400244
572295
160500
157141
629399
169160
111868
279120
158266
42632
980606
783769
994863
618773
92866
380709
842773
88417
569998
390493
197634
489801
705832
974901
656668
756355
598456
562862
204807
720356
857036
113572
113528
377868
999990
479188
917800
402223
180944
48814
489765
232576
954016
51603
940291
790779
280854
205548
853103
276175
864370
37670
797027
688807
615298
249933
488757
35028
161993
214212
722635
222233
329596
336735
863977
810002
494373
176413
865195
798593
790571
101573
601678
532790
549097
260187
776744
15323
363322
175423
176568
547098
873878
293027
620696
666155
543701
759463
372943
167293
84819
248019
810883
859200
307501
33008
872907
313549
674471
21891
369379
897075
908143
539943
148921
180959
391292
812934
315940
421799
447121
466356
342260
726067
588638
136488
544932
219592
388101
895959
838764
995378
308154
441071
431155
985550
113731
534893
331490
159217
405151
193435
845972
874809
292675
660010
760233
996590
546047
511079
58362
154323
333440
989341
75494
23951
57390
480008
405451
906995
600693
40945
298193
748392
924514
169259
464480
705014
342115
546856
932466
614131
281457
123000
471362
127942
24969
706656
170596
329303
724437
295379
443310
724309
202794
114703
41684
819107
366059
211607
432274
680736
586698
155592
477122
203089
974382
785371
338317
754669
787825
793654
712574
929797
157760
592495
597810
849551
110566
542174
67116
445838
491874
568093
935493
86623
193780
36127
935360
767457
407671
3882
309435
233602
594984
933554
274626
866851
789828
389587
40894
597799
887824
342763
209163
882397
692018
654291
893223
706375
675261
264376
168198
751687
378314
974809
755394
893733
944449
65247
976303
146495
767223
170964
764877
85518
974065
898113
366678
55504
601095
989225
937656
983896
249572
695579
378461
646830
490346
347192
849317
545508
167986
770754
983477
418742
671409
635740
380777
186013
289078
278500
750821
240432
430607
289961
850569
152887
888140
61579
204930
91470
173787
854958
844221
299379
336850
938266
762615
739436
750348
269811
916337
552728
541802
461455
839743
880272
627515
902265
979390
449337
237686
414658
590949
763049
575780
1662
399989
189555
398491
627106
923466
978513
127268
11576
966868
803693
792894
308540
516511
680012
119228
400343
908045
637015
187529
248053
136678
248263
104012
661061
874438
305069
529190
706380
233397
288988
155288
412199
463251
743092
37634
671003
862642
65995
447174
827098
132222
139769
208075
756693
552535
951424
534302
191992
229503
586838
67506
53959
705071
499985
452872
967251
941252
18286
212586
446104
918295
984382
77393
772086
17706
819182
199782
867466
229821
640689
515621
154665
819073
827980
204766
406201
192292
998654
147478
561963
244299
518025
314570
973464
525662
750433
188371
421367
775100
89328
605541
453241
931215
567940
243953
272577
172539
192150
605803
710147
377200
737016
917286
252664
995744
969050
515802
623035
870858
74488
879304
607043
980915
707876
482100
733118
66806
130475
785233
646406
535475
859815
281019
406530
35939
636769
88798
504924
132492
907232
2740
874266
987599
260370
246827
577756
341343
381398
667556
755633
347980
575588
926168
180053
560317
8282
644821
66443
917373
848996
479846
286675
528812
842246
627537
881481
219670
418889
521914
135066
655584
978048
970533
362979
204382
649013
175833
970599
109058
78261
754719
679789
906416
872373
511530
192884
831852
808608
830544
456404
5749
795326
554743
459571
885931
907458
692171
834720
525227
563440
406827
822991
655483
112297
930595
376050
891361
627028
70164
714480
536846
48427
499568
530564
704376
949407
590306
747701
795781
995817
622794
340269
244899
940143
626150
598329
977908
64847
211660
407900
581223
135562
345683
612240
559522
214416
876050
708058
483995
848676
801408
855817
834758
442155
75899
591946
984296
670423
666468
223659
750475
13418
774247
100458
116362
145833
94680
9337
992076
551392
958969
14993
251917
34508
611992
211248
98776
596328
656661
960113
937873
699223
690498
561094
654254
577066
413667
406228
468422
304783
694612
832042
291650
884951
343882
615903
811120
291682
337457
173256
762806
95210
761589
330899
919651
67368
842013
842948
853793
638118
18129
59081
719431
889058
547324
186619
781323
800156
333708
171956
225173
580477
578390
355847
323694
852644
877655
984928
211287
939341
128790
760697
147958
389792
253541
47094
985067
576852
808389
339039
363201
385726
326889
41271
508417
269690
358867
319293
115360
202484
999643
747134
977048
776532
622094
906837
602900
980612
694643
423105
428676
665951
63913
908065
790929
422647
848172
979534
516266
110211
83254
802517
406205
565859
369410
12816
328130
24786
236844
595616
100785
189991
716212
391944
173652
531272
808033
89065
292791
307820
118594
783574
315003
970250
335183
207955
330250
302051
26415
590767
952228
674921
652755
547579
815256
472523
902399
87078
452815
919582
268585
458998
313603
874281
175610
796581
211917
337165
830833
539606
953243
161807
880359
154226
365439
428100
223917
57828
27493
36312
231377
217133
602333
551866
551872
222244
44374
787111
891973
818894
644716
990738
725551
244373
853528
835885
984849
201449
683078
784215
506595
130480
90756
760546
916678
306283
175574
290175
977381
494310
875430
909257
143799
677467
200152
244330
319840
12133
718588
819182
823863
230300
880861
359970
822243
619345
283510
740200
993950
802471
119684
875483
520732
31436
691575
105881
856196
23507
742658
459889
721565
582000
608146
62954
498436
815823
671579
853678
57625
125073
939021
164434
767994
267684
180582
939075
603815
901693
531425
325902
715845
830517
736652
221963
968894
179197
217847
746855
934533
250111
451080
848077
406263
287891
642348
421937
346717
713115
957224
172601
305998
905916
569101
750664
579506
850425
20874
193319
933153
315181
371867
664274
285481
399589
868575
211485
236590
313240
135688
154753
47532
864580
222252
558855
785945
230438
953336
759248
860326
316436
147267
721406
460259
585019
825472
300931
272386
383665
852494
894340
770163
441846
99050
823721
994287
898316
623108
89668
671889
614256
422639
131547
815326
592308
930481
1300
851173
110458
431226
907772
32002
966223
637874
985523
136380
820449
817323
217400
627662
895262
269302
931405
419715
743403
550865
452359
174522
895486
8574
14900
178569
811033
639727
215592
621054
478756
81372
963110
328513
500325
590071
924072
433621
595806
534647
596044
844861
324803
259601
398747
777979
989718
82118
46774
522739
697377
389461
20511
815599
876303
532368
58081
536956
439080
368460
669789
307569
148584
76338
381171
147343
86074
338994
750345
453252
443286
561304
646075
426698
187636
428982
929183
255661
138859
758401
80371
81385
165867
798392
112102
112049
525395
953471
594623
96140
116720
761482
499694
365146
108947
321396
623150
491509
78478
8112
247123
942323
435787
346198
564597
502727
380616
32095
701049
886343
142323
701036
367481
809096
150109
854528
957711
939685
455006
923983
190275
259295
744006
72622
439630
162718
773371
438441
662219
301526
429876
501875
789497
890821
53329
665016
544367
332248
990996
865551
909021
695149
375744
245771
900474
900276
908492
316529
853007
550830
898180
301123
977312
373079
78845
620731
132274
735521
13427
869843
984830
779861
89153
739905
848560
643422
381435
963201
560028
783137
474283
584458
59646
142084
437671
275746
708972
575824
525772
153485
400602
230449
847129
380961
295626
828378
425258
831029
112718
550853
561806
938360
653243
477592
389512
676189
5548
463780
192415
416308
940272
900550
864162
419348
303441
271856
355260
325749
651202
760834
616815
490138
88228
204050
574832
155435
20405
597835
796959
710240
600469
510129
779682
914842
904886
351426
180061
507660
918496
770552
84560
335510
497503
397804
805388
812274
151498
938196
770451
368967
678512
309229
775883
710491
821152
604596
314399
269094
89301
17421
323891
399233
95932
732807
373569
24893
906468
336695
639253
206417
336065
590784
264481
914795
760605
680437
609342
354151
710876
746389
717632
609821
707306
7733
931508
494357
176451
11323
190840
704789
716190
455750
388791
610395
170359
576619
25536
463335
273848
890715
28355
528752
31171
299488
387367
68598
732510
79878
714314
673975
304508
521238
349078
24699
931428
61373
479613
561354
29760
662028
761553
332606
804421
776473
752001
142515
158393
635906
776692
765850
968678
699282
381499
896877
232729
92923
942263
414909
267223
881923
521287
596583
831901
205820
219179
745253
62099
874667
969402
929600
132812
655499
325564
704099
530300
106666
242789
927563
44087
845424
552943
319259
124322
673663
750226
855565
9912
584566
858787
897858
455291
983056
765254
768633
874101
122154
130897
287710
818985
314338
436671
620218
416283
441883
5006
578953
158777
431004
955254
991465
249509
915096
313222
196270
215840
692488
450012
721618
121812
330997
946304
202954
145086
276178
163934
102196
375926
695365
410206
722860
603548
267718
773538
138173
210721
270496
431835
860468
29359
171797
76168
397713
35062
713631
307277
481687
93844
634128
665068
4483
466784
349658
750754
550169
923476
696875
151072
621145
490708
121521
742756
979473
456223
715387
876404
784460
290897
762048
141367
616296
708818
784120
733744
333893
384159
688744
152151
668377
460531
670331
251350
888865
768273
115596
596765
959538
363121
515457
919842
706926
100420
819089
602040
735569
359398
485029
634123
228267
289184
667228
799990
606120
379542
983977
380225
501195
499603
850711
240250
832121
176879
268589
832430
521202
958427
99117
178245
894618
81993
871286
969079
67253
531002
569353
43567
926770
628005
683048
374266
975902
965057
684314
492524
345529
460080
89676
711759
228582
751624
825234
162313
7035
979326
553866
544521
358137
445361
102561
785197
313045
69521
356655
541364
365813
426730
178814
737691
293430
678609
192936
633238
1578
261865
848670
876460
193183
265106
316357
769263
791834
237616
338810
461975
758115
511251
379063
139771
867898
300232
366925
399147
94951
21179
973777
465836
829615
688967
26771
786705
544867
16924
916809
220978
471186
801484
112075
297740
490526
61106
863608
831285
39020
793535
486006
307130
503413
345698
591318
189655
679226
73235
895829
784529
427540
194429
690366
990964
197225
704774
134894
747877
660475
54780
469232
289379
817242
133533
461254
936926
175738
645123
792713
684083
318943
166058
683943
492868
582388
806560
235980
679345
730363
882248
418524
670709
534815
403914
721180
989343
62886
188954
376688
538858
226178
981988
261375
113532
717510
971537
644467
400568
31990
737465
729692
167360
938039
87333
637620
459338
910373
715583
341949
669469
218436
679449
733767
995369
879822
21654
506253
636097
979754
152441
535999
549046
842366
631176
488411
909393
228571
634588
84468
663084
795479
446536
5141
966381
149176
994148
279871
608480
26380
454197
95629
414256
130646
823290
660025
303938
679331
632853
447799
492015
704314
65876
341887
18844
730673
946588
958184
298871
888476
861489
752368
617359
28577
580324
907288
294224
668903
198746
885676
537562
694317
983860
727072
514366
190327
246688
333846
563221
956450
631292
729341
445820
938265
731298
287123
173935
797792
798676
306762
876737
39758
608389
358665
8565
754648
997314
19017
304061
112135
671356
612064
735116
348491
213938
137563
427994
57770
995967
114563
843636
291217
503037
442562
773756
826059
701845
70240
241924
865423
951717
218790
457667
958003
539020
407075
813170
825279
287701
184460
875206
955293
307069
663294
546506
674284
746338
337504
180184
240243
366027
320804
252148
272626
664206
378156
378436
466260
474978
755785
60464
37122
893570
838494
326994
847953
916665
81891
615642
761755
494032
879686
580161
514987
739026
979755
183656
967698
484025
658452
815949
889911
638748
766504
1482
725410
509918
177704
694905
782780
9075
149509
35068
367518
767255
171586
547051
352257
579885
397633
67312
743913
860121
156226
455159
217711
388619
520762
113730
681705
128284
633356
701528
891896
845840
352870
327389
55533
659196
803579
751869
590360
630913
891416
222786
119087
317238
145253
710982
986904
628580
357563
628098
758612
793834
59996
662596
36551
990785
803347
958079
794984
267674
611369
535932
960385
108132
984769
751023
223139
983401
189585
350052
158634
101400
560701
212248
24808
188061
32530
124901
301617
96236
659035
650325
469955
426269
461027
330775
892815
362418
790473
650510
320744
17012
552249
370823
918919
723898
396364
897027
57337
932299
213438
143923
946022
521819
657864
993410
370558
595762
932506
980300
524993
722794
529783
555308
865963
378007
481900
281266
409275
476417
326638
930612
370591
470156
65871
75451
749694
891833
253405
233951
880609
159173
228119
953709
476415
951151
929357
262596
864675
661271
786323
277567
700796
393474
67425
25164
461121
604794
295690
558875
623871
118354
150615
999667
719168
353096
137792
572510
564249
860099
156614
332101
648529
965179
386672
552470
529705
140663
207968
724257
29581
832946
228496
259586
288085
631447
199535
424633
158904
163564
986194
813398
58382
277067
362905
687759
298111
407562
186399
247668
395854
747132
415581
982905
745084
502353
117020
110706
331290
310296
586516
624286
713710
568613
314598
520090
904897
567758
383219
889911
444612
418703
167447
275237
755100
193229
933894
206990
386897
741560
507585
159487
718926
579785
236852
659969
364758
189675
292399
171142
613188
643254
666687
707647
498300
535318
187240
914122
55412
163018
524418
375369
199385
488904
13166
164814
474271
898943
34163
879794
831080
797428
339320
184005
593936
101326
133472
521503
386707
306029
584510
444565
125084
953204
821043
407560
675434
35879
454891
855831
713249
390000
87664
752820
844523
3452
980073
244884
761417
702722
372788
191744
670010
254116
830107
803081
153798
829486
330485
656344
450151
247163
479580
488675
984277
971574
79238
589820
219053
18558
639810
352964
692029
668003
941905
868668
976174
811661
908447
159484
691790
8893
161564
982972
948538
481579
561916
984015
781157
720845
810119
838640
874695
155769
444445
691637
508260
905569
831178
816096
745463
731774
757058
912341
355707
225416
331385
333477
363031
321889
431009
948488
99172
271697
897921
578538
618076
511148
460655
801052
947296
248784
418346
722347
429029
953931
853654
269454
918909
67225
703444
842232
499518
125450
962621
214734
279697
263106
713404
7795
565208
375451
595525
995966
834621
414629
126582
181325
719764
492621
842888
860723
389100
120475
62065
217357
944567
395861
968474
18994
980243
642369
448888
21064
846644
668488
496138
628019
120944
627766
139373
900265
752615
782814
377503
408865
58637
900827
372750
79978
460758
667313
301020
625688
365885
662161
418610
665177
64880
72059
742334
954021
56859
857662
845962
972948
241487
10971
398394
973385
987855
57160
920994
761996
693559
263888
955650
58422
112330
752343
832031
504901
703446
893243
208382
254992
319686
72407
448448
934612
134404
302945
678165
376748
524168
993203
513118
258911
251458
258727
236003
711571
19168
98843
519598
962400
8252
697748
361090
953792
872934
220478
551995
652130
733321
686289
644547
375517
550012
343632
125870
866050
575783
49323
414067
766986
181072
825925
929160
157998
540545
667472
633561
833110
462680
633491
655204
675753
559851
743757
725812
147587
204693
757812
370487
35141
86946
649942
293374
689989
357459
822689
169106
831974
824718
745022
491693
557763
530789
565719
270556
545349
391681
858105
133103
586836
864810
973589
507929
800170
528630
674017
682859
267971
345037
484700
509096
971825
593173
617262
408452
163340
620030
250413
504766
319046
400619
80956
369303
343004
384251
673294
552813
809064
673012
288072
475513
559571
439884
50373
302625
252713
205459
675315
653179
870085
484224
663130
661728
333995
827286
665085
169512
529268
936434
727641
568199
855332
985716
711370
388611
291799
109640
7245
941649
482266
957200
629408
176524
561367
484847
306950
953169
898792
984757
296999
316921
963084
182178
181395
967284
432055
589081
676903
622590
826115
620323
643848
468993
959109
672668
42317
182535
674619
8254
598137
335514
364897
921095
631781
106427
698402
359242
581564
24571
923116
44048
15520
585848
774748
76904
209643
412023
293016
499538
425168
76571
220220
810564
728479
476032
301996
57111
197031
651191
563401
852881
588277
928606
197183
996559
245051
233562
996730
125071
631629
336500
285880
190296
748676
596685
371578
848326
251781
468863
393812
301302
653212
436306
505764
432458
934081
400408
24479
727641
808829
51750
480071
617910
347558
750895
117177
301659
226822
953278
599202
268275
876826
270159
718610
458241
519222
918155
451048
441008
368262
944351
886061
179639
258351
90232
244925
627816
860371
101661
134944
953558
892788
852776
447864
822881
238640
672290
473746
273952
558570
64314
866078
981993
37705
363746
190780
842815
748058
484615
858540
705817
860625
349995
341544
336267
794733
349024
133582
363028
140921
669858
675572
835459
479534
767826
376608
165894
107254
96395
390928
682256
346763
330659
375859
629542
91454
996800
948795
718151
533268
972308
374538
136950
545163
997622
792905
100005
724538
628062
72728
211648
887126
83837
455391
620882
909585
873655
752707
606936
905500
52990
334901
144289
16205
174476
535460
220126
672220
428540
91154
554188
9672
418566
324612
60602
521047
717206
974931
224889
505274
991623
301920
380384
480334
479873
1125
933753
889791
587563
924710
773772
909447
267535
915974
735365
504725
954506
221429
31556
690504
408748
650567
672706
341402
120114
328864
566171
560282
233309
828364
757820
229201
310062
434667
458665
519366
60033
75209
332395
726686
565827
464652
13973
298651
440082
529670
586610
135621
473648
63211
343821
44262
560866
695900
333661
311342
388779
325090
627466
959415
196704
589814
642720
393187
164264
941372
960655
534434
996498
960656
134172
642064
526675
674041
573288
682811
821338
847291
828955
204034
908498
110281
737901
352856
984820
490134
926353
347368
971845
894924
129982
562131
292851
791382
828827
991765
173768
501528
460038
405509
40969
280382
536001
559803
92462
231026
903801
23052
998141
276391
337333
626608
484421
821203
472727
880837
566644
184505
425490
759916
42389
314660
218985
112785
136362
846384
82783
289673
228770
934273
517249
96148
31928
616087
165004
811393
909224
916794
229244
951281
557837
492751
173490
206963
801500
338445
590913
66319
926071
503241
919381
514462
690735
261869
193920
878934
627865
799495
468386
15716
858379
383741
944757
510002
721460
596191
859635
214600
785429
548565
174692
582286
380320
589431
796295
611632
677099
52412
422748
592026
718097
964489
17484
117219
436838
959275
534326
670214
645908
506400
333911
72586
953686
115472
570453
630084
950865
332377
717416
267059
820682
926407
137062
658505
358024
879075
3369
961801
606599
290
368031
191755
474390
673599
231981
421277
440014
359971
406656
544452
717615
265279
581555
831520
78040
83964
855446
911533
113123
841546
634785
98533
291995
502997
269045
736579
259930
698838
738315
553763
420612
619526
723323
385030
249626
136237
787755
258545
533371
220824
139090
328372
475325
910504
379048
361160
230244
78599
304300
859026
513213
750966
15441
119876
79066
67202
105734
92131
958123
352213
498465
646115
494964
754345
976359
947182
520240
513047
406394
410371
537346
413454
955232
472699
641044
939935
767852
659496
31439
706100
468043
406742
15285
603297
839981
816179
592414
699667
935501
280779
831053
635236
91871
120939
124462
918801
472917
987495
175534
541315
936847
854904
12407
378121
897821
656445
313223
457255
99057
565282
77484
402312
157862
933918
104030
764942
2151
269334
880760
676810
297213
450079
78420
917831
158329
917409
900355
558145
420026
599254
277542
865459
90908
385842
61933
429646
691198
241949
650537
278725
882221
894556
584207
215109
94962
566605
553035
97794
686260
471953
986558
195885
25484
144196
114646
456706
359780
986535
898761
886845
130826
536095
76782
969132
959959
991574
672376
820704
761078
962752
988815
822269
494611
903800
649101
780145
509474
278536
801682
685249
167817
658120
448068
466687
683883
506653
972070
550808
498258
83747
741972
724938
834680
721893
633240
646962
54770
703817
750764
428227
94970
945865
420365
128275
787031
43612
453049
420559
175531
81971
291845
837967
884249
523614
886044
755141
448081
394063
168280
26446
107001
886391
503414
41835
114489
558029
209594
398025
839139
108525
470558
327996
939774
32285
512120
662730
99118
261034
980391
472228
526209
534001
382329
539440
896152
495673
482269
695425
795184
469694
230335
212136
165324
177993
550918
851300
294785
678650
916838
6132
590365
744552
896610
606798
143797
333791
813218
350184
73098
468488
195372
347443
590167
529062
484738
785767
36858
826812
895512
37625
741116
109901
585009
497834
221247
644859
168213
879289
235011
986961
968625
41849
237205
393500
49291
735741
950420
218804
919647
709167
942433
816088
736923
660608
138978
694327
97204
947001
99699
319947
69347
278384
335147
355808
622272
514711
474374
386611
82041
132015
910068
590453
220719
838746
753597
577455
18797
991821
985231
854655
550341
348260
102566
97856
586185
125071
492630
104008
575907
761066
550072
230410
510098
563563
800559
645148
59393
866612
44502
522708
832902
622409
716167
82571
835508
234779
300938
980611
682141
826179
47641
375141
121831
80970
705613
157539
736009
126437
117478
694652
418915
610878
340603
446430
907576
186477
736252
622053
158153
998406
102369
865729
116814
578571
956402
141558
813395
558978
540593
660542
437614
731554
161383
506377
556377
335847
471754
330212
833200
517957
947784
966647
607944
819576
832882
846505
873129
129210
128008
243358
595498
681422
506269
435936
774504
326970
273639
90203
518434
350545
145893
568898
992884
219950
494893
752528
588654
669053
975505
301737
888145
928883
852525
837663
109605
614494
724176
771728
373306
330326
969733
799340
670969
955923
980669
879060
366053
559513
812186
674654
652596
970446
935322
927157
752324
521516
475166
687005
920380
637585
312214
69397
793664
556531
440268
298645
950928
403570
498953
903927
731774
544710
8946
782026
854167
898805
659969
974747
889836
875840
869538
158876
363643
917764
879098
127153
171614
255151
672725
324437
742247
141326
418508
558418
824138
42007
705408
741787
975225
147025
513474
555785
766285
423012
833237
654384
31455
312953
388491
498270
728055
249293
320395
638448
779228
730008
612788
124688
188298
407316
302300
80590
731266
11756
885746
349530
940667
352194
970881
516892
527030
210269
825493
518320
373679
522926
363320
840257
145071
268541
724885
620033
444735
146741
910526
245698
994039
502664
46729
245940
621620
3456
169173
360699
522727
809316
173034
668012
71690
378563
778495
442917
265007
579615
206677
97478
257009
419129
491904
4304
722955
496758
482885
816920
402375
627627
383391
384743
141326
347274
149020
564209
758750
338920
842341
945521
324123
773674
728026
398813
248700
631884
696219
263435
184550
686029
306980
367776
314774
649466
692048
26544
165815
63958
828734
177976
628947
286755
638481
563699
559270
944784
787985
406364
184590
592127
368239
956417
599647
121010
709733
379201
791380
428305
507964
190754
971040
23514
218151
454353
735650
803301
481421
729463
820726
628499
645092
30580
653287
411539
115449
632186
564675
984144
699468
437129
949128
644859
230935
336898
103802
497840
957231
37995
697238
46087
602244
51902
663840
869882
70787
169902
715801
720814
542810
552887
671821
621664
56347
57440
171848
315501
720890
914960
410025
218621
534640
411466
557582
805134
421250
349063
213679
778905
637852
422319
413383
994914
872535
332467
276460
503073
33754
445322
608256
851336
46492
853061
102464
36017
987975
122961
975417
204326
457848
343241
100315
143308
344611
428086
845286
207212
127700
401636
523777
212575
669520
713441
575657
139606
544090
990933
827270
549828
784849
230521
278874
872296
596151
665845
274514
621498
534476
106778
387071
185457
597977
645689
942302
35631
407176
818334
733843
565130
725680
245740
445173
106552
887983
424470
711682
870998
577840
621816
228275
829909
449229
803408
25195
434498
409358
930588
546377
558128
779598
479376
149404
424707
7358
857204
437174
486236
359555
405400
199065
217820
133755
247541
877903
181207
537245
243746
264086
196631
419006
520111
649847
365386
525424
32674
218231
939081
56197
825291
540839
830789
392433
884870
117334
766544
498638
821965
323879
841925
575160
562423
571133
946006
435480
766993
207826
463216
406783
690904
708455
878605
839144
480080
227158
303701
664672
16067
925379
251506
46913
144217
251697
368047
322969
916817
138545
599499
467626
694170
514932
622624
75275
608208
915714
982571
737516
678870
344003
977656
422775
614860
926075
458539
253713
495341
209875
136620
954175
737864
288978
250992
363238
74201
349227
850337
626347
933892
935727
250666
843641
400301
797347
850400
972192
838326
361772
572688
973146
196118
211367
914977
755306
177426
253141
846054
936862
775067
969907
734851
184499
552773
951400
800632
904151
111519
909976
445711
386569
617651
660118
429086
487837
517339
262518
803450
29019
188158
477631
465784
778567
57510
251200
981985
928636
842367
203002
827057
809842
47023
1466
678540
39134
139980
654026
298238
358968
410174
378109
567789
867032
890291
799657
878110
905274
112504
566642
812960
365409
786043
626432
989976
412695
181146
762450
423914
545553
948199
799468
521090
159345
823867
197420
919804
202790
963507
366395
288118
478511
754380
16478
175727
727804
868823
889260
592988
757813
613401
436442
354119
534676
236481
788082
770916
233389
682246
865315
648754
785870
541149
263025
889290
896769
858196
183373
806536
940910
457422
687359
398867
773597
446107
105599
63690
437018
401267
543012
567564
436017
541584
456372
761764
426713
760741
909658
771472
151789
258686
371061
875500
780629
988085
209996
675072
165635
979086
378976
372835
728729
397232
194650
858442
677033
267777
501540
594224
265364
253724
288468
720676
137555
727473
682882
658410
542292
67514
271354
73935
290236
71638
12493
678989
113291
882308
171906
297302
137118
829949
149674
958016
89933
479789
99153
106318
583860
490832
39824
2903
958351
461222
239232
900694
200831
584914
958409
588685
962345
695445
315480
564822
3838
314081
358639
362439
131221
951325
209558
757953
121011
857077
202031
92246
197421
442202
847591
760916
740645
344989
298249
728626
991664
682275
987884
455318
977816
154502
85133
366145
401213
922185
490999
264088
523862
986997
991966
193872
64021
68180
749196
534964
184937
617737
487731
906966
167325
134538
480865
4240
274653
17020
623953
668021
86041
749930
467997
493978
282242
337377
182097
12026
242290
661674
593820
556938
677352
265316
755360
568346
886768
133950
95144
358756
350626
84239
481977
33973
435265
386258
522561
354485
359491
790081
650220
520917
690800
291916
454742
101011
24163
381430
967515
569901
657645
58765
573577
619104
130457
489796
457847
34075
375627
998382
648175
621125
651266
5913
323398
160104
54780
440901
623117
437624
4281
967296
979424
576260
308631
63647
485531
306872
838108
910811
642669
865100
4371
490309
417924
712013
126221
363111
551976
760710
39176
447929
767652
53323
733230
397885
459166
586913
914484
766263
603336
499789
691875
99404
421103
40056
239988
735863
66417
10107
995731
953122
217356
303565
945158
230887
954257
220486
360551
739170
204535
707983
725773
970290
404811
101929
515081
153165
53509
929622
8204
269309
900727
82151
993446
963963
265374
869155
136041
911462
135003
657361
697580
895456
469627
386531
525483
524998
179890
494911
287244
616649
437031
432747
557565
782574
281705
90260
96632
618014
450495
821050
9384
435626
317084
822140
450342
242289
81659
69340
793219
5341
874158
714762
340009
347072
977218
491367
938358
91437
886891
77535
725744
175869
498252
573243
603264
906688
979455
437855
839684
400207
722113
382124
488083
783357
417149
46790
324238
581932
89523
413039
819039
824059
304645
377042
535697
453341
217950
432924
533900
526277
334655
590469
286443
790525
70888
632045
106044
651926
13215
320545
424595
339194
770016
992700
339211
843997
329057
531626
623515
982482
89536
139720
497168
671994
951179
459879
94892
8919
617516
848368
228763
503231
847599
834273
909070
541419
53746
222709
764599
118383
445864
850914
389023
917956
667593
61500
595495
511425
520410
167351
593561
522409
862036
896074
986922
693405
271924
385198
416974
962546
403422
386629
688568
477213
638702
536664
633645
613899
473053
239353
633988
79181
605005
990215
652924
33649
322930
615440
355385
232428
964124
360913
352093
186291
111653
726104
486911
288936
647475
804747
847947
897009
11690
592193
239158
740261
352305
755213
660572
963808
368736
