918
809558
640611
781683
808604
493641
591184
354431
32155
109754
591864
295914
863683
191963
745659
598389
288937
124068
644167
815769
579280
753949
205727
646880
521148
449736
143742
72481
766949
854703
515412
632278
822599
961989
181167
915163
223382
979708
785397
102789
50831
748066
166414
647133
217450
400248
948766
599544
902380
691282
200944
359540
447704
287716
841902
139537
554437
319406
211340
809641
301323
278406
103813
716621
821207
980223
90494
559998
190174
76211
998598
109637
456559
740722
59327
164463
97952
113415
645974
498537
274602
900579
677357
568308
784465
43241
110747
727236
380347
443157
882697
466299
839587
355786
959485
574333
151525
973814
715059
715695
80313
65188
615015
623121
254717
951453
130608
421558
970538
44860
414150
358556
683305
148557
157540
374956
883198
917665
243400
954063
755746
230769
3288
846314
806959
939693
776223
518392
673141
725088
203700
782915
366186
234049
813307
772031
508797
850264
964485
164227
761547
819722
106835
53861
602731
734852
931384
731184
402788
523776
297820
75652
14782
387127
677724
706379
510581
915043
173007
803283
694794
48943
760100
411597
51957
903870
531623
245985
756341
12821
492066
127020
293127
951078
96736
638935
822709
432698
950797
482453
853189
460474
982073
21369
777875
550937
957627
557233
10681
280353
819698
783011
669610
464025
574759
129058
649950
250129
231758
291725
864679
755658
114476
610820
928099
7876
785490
956296
737290
470692
221895
213934
497831
181186
762116
412672
102244
587341
900888
260336
262014
193819
864428
178682
898135
629649
80161
195541
993578
363372
204245
192469
297241
714409
264517
530592
257890
814551
253324
192074
766832
282039
907658
940112
28878
522189
930464
288302
652278
792582
358615
867485
979975
503749
626528
1261
588566
453836
983542
657978
144987
906115
868767
899854
852364
688680
338002
904019
386056
38612
659635
924979
720745
919718
530042
150926
11900
730766
926641
147287
442253
425528
846044
255884
260635
956114
623858
551184
22890
221820
8394
245670
975736
205899
582801
632588
198215
397242
743480
293938
32857
130030
685354
188437
940858
755493
882555
701565
234231
669626
585820
633359
631596
831127
846794
169679
925435
337399
931080
654902
112921
428374
897217
817004
940290
813752
765711
209443
847501
303635
223513
560847
457434
263067
209878
705989
869095
41064
525937
124207
273666
586565
737349
857322
212633
439767
331911
893436
168877
614696
192451
494645
898725
277775
286527
811617
653375
80574
309052
865319
91809
613736
745306
281793
782798
178957
226011
361880
879412
40483
445248
783419
938145
994978
149711
589756
914390
129644
875766
430183
865460
756376
645449
642400
600467
625946
195944
671832
463922
682576
622460
703531
310344
827371
859104
250393
720185
318456
276892
524768
501348
606474
773708
355378
507545
635974
276319
509912
515240
726667
143355
762339
794068
968252
151742
105354
514535
368235
422240
720485
349215
517475
482100
598469
107462
167570
298893
257710
147167
51473
679997
606642
391484
328018
325113
248875
199277
616741
27608
743188
724435
736551
203386
649924
809042
512199
369798
255433
44836
589494
514763
138845
903755
360427
63752
512455
955423
374544
894279
568721
568773
196556
403939
311329
860032
638190
545835
284727
599521
983346
664095
167362
505178
181748
729111
27999
157617
554734
902147
90415
480272
741551
270285
270099
681017
112731
262107
386887
698646
344601
44784
418008
399662
957597
19762
379843
432756
460562
824454
833324
285562
600611
748439
713080
162819
285030
443190
843271
162293
532645
937116
477265
5485
517579
227466
571996
917357
359336
711057
709207
497776
453921
988974
397270
227422
346615
17613
312747
66139
783154
704622
857757
315642
950057
316581
629320
612944
676145
933947
71697
435107
646688
610483
243395
908736
302908
615335
960459
321387
682629
959375
72396
86193
825372
734115
796640
798810
925647
34393
622061
463291
418114
4616
120735
458983
169531
591533
259463
578117
379721
781066
724304
653053
741522
698092
119321
441293
322744
948550
155188
696440
121512
92665
828539
48093
861951
133493
386889
536165
2008
512185
125596
363222
9078
323766
976965
875077
43595
720018
716937
899112
38819
19976
903192
734601
862768
28396
758183
619223
366322
11276
612460
14039
386754
830834
996534
409015
141500
369543
90022
293123
338887
300370
803533
127089
806019
873821
394724
885974
784653
280696
522402
742076
723505
915671
427518
61003
233005
774998
377729
349667
691614
389725
263686
483980
803402
555487
387794
215237
545353
323004
58058
124153
992272
139463
82965
716047
720475
795297
464783
328672
732151
815236
205926
600068
7785
591580
993301
745861
388542
18191
544571
761141
924720
73182
906583
944604
525810
427299
731362
392905
780953
962362
803721
260681
441191
88637
168326
867958
82868
798759
105818
486
260731
934746
936105
412549
729662
418811
935922
302333
251479
604731
711721
792913
401437
505585
565618
380489
832559
367907
631484
145096
203808
652004
575800
101049
811583
867671
479669
861928
712897
225681
289882
488301
220941
612573
950655
191811
437796
842201
977384
358582
297132
243901
734878
824891
660119
156540
243436
596825
857524
164482
99443
694021
968018
931614
851818
472461
164556
109882
522358
834538
241078
950597
46114
836088
523491
954353
628411
734657
521296
417688
59915
934389
205808
483577
207408
828214
638356
157345
739671
602960
368118
373413
859354
397638
927075
730636
42676
874055
688964
529481
282845
683904
579847
251877
337351
498187
354159
801595
911859
710212
509748
770141
746096
53436
126295
438933
257713
909191
922823
358341
475210
799793
816169
412080
999303
825869
477704
53969
412713
475629
278489
98025
670334
688941
842025
458391
878492
581802
401445
681695
691193
545553
187206
278861
156266
531217
390999
852082
681654
824882
121188
333
253014
65663
664897
900678
429132
243935
55860
553683
564573
97474
980352
939069
33581
971191
343438
179261
729653
473370
231226
558784
186083
523945
196536
199882
407054
164024
359138
806262
602771
22843
483423
872731
540754
875009
923121
290251
232639
891776
190234
186421
270309
945867
508396
395434
560061
868064
438444
629629
249319
139677
255906
94531
256259
648211
555840
515961
750703
897331
195245
516229
754973
103461
30700
889557
755407
831864
792046
126308
761010
350452
528048
142363
285524
329674
398866
265620
332036
566893
119478
637625
502149
910970
366929
546251
