8332
932153
507421
401482
188119
130559
29367
432497
70682
58419
956484
584702
399692
926062
26984
800345
906129
507290
779528
831012
457858
635949
339130
491400
944433
259716
835612
584987
80393
8088
761280
692715
720596
998367
232965
802474
704727
630145
859585
284213
262680
533237
770074
704322
297920
678200
872372
768934
68059
284522
393412
12545
978683
558469
307395
203207
863421
590714
220799
67371
167331
500970
676619
886250
945120
375421
290391
917041
44659
801443
703834
270059
989291
689253
823979
704683
47496
810087
26096
68019
507202
13692
177965
534431
578467
321382
619326
908977
860495
219945
501792
924154
530148
190026
369257
780641
669500
502249
104664
222227
149519
616568
930311
803015
401270
216215
929469
677420
503626
922702
161952
83826
521579
329510
175623
297394
339805
160996
436590
986171
206860
335971
342851
584122
246640
623565
608605
245701
659787
487349
475596
995076
644623
51540
492811
750716
774302
520479
704978
474873
175145
776961
577416
899608
732729
214842
976022
84271
377164
945876
260439
944025
211351
273021
637547
890401
161515
587974
640171
723082
882290
804471
751094
311160
702616
434700
770026
329023
959750
691409
583279
943303
856329
765909
404077
647000
764433
429326
215006
443144
896534
411785
847613
873406
332373
749899
575773
950626
706489
267658
919255
578851
541396
984257
603740
244324
472972
523444
902313
416260
880659
641024
824728
436488
390862
390621
979922
422632
140503
608628
547874
446387
528350
839255
919781
253663
329898
185761
38686
105713
978173
148780
746598
277765
756438
494632
21696
591227
499088
247326
433162
382782
840616
256834
278416
580466
564508
383534
183803
864633
692526
586881
675175
910818
2568
457747
623442
367728
846521
703763
645167
504322
11805
219328
449691
506596
619419
35392
386599
149937
472329
663136
317331
530530
812458
15337
116700
318648
162647
933595
284589
294402
121275
4233
359089
140939
195127
677969
587144
721380
192103
113461
544471
475785
378172
782171
851578
446195
375432
185053
314837
588730
522713
445518
782728
858596
670652
59658
219520
626318
189219
591545
79530
936501
198881
424992
8707
453409
902097
632547
23500
70768
459351
875419
925785
247099
41790
146192
318023
796391
787713
298387
520397
450698
461029
785787
206124
857015
207299
548538
597504
185384
570660
178907
285689
252871
510213
453466
255907
806361
599673
963103
264992
872327
522862
815641
241272
72843
476871
479475
124871
465971
919721
821622
408404
35989
845010
309947
646402
528464
288035
175115
497568
499578
282878
409813
736923
904235
835018
778635
67411
791717
284691
562841
795530
406367
656527
305858
662393
807276
979131
377049
371069
597261
487396
923738
821039
67024
742210
143267
940689
52642
209791
506130
965539
617080
283349
549244
481110
276758
167380
602054
461912
85179
431811
369316
781198
257641
583455
422572
151584
242196
915263
786902
179181
190375
464919
865554
932383
264045
186139
804742
523418
64098
649403
203491
156686
809943
382605
300451
133868
152252
761481
223521
148918
775565
31213
727188
678510
600412
307777
310313
963440
919671
972021
68797
23324
578421
522278
397492
746603
638242
780031
666361
291939
703556
363132
222866
103269
664714
502602
147038
452644
878224
429131
330094
223600
831697
128501
382910
243760
193322
633690
621775
630447
259591
473794
796898
828237
920620
552820
247954
908565
146146
542932
595087
613295
766332
26086
705331
164588
456901
325424
956930
912575
812295
183742
475587
463243
252410
59583
853173
521751
211464
662605
743920
280095
96697
699786
826010
64964
291648
581669
705794
856163
676065
1532
806812
959298
428029
757148
231577
483111
158652
296163
139106
953667
651989
848647
812466
65228
870461
573295
7054
497256
853673
846719
2849
730885
663234
655217
716088
781189
527269
764127
293398
546711
297683
942557
419381
682785
845308
718402
122010
672153
762979
48840
382355
517171
522541
462793
530576
437556
454028
812521
120028
45990
270659
151507
170998
625380
301205
940251
126032
628181
666190
732227
984803
459637
909101
796441
603117
356751
686764
563582
328328
895175
953774
251905
593960
547603
146308
938217
450161
78090
880348
52242
43571
966549
235655
611118
502147
989314
685670
40237
696567
175223
442544
580343
63485
9731
179745
328726
463128
836432
989826
411953
789241
758389
314386
713267
354998
104104
508558
809227
903465
375505
156002
812428
362984
89849
586860
639860
454300
795041
424809
262729
582272
286063
80254
682591
459768
916547
694501
511799
133579
818856
594930
56770
861311
111335
45505
35715
91920
19189
252030
102546
705228
564364
927569
760572
605390
724247
59556
671176
587541
983750
393042
30420
178368
913666
654381
632926
375080
435322
138988
573536
956570
674396
774896
731858
181231
46304
737969
597267
797450
552382
84233
750114
26222
569216
355293
472710
83129
276273
242852
487310
600705
910261
186197
337203
176522
793458
499633
49753
738657
544044
587946
709940
938392
710383
23343
309000
635933
420197
524053
853000
304249
722055
815395
188256
741219
486448
124282
533134
689214
174350
475167
621739
928566
311985
211623
76488
331762
554886
924222
921459
951094
959325
736659
589145
290393
288485
5604
340869
280477
58874
414497
92615
434928
599445
539967
499504
679998
118690
622492
878137
328177
484463
962442
92547
608646
765888
383995
16313
362189
862271
519943
914577
591165
108432
431708
970354
247217
341443
668674
502064
880131
451235
432265
166642
345092
215467
285266
224437
483605
885336
354360
543849
815333
861530
155225
921145
741255
989732
972420
646696
305070
392227
424769
222871
762312
511883
981239
114147
420597
194508
964606
620971
367523
609443
997442
374063
455304
44174
934480
167123
200122
916440
4864
272579
927790
160018
479295
596402
88331
245794
536888
222843
907626
291317
50847
764584
500525
56784
313626
275024
528633
851652
863756
880794
891281
967936
10750
998432
576080
902784
67756
34096
100163
71779
255594
327020
440225
347547
808817
62481
298215
621566
630475
131540
859732
535673
314070
51432
789182
582627
464696
50717
111568
70127
883359
193186
812449
448572
802675
521771
458289
689991
110363
870701
133762
143296
218537
679302
697937
626810
711267
750202
334639
347515
878319
871641
257537
352627
714586
823996
118928
135818
331589
715629
557646
867090
905964
257382
841446
15516
748500
388850
281854
377318
849873
396401
737804
302834
105521
636855
338194
344113
16649
746579
531639
24542
502233
586668
327236
315368
115102
907911
687223
242311
336949
541862
213575
396336
513191
759243
57398
912611
618133
514651
308236
806050
776769
719197
186741
445820
162550
614177
934393
622599
707542
393405
238227
855787
705726
15283
281649
212187
788375
771055
626568
496159
777980
38955
223312
126285
158403
804853
68003
423191
369834
342217
183790
835325
826784
367256
261137
231203
127213
374122
788505
782077
969918
991327
703447
271782
373841
477521
567773
39697
31673
399637
356052
166166
183951
50401
582269
2542
854709
395911
600834
312378
868040
610975
825144
295805
364897
699651
590324
853803
49096
447796
260807
385433
695607
514715
67543
174419
215174
475113
730779
123468
246647
809887
445234
53040
227744
546858
789025
395350
603761
754150
202471
693713
724961
675459
373695
229094
218234
667013
763826
290903
633277
89381
117078
235166
596467
948373
397287
443445
833169
98657
603583
140626
4423
813233
248501
946417
260325
112619
647056
933513
437994
105781
336359
258144
615339
83544
895638
383674
787101
402240
437022
52333
12223
860511
445786
414736
770214
20594
121754
643538
43366
761436
727326
524582
576090
613294
822833
266972
882897
547016
958303
319435
170965
896729
170260
247467
486041
156033
536658
258239
753982
742872
16270
470191
975362
651464
690856
730995
459718
205205
283334
928492
185338
27517
384844
804429
383015
427451
230521
308406
592920
257189
72417
252641
310182
886133
213378
888245
16799
825764
454854
590840
485138
67186
174741
590178
528954
462723
58195
266828
133125
989155
803645
211399
327743
930026
93979
6345
527008
136443
739747
762627
984174
380262
425962
628750
63568
637933
94023
570179
746865
543460
691974
977193
899341
931122
333254
406345
560795
74292
750384
883934
273815
474496
466580
499241
657387
383686
164834
277089
691257
311379
181185
713990
504328
500655
35407
134358
90184
54247
317750
419545
67267
861349
339239
614679
29219
182459
684406
410026
835226
24446
927954
672302
589297
762255
498015
977108
572081
342261
553330
667606
637480
850534
365992
433093
381016
129509
234787
215486
344578
176004
35235
231547
460746
83531
641469
946565
631495
294065
116282
351367
27561
861767
80590
996990
446279
605300
960754
322253
343045
442715
458593
171437
8414
509913
561708
286786
941908
426410
694203
441928
181745
25387
339681
117868
829304
692218
461210
562743
940781
207097
97700
831397
507070
288370
92215
975252
528461
908500
419105
120600
383003
616284
700290
341483
275602
847375
127650
767874
168687
487011
937706
114363
973962
297278
123014
742065
363779
742614
968596
690
955915
425975
528457
623048
904652
125475
650593
969204
334966
981523
262080
742009
280039
735324
258026
194260
541558
452973
724572
706441
226781
552821
174725
561688
53632
961697
879844
590287
886558
550019
952831
672121
418899
459790
583805
339060
200135
39358
997985
57888
97719
89876
198115
154483
175518
259775
74348
692522
421823
716758
938542
666266
65490
623362
278047
805029
717065
362425
102928
378887
638205
410981
228590
337040
326394
195363
425811
279788
176035
671398
960906
557598
179716
307644
212190
131723
685747
886697
183325
64435
748705
464559
806126
392058
673730
572271
846412
722660
325335
193897
142750
530080
282516
518560
598645
187131
35699
100377
458017
209653
939989
44865
739184
521585
55760
701166
472452
628549
69593
846590
873808
152050
420303
392860
557551
572589
759010
796577
642593
418076
342174
327126
174946
751772
577496
493400
656681
894783
485043
194645
545082
248083
650127
343090
523176
157213
904912
749007
117483
386149
227270
908450
923545
47275
136638
462848
293893
589239
598372
42874
468913
121678
625555
677412
533744
718145
362875
527153
753885
820511
622830
629434
644913
656394
603463
448029
968389
353319
621879
576514
829541
672495
821165
325945
671757
338915
568482
904255
464003
515036
992446
544672
967312
328320
336170
921078
767708
338064
442483
756175
198181
186015
656855
740589
340380
353630
232880
399270
400156
190418
440122
8428
484680
416102
966211
328807
195263
647196
125870
596606
595583
328031
129827
303925
307795
919413
34199
672241
545146
58832
874355
698518
937366
954691
741412
840529
561485
230226
532542
31665
875712
364898
555661
887024
523430
860495
107706
71696
486596
703965
61207
445793
571275
531782
234439
36575
383182
102641
876621
992248
183710
888580
933679
241322
409476
546960
33414
98507
429146
190635
555429
115170
943622
177819
780836
175603
882004
95662
952328
742745
474031
302119
655696
785227
413628
800851
25119
425793
441299
205433
682689
940911
160475
839535
999835
83952
524225
361161
924788
447166
387541
575533
175770
706014
391425
568514
329586
458329
160422
110215
619296
900644
239829
692608
322126
739617
811302
386250
539933
941118
445497
867792
740198
460411
115399
155350
370988
855434
746275
129267
840096
708175
556179
796635
505359
352903
108869
218
469164
61892
867504
851357
393782
683990
47688
432427
725573
580614
539677
29553
223671
965308
199633
154298
872369
202880
482420
959293
297108
334813
727806
78160
726782
744162
657960
220283
476666
96322
873959
972263
885125
606235
321030
223798
569662
765523
19359
163820
304105
496031
590005
251402
347359
552478
521521
451003
532950
272417
999479
588392
777033
443918
206437
376678
496196
247962
912232
394447
177934
937331
385402
998766
461810
791552
722876
932948
476268
949696
620459
811783
323757
965391
938242
501530
821771
526663
729901
281496
580168
976195
329829
479258
508542
630463
870700
388216
771684
590875
274919
524508
838719
837822
119763
83058
645287
65303
856613
528699
78132
645951
828162
745473
947974
516347
662680
264933
695790
982749
696215
522324
340541
777417
274832
739864
831398
736149
392744
307211
940306
955402
807160
259750
534721
968264
467717
625911
868952
911045
476439
711729
340491
632502
624440
874269
645095
505670
413835
62255
48764
389443
111814
406771
671654
420888
738317
109478
143544
575221
141164
503073
642436
265355
841969
179568
92104
807027
211364
476674
914424
115374
769508
225912
971555
983239
105760
125984
257477
830165
782190
373627
731242
996509
999819
509754
282106
293140
576752
251720
310245
645185
381197
280705
564971
47617
213989
172160
645704
3556
796997
320085
498619
722101
476898
176790
94066
801496
983758
408780
826900
760267
371031
358606
852522
778638
246204
521068
181227
857055
651917
984834
611810
449887
220446
283052
574334
156688
934439
480216
429430
223936
850811
173302
698007
317375
800547
772621
293611
247755
186007
53351
114312
572749
832536
663085
149298
847100
506349
450701
320558
804704
671287
99799
200612
471089
525619
957415
734831
300062
732940
155453
704197
80425
588187
316713
984574
583791
190844
105953
47171
276102
265998
26229
908564
822463
125318
956889
650165
685450
130800
138849
365110
866425
747268
893644
547614
817821
682913
114743
634099
459084
724393
82034
983465
141508
465912
785904
360613
767210
567361
423192
463020
697323
76743
335928
447724
445892
251574
976601
57703
16540
852060
714349
623672
305422
874951
676133
881860
909765
133179
356447
110270
659713
844624
55997
330902
91318
597158
297425
458047
634579
936582
689396
498971
950752
639127
112118
243846
987392
117562
978927
204412
977238
105026
357812
657960
584964
965203
377190
168522
969231
914262
404900
704451
89694
960150
433568
472000
806049
187386
219343
671169
187855
377375
870010
41029
653703
241169
263154
405844
755352
939111
470368
29992
793628
559416
45882
83513
655679
828989
323922
47204
965406
945413
72521
711159
598346
648591
606560
977819
161515
373255
8303
417439
705409
488864
475118
747805
925062
797450
584624
849483
904816
352209
543664
599776
927442
834898
953028
984032
480866
396890
85678
374214
883541
769820
749010
790542
542758
816719
308289
197276
339446
827746
142323
268172
441422
107933
140756
16983
519168
21205
217333
718046
613547
905099
974179
775318
141212
813731
30677
484753
214610
595516
292478
594277
381018
104624
10819
145851
467545
374697
197511
457782
701416
284638
585505
789053
332633
70889
250735
37671
570328
660359
588996
461186
119149
869931
177788
377088
34654
750591
178481
488319
3442
204408
234054
330675
899152
234580
134304
877171
680069
198899
109365
785500
357732
116623
781180
832294
264967
793818
882948
481153
794804
193395
836193
157163
849628
370500
288449
999313
565181
12603
462108
700511
506214
206306
883210
804838
129178
893085
960046
900393
659214
347136
231504
24772
558669
29002
464393
891450
445628
217218
312535
891994
852471
556461
30160
107724
447705
444009
901044
251517
876123
387626
119387
73189
553876
248718
667085
859889
835870
823326
882864
460690
810585
817187
979932
477154
976905
774307
264459
907886
106139
216503
3052
70372
904325
264906
497302
643674
823178
255408
868506
233976
821661
317088
514865
635204
43805
17104
662740
977160
133439
924907
487339
727586
604298
753970
152861
292456
328635
433452
479686
819765
605192
442187
474630
285589
140354
180509
427190
555913
713491
311147
927734
988919
668647
984498
333666
871345
359592
203003
540643
733152
53665
982489
563745
82637
124612
134591
431446
641035
656966
652411
158526
850117
149864
331603
758251
866336
856081
91387
575285
417036
141527
956335
798030
505772
978781
459315
821875
776672
188886
965541
965182
380267
115368
627068
834904
841542
773227
352991
27725
441856
215632
641636
418296
668240
982047
910051
145245
236601
917720
970295
253141
12056
447035
642385
591972
349325
282148
114744
782566
73348
252238
438817
710376
835295
186104
781158
710612
250626
129700
347878
261188
322746
884156
186
488567
257482
281360
18191
137377
197524
906810
12901
798876
463457
247971
157923
731517
874637
832990
35476
971202
168274
880945
732674
748967
660847
377909
238509
40407
917748
900115
564840
315263
881709
666990
753553
992127
623657
304351
877931
110394
752997
686171
903514
80397
792410
393714
983034
176540
835936
156848
510044
828424
109693
734822
946653
56701
683471
555395
989349
508391
550289
375707
43513
340676
984205
305866
314302
565077
791582
469106
731723
178158
697569
965471
279017
249965
879992
364556
802986
642247
876602
745343
571618
259390
382715
107343
742727
389998
957555
74118
967585
510023
62157
175969
822573
738709
328782
910708
205460
100027
478752
578026
75075
802943
617275
451626
67431
113278
446319
310230
981766
129024
249615
25965
950461
972518
252861
534224
414866
229760
365903
614946
608949
736379
438811
469000
855320
307704
761253
703760
477799
295735
802401
953325
125990
606322
332646
449760
861159
848006
44146
305779
162404
473868
353684
381408
9406
995591
785018
440334
517395
796661
598807
150587
282038
527816
618480
345525
922958
249327
144644
364034
151500
509709
467478
292447
371274
409867
107480
467237
713917
107913
4982
860936
56023
181551
212412
574714
927484
431138
57572
991917
408414
650835
286144
73525
144759
680369
582336
219211
927650
161982
43105
870510
737239
721023
471667
370787
866113
927373
332484
464478
586814
221705
268846
195897
96050
728301
572922
674913
95496
29437
568304
248784
482823
428444
507965
390708
324620
956154
879103
544175
699626
671979
92399
978360
167194
894227
487531
464350
479713
334078
40095
879917
570941
130316
879119
156137
444683
276041
45636
904823
112568
746075
671953
743835
255009
548180
392705
694108
909962
399336
874976
846212
798520
600888
439074
775684
583468
518860
81843
685108
25020
291168
377819
948919
791823
935253
230221
540797
315444
761032
314446
923938
576415
182528
373053
460659
582082
185473
642947
616273
912197
35965
85143
652975
632545
509034
62446
291510
791134
837487
710142
970887
334503
43512
265582
764128
672135
734441
980380
357528
582594
909422
969802
517124
892818
684273
52325
369276
351229
183909
665140
61752
522639
313984
550746
286931
186361
455045
99847
217010
117766
412863
966721
20670
154614
809161
756875
597068
229113
36426
298991
203486
902857
659903
797741
430979
878820
132593
130112
131033
242213
168965
110537
923507
758590
894386
911899
459157
164885
164237
505634
96220
3000
481728
609840
884411
502653
823833
420390
510240
893754
494782
713659
474676
895069
415167
757228
903426
548650
877572
48896
459759
437648
664357
503735
156967
953062
215256
428046
791321
33223
765893
876978
760792
543622
869750
38591
465570
875024
709866
392755
681406
815645
122761
808179
185086
897554
831281
962490
857316
13495
619502
323674
782881
859344
828937
831472
240952
666458
472375
276137
171202
603363
70194
384490
717898
88838
856614
767009
161816
885187
369345
647974
83787
558775
926253
454797
679583
397884
403162
222858
369039
47647
627700
329665
878932
65018
876084
604586
447179
343790
692819
312478
421940
33343
897688
516800
134999
856460
700370
447946
549249
785705
881570
192691
296684
446491
566064
577274
374844
974959
555262
685714
219366
481079
456793
641514
847723
958498
917419
494680
209218
524663
905006
981601
902932
275054
268539
929959
424929
246443
366657
574064
73984
354584
277521
674383
221059
232029
758613
735665
975801
299007
913889
36934
850124
513106
836897
724297
605963
160284
70770
993006
136515
217032
336334
401384
391750
32644
938655
529044
427853
560887
597044
950597
787257
731106
351377
817260
925557
450898
836768
921764
622008
774719
379078
771736
304999
499653
93969
496146
748247
871484
476109
447840
62448
274678
158198
333541
897709
587796
148423
269049
546367
290565
665905
459710
702354
165021
381735
754752
397479
718
81814
496392
124000
307717
600114
23038
478042
661603
391212
922552
319028
718230
92096
705827
966383
69268
356714
559308
789166
717364
587512
573516
157340
69544
927355
178382
547884
519003
438935
804158
907835
50083
52026
984528
613203
485219
381417
976554
58889
652288
337142
867823
15366
736638
982350
328041
733538
617078
601775
526034
754348
928822
801206
988800
460550
516469
567062
722474
208301
880689
503973
974363
765015
593127
394960
528625
151029
10862
524783
778002
687576
144177
480115
43629
882416
142023
669756
599336
337903
385841
660040
915307
206731
755375
198341
586888
858787
776639
562375
878918
142521
895283
108116
562889
264286
234990
976477
487199
333291
200891
889416
190569
257003
274697
653160
632932
727126
918535
111310
759571
928376
236120
969785
481995
942193
983347
49832
473051
585429
48859
592592
13141
908019
593269
13034
420605
895091
884619
42532
436878
500953
956508
215351
580963
457702
627613
205272
109129
737245
160336
355464
642590
272547
428352
145222
847525
240703
324758
990693
492970
281730
616859
412280
379084
564928
520459
313513
305772
391356
900498
312169
221617
168226
895718
903041
204789
535661
426368
664775
665167
269481
200504
107437
275453
103698
797116
159028
531374
252508
989484
545342
724586
141708
578070
658368
491871
414531
461257
900822
840329
457819
790872
939760
372668
736874
157549
654442
853201
227044
942855
641978
321515
679453
426065
591490
630693
825451
507424
3398
387738
828842
898825
836279
554960
752025
429789
414638
566593
388833
718979
577588
719048
724918
399600
990206
124773
976918
555077
70262
733485
389615
52740
712948
807633
582429
462512
288459
691656
701393
880129
931200
443932
571725
151489
54422
992782
303243
418118
882949
954343
970750
734668
16969
455517
190384
515694
783382
254046
564618
564353
592360
325371
876466
973518
157049
827956
443278
175273
2956
703580
787880
995570
339175
947753
942762
98280
210909
729434
659592
227941
459017
644357
118204
164858
209815
217468
595053
33895
235196
61147
615785
243895
435014
340465
975633
149110
61133
846665
695316
229968
773129
803156
384531
719176
485949
914676
525604
218257
232338
788519
218355
919309
463998
828814
751554
650655
886947
395161
867152
120687
67892
208850
694616
310202
279570
722818
353648
415314
244789
740612
221074
116793
77381
219364
293304
923542
630089
433074
798368
701714
755702
440297
45999
819346
600745
853879
892082
889169
462129
775465
115263
800536
533315
574069
236090
176541
88784
752611
303348
697334
683060
258456
198445
929912
47173
983616
529850
877744
355788
338455
608770
187453
266768
286357
967458
915273
294797
11380
553136
69218
302980
318175
42589
612985
489068
568760
607412
311285
70086
674630
979263
504501
652110
609594
504968
316641
747853
80348
843453
185963
704140
260183
224621
239592
421795
60125
866735
399173
596527
455096
609377
256551
620705
988975
942606
657251
987635
442577
452201
912343
242166
495265
747958
55203
372360
761181
938440
796103
80033
205037
238309
344283
786380
4517
505285
527717
810802
81271
842553
262938
549777
88504
738793
143348
753164
972621
665078
256748
734749
54386
706430
384789
830374
657126
264317
35477
407268
250487
897552
280384
330756
897253
688918
395858
908368
244726
132143
262921
838786
458646
255206
848733
539897
158888
859179
198173
386889
713837
228857
11112
60717
141903
446166
683652
552856
13003
146425
667678
592297
417914
395205
899742
665340
830202
536692
818726
373276
161981
476367
239080
950359
881710
497625
580449
140971
528571
219148
245622
335964
240323
659771
370025
662887
994782
341654
41656
349968
677443
474508
282002
170456
959130
179019
677495
883467
475295
498915
864811
246453
811567
140168
162710
168564
291315
141302
585275
73257
463206
336431
897363
678088
705924
704224
725381
89999
240273
943201
431301
971732
46850
437531
230790
908983
512332
53701
247325
148662
374152
679047
98868
184030
956224
455487
751591
362655
975449
453601
594366
947257
515420
721529
896520
447507
823458
767884
927120
285098
868828
155164
379199
492198
893437
222091
822030
553416
48260
826967
132837
367552
818345
549124
133909
419932
624803
270615
794927
280986
191508
159102
635519
732446
794707
965005
346152
783231
681235
501155
866461
386683
52148
476331
743673
812683
947814
499902
111996
648338
778998
490022
553187
607919
587511
606462
206819
136753
687118
661557
760257
960042
631769
88689
521297
45340
947132
930255
916489
954256
30986
871369
515520
235590
619405
395697
132041
830279
653555
739354
684390
244566
836821
923478
692843
715589
291428
165977
310193
158563
88690
898620
361907
284115
899035
589022
194568
515064
37646
22501
256381
454540
181499
267298
452558
492944
776859
169106
281153
856862
377687
632001
772256
973018
53590
66762
595537
872007
959782
892217
902739
864053
585350
468561
930903
921112
407245
368809
771385
197173
593147
497841
579737
556725
272475
90386
843611
529244
551057
71411
724791
605267
793158
277721
915453
521377
961132
351334
907881
867000
915760
172674
790366
519724
752188
123031
459011
474431
710502
523702
506679
868759
999096
685015
325362
255761
277980
378301
491513
408174
442724
742072
875261
262443
782644
517508
928209
379311
310413
211855
828934
377630
995446
74200
618534
382475
328840
211507
895177
10954
289751
30697
973654
371810
187704
508860
540826
253025
70004
366152
824958
190602
385992
875460
228328
5866
416213
541288
467633
150025
40618
926569
974846
445883
305772
493536
855421
509654
2656
942408
148798
674302
767893
970214
616939
550427
614257
762947
405158
912108
244310
276245
405886
235189
754800
4604
694925
763540
450333
94312
748784
999538
21754
921175
834980
413396
8135
309180
680697
149201
946422
379643
214582
354078
647957
119569
3082
974661
975956
200273
279338
542517
359221
300233
860555
851890
321809
695043
23486
482669
515201
474919
56931
155950
345263
950974
626763
87725
607865
890897
103470
59265
244926
465456
167749
858608
832521
855886
542918
389029
251608
954890
575482
916671
583880
424264
394364
82885
264478
701310
701904
354488
208948
163595
275549
775361
420862
230145
807432
816586
720312
479747
83951
22377
174190
680586
699071
78262
247975
397698
296819
13053
32879
650769
186537
467663
144960
479223
213986
640179
992844
762448
80918
769786
912874
792439
276914
981680
621402
504709
49904
440814
826422
442103
367952
387213
820472
312493
938488
266741
315426
355983
284517
370259
143694
972426
538445
171241
830034
419512
533267
519679
89871
647582
460774
877751
611671
66062
812087
600126
668536
490861
228373
442719
668457
8655
906854
575985
101008
877246
531140
247537
911982
656602
492273
681770
485800
824666
817273
690320
93171
539504
453731
902765
655258
389579
882963
359155
205743
637366
198079
966511
566412
289694
417100
653023
438981
822001
859588
331994
477356
18657
354806
771053
244095
157703
188395
657543
335986
986789
884224
269130
380693
656900
428837
152577
696419
350524
852528
319217
57446
516498
635231
299400
341577
618235
513385
55090
126332
805695
278207
801995
783038
175545
424356
280559
211274
318395
66918
819500
640544
421326
267512
275417
510126
331862
700973
966976
406555
926228
347219
329398
414961
787526
740010
795212
847269
147689
193855
664094
915011
136223
342762
907784
63930
726251
601120
279737
132802
464280
732342
902175
990309
946425
325747
426882
138481
700236
158672
338797
424505
500792
691790
170630
135490
472758
158964
318911
308497
76236
76708
85221
317391
340211
181657
101654
114710
835866
456576
207184
997530
38851
332655
621732
462135
209932
69958
927305
61714
662664
748321
91020
177903
171020
170103
111013
671631
573958
12562
203173
866116
678214
282667
950604
203731
494561
502945
829304
609795
846122
261078
330743
142088
98913
696934
555197
591879
863592
157125
541617
407302
204144
469620
637474
77298
688179
149536
48471
487883
875674
871127
94083
541552
349502
136487
780567
465411
231691
33109
860274
217784
269889
904887
214196
804991
632340
137583
388080
893708
169780
411524
162431
592575
167591
565790
932913
179125
620561
361438
540703
674922
409110
978904
166940
69705
498454
201774
43722
962003
37015
381258
907592
441191
491841
264375
171081
723635
767042
626333
370304
896440
808337
713815
315511
888755
92432
108211
99583
26669
733387
144837
216450
444961
645406
690088
61556
701573
318578
554450
706792
297783
678567
292563
631295
505093
426574
467818
741819
90841
769549
700292
526066
177151
501478
738066
189405
103573
441809
161349
275856
632846
654917
878889
270276
537442
833110
473115
416592
358678
86648
422249
499639
234915
248993
98180
283994
905670
399245
286244
739726
488867
836699
258105
522952
460887
969621
670985
87669
385945
607373
309418
559590
771787
694498
476702
11625
146083
646818
741382
90675
691824
793481
415685
153657
936076
790632
816050
903837
393181
598113
260345
287621
346503
742350
602511
7560
848434
90818
746383
339842
214643
41063
345078
755335
961305
979526
453431
726324
83287
398246
186812
335393
204233
816523
739515
773618
458212
729184
350064
51405
262015
586095
17852
906982
144696
858956
307610
404149
364932
456530
696442
216777
927255
811653
738108
699895
172396
293399
506698
76010
851442
558470
939858
851294
17363
761570
512031
346408
43041
210604
692947
643053
591519
547738
294275
663091
759722
419704
816175
179796
800067
680040
181724
272014
498553
870026
847888
842680
778679
585206
383850
744592
402536
908006
363163
181295
831938
58865
483077
801437
462454
311986
972782
779137
695795
497095
725857
231921
620305
155509
541537
801512
385441
519465
458123
203861
310094
961242
334087
502544
716527
311242
548970
73575
353709
965354
991788
19799
564364
662941
343553
626198
971351
704725
856085
217741
524268
671962
247785
121124
420513
237993
470597
898229
116370
171641
637017
78114
169225
23320
343860
764930
336072
448244
718496
140662
374773
559734
623448
310170
596579
957769
564454
197015
635513
577209
278173
875990
369345
503478
297328
910863
679311
80951
369518
663807
74379
125883
116955
202296
417438
101994
446316
637266
593717
273051
229278
663679
97077
67823
235187
356029
734011
314714
729290
501412
234190
107906
144538
296991
459428
288447
687627
387127
757774
931459
72304
112075
812352
508755
124901
229724
640961
333939
794434
811973
288363
264928
726201
766024
547168
474551
853842
622786
809673
274035
428735
641089
668556
165268
228702
856940
793610
757146
606540
342048
402833
286768
692192
925724
674981
472358
527115
496850
52454
282455
485194
171358
188190
970538
198597
378130
748969
483443
867400
134768
447297
26361
66907
890033
846758
558035
171903
388802
57958
23723
547784
430222
101518
715300
595794
738998
894445
688088
553377
8670
474945
472442
728921
481889
331969
344411
336214
238820
301702
516424
741097
497160
470615
903248
877040
722553
74832
545058
64785
964387
70893
883029
687251
848645
994424
823554
169240
981534
876109
302156
470715
755523
996871
892288
249538
666834
410249
502999
750336
16321
126315
665048
625354
513552
53438
200410
750675
43613
538686
281064
163623
576662
375571
940989
675264
301576
181444
823342
445193
574230
906617
512935
588716
677958
196650
335309
363226
980854
713514
601411
416343
741740
89546
629320
531966
526410
352363
977342
276249
68960
612068
652742
770325
660316
975820
640454
455781
854428
488612
597772
907382
866148
19300
610060
181642
250411
554720
100549
837044
115792
382231
25602
210350
165994
476376
575229
689562
222333
560146
771358
623892
596872
870070
534433
83440
832699
88267
604245
534229
261893
110862
432960
770485
325324
249283
700768
356584
72694
500508
787852
73124
692068
740229
256313
889307
43647
274698
430809
663537
225642
892646
189918
90585
60503
994025
852381
892811
22069
38020
390029
141475
512135
330356
248494
404825
405200
627657
767174
223961
818667
966994
517702
294847
844791
60775
499404
845041
307503
210259
715394
557144
673111
832924
482787
655035
586322
702064
617630
147130
881617
235949
496979
944549
198054
78028
944570
170999
263094
918187
476195
563122
160013
292791
827096
320216
966540
899635
20638
785411
555645
659239
676570
428002
995271
570535
25169
414928
153277
185534
316552
332434
492688
815864
915082
653485
71909
890825
829640
13794
170625
322013
934874
822984
825185
50045
793956
173700
708391
697307
763220
58598
658158
376506
91143
851171
326014
18108
617163
197419
339803
54729
655551
788903
902840
255194
311767
109521
41481
6495
615676
302511
129014
630547
485776
519661
822763
154458
582863
867030
170316
628115
604369
100719
61830
552448
242988
246704
504321
88527
923126
666463
236977
823173
761511
354955
502156
720966
244829
334819
218774
690563
977594
626801
856216
124352
513192
550902
963503
966529
572157
985762
186304
685776
960057
428464
51017
652782
597612
321052
155219
516692
531125
890818
269636
319460
252773
884245
103568
431985
627137
63544
508368
635431
680294
257148
397163
273049
969287
907511
95856
158565
804243
412093
380614
335942
545138
173310
826
554230
784429
109436
10040
974590
766765
925222
863509
670363
85979
606294
475913
131855
635879
620004
248314
238849
335268
430053
524083
148497
714833
268868
927603
121981
795251
984250
867810
248617
383517
258861
939295
110350
595858
910051
724148
698242
94401
48481
954923
309599
51438
425444
97338
192659
422642
474363
743513
340036
659417
494079
956149
286173
579881
544496
789885
558586
988034
95918
658521
754156
71841
185169
552826
398761
424958
655717
966668
473363
756374
367557
797448
910691
331779
965330
197927
313138
202630
981905
113265
482340
396135
331551
205683
96305
304435
685265
405583
644881
499109
912108
258030
59012
711455
325373
566032
914875
589079
111959
393219
551142
515983
496807
192882
861851
709116
584373
767957
298464
595656
316217
769670
437333
222259
993944
243700
370369
748116
538746
985648
863991
672446
394248
421541
734116
159294
829319
81188
447032
739200
741452
570525
439087
638481
315803
953771
312123
548095
718560
626438
434512
124252
265801
373724
869899
800930
841854
406457
206528
430768
6910
42338
508702
312754
523479
585922
217729
496096
137602
775740
865429
89885
649624
169567
203745
8511
155125
372023
563319
649454
580776
4352
427383
152869
930260
905910
330171
336662
284198
55944
612194
727594
666226
366890
237692
823718
816813
556234
401615
617321
102593
994010
788676
153170
360145
110604
1329
387454
28041
271900
713092
559342
703776
900743
133640
16904
541549
534617
673879
341748
923875
932324
41885
591463
206443
240460
786500
443964
525148
286976
551809
721278
556378
311427
837115
489282
638856
558504
800083
388977
519083
232604
512980
749156
970524
175517
77817
887144
988585
442441
522133
290401
498890
391121
997731
798922
331771
423948
895210
871642
91450
467176
247309
403586
165535
927547
509037
216019
16787
288183
134331
110845
391470
846204
26653
603955
291953
480520
826044
464298
630429
639626
600552
33279
99118
168852
663401
272440
513463
766638
129251
52130
388891
585734
365924
67098
183781
498886
61902
731176
74181
867646
762844
452230
113064
530688
470418
412222
353842
90827
859525
23409
231067
349855
19716
616116
662179
164207
182434
926356
204787
626421
211233
870714
121042
996831
924541
454506
909696
865959
532818
644581
260083
825600
646314
21871
486699
25516
919335
229611
625588
410795
558857
484578
117368
415885
500381
858722
908478
682281
192003
556355
325635
392486
82394
426629
67443
785718
515594
110869
205828
220131
796717
374126
120112
636673
443611
346204
682701
958659
228304
998748
307274
896682
269948
55584
687560
728472
605416
854447
359122
694339
295424
801704
856699
852293
893313
212070
909459
183632
81599
288959
559365
582910
116627
467751
863568
11334
425249
119282
22944
899915
589826
771959
505928
686734
964434
966224
783135
191492
269335
615549
891124
658755
691980
118312
539759
693717
920458
519747
515973
946607
867666
431693
204183
855868
927865
589428
953192
199634
644016
719957
389113
165574
568367
608287
415491
680539
112510
519829
738320
677653
981728
769842
859127
193964
65628
791846
785650
753372
797545
108223
260317
472729
548533
31971
497038
19488
499858
296505
648715
50601
235390
352616
193196
76665
189645
540727
307726
776787
470389
844052
227569
134862
170166
403248
270767
377986
958052
543431
688346
432796
705426
546749
182576
595857
664413
69604
126205
549807
348242
899291
311438
503695
975101
324368
775949
903143
924751
283173
428734
43964
80170
253168
561685
36020
269709
855517
44913
998089
204375
142703
697657
475290
844089
14115
928402
666844
296765
825653
123322
951277
557293
111996
858820
417673
770273
109296
883952
876117
827305
425804
124646
663897
413267
211534
109007
44875
57305
694556
709073
328902
755114
548033
463461
198042
863187
162516
787926
115005
758538
790201
805783
376606
270871
400385
463745
282458
120288
418349
156393
722504
500047
17360
36443
612015
464609
875858
903605
25303
960206
742032
277793
311612
338769
668577
756784
797471
156435
402740
642000
427896
884088
529301
424234
75398
257221
957262
789338
366534
511211
572650
174092
947586
763509
923285
974895
757632
604875
820383
542041
815707
439969
630431
668343
876080
281727
71732
660527
946351
500077
803431
492180
127697
137338
900076
773317
315304
929705
407367
599267
649234
518329
45964
903788
992839
703184
250623
315577
250002
383491
242777
234448
732381
121540
993132
552103
180388
750569
828766
222582
78604
653333
895313
414391
518732
254213
453923
540221
550217
572217
819985
354542
123136
169276
16246
351839
690717
706194
967026
590346
611816
606014
451045
46062
936095
997933
735003
939460
797086
151682
273154
960345
416827
237503
671254
30925
144174
415885
187869
34726
224493
85928
771086
604049
77591
851753
315277
547767
209158
72689
135569
664312
347399
329583
216679
391175
978598
576207
772495
618658
13090
436928
544260
376684
622079
27999
811418
406120
915771
825477
804159
689748
242456
711786
164131
492384
105176
867380
871028
704522
96839
682144
729218
494807
578482
67339
88706
233903
245045
353758
566830
844502
559922
632020
847497
614723
898974
721258
267777
74847
305589
233826
481517
41499
73934
503283
780277
61422
671049
373520
900944
806698
367204
940051
708264
90298
809133
590790
377755
959610
576338
915790
414107
913715
294100
623797
48885
902065
428698
951058
524655
396547
956066
64919
605578
865679
492370
193207
554534
989327
823468
644210
245125
728300
395808
73854
644711
985909
750972
293972
133717
953148
172927
297684
659322
892045
569483
850069
698667
453964
969912
263373
185928
74794
221253
392282
945594
793284
79785
745259
868764
835864
467208
784461
450422
458340
13057
62102
478820
402525
81316
606504
989653
527625
907457
935842
732719
391545
814491
117545
545936
649575
238524
406030
270960
453352
126370
416925
437474
82445
200791
881409
381305
627036
941662
959895
830919
692454
188233
396493
502465
471557
941480
713718
770366
782004
239004
399790
881118
303371
866697
355045
162183
314325
455337
125961
320843
10447
840318
992468
249574
517056
292511
294127
128163
913328
932916
818114
475549
630470
294461
58905
827491
659649
851660
96756
32629
972755
19795
327211
950507
227925
675800
527484
153973
144555
607173
150451
278781
178614
435675
521012
101993
297903
754375
801640
807996
749030
337677
39874
617628
590936
899553
847661
211694
677286
816916
379732
919133
879736
517995
427661
183738
860525
535052
485155
321022
820029
424914
290430
533610
330030
259776
896177
221455
27888
441233
188064
789610
112469
461165
180108
984231
380655
334008
304317
304390
136392
849733
160395
395035
457208
849320
885448
749359
943591
779177
875661
919748
160608
656789
695072
835574
22029
560558
882303
647805
402325
919874
953867
205135
181903
519705
991572
23843
448481
39624
506045
151503
757241
650978
49740
896338
740711
944846
216721
154734
756118
559796
671023
970350
68902
411409
163020
956998
989863
207147
24465
208791
248051
747102
882014
27345
183144
189844
71054
564787
245056
956883
622049
832814
644496
354608
695116
131943
359194
91169
9370
873948
267790
538288
593917
54878
740
894156
153973
578044
399631
796026
929244
715648
947486
27560
350923
872915
27444
815010
20909
900987
530338
464030
623006
195205
276062
234545
946879
75518
335715
6756
313369
507163
150500
623458
675435
256952
672557
147912
955026
466429
266713
106655
658067
957789
146090
542182
77576
149560
873928
207751
384101
308513
141785
936684
885351
750777
561081
638827
688408
463866
75158
294429
619585
23952
552619
659340
359148
559777
296599
736202
383828
914926
199769
106206
425899
336529
295723
574618
542024
183846
809336
593160
709036
924038
422906
408195
432239
252719
512628
787809
678860
387007
542409
757070
168901
505375
730680
674164
540468
320381
151157
12438
195568
374705
859301
336444
961560
330625
612213
857353
391103
209216
674326
147880
806132
635857
563417
850533
3948
272521
505892
799640
477519
679090
725647
311483
366172
617196
443806
79453
315833
816623
547802
586288
92187
26347
127310
267964
173390
84496
188955
183094
7201
47274
105209
229355
3378
304099
985290
974167
346706
134828
249180
710611
126164
106679
610236
830890
491767
65500
623793
430284
569069
739611
231772
572379
369991
932225
540586
552931
443840
344611
688243
717607
441763
387655
173170
135254
371609
960803
771233
615773
781907
722813
176881
977494
716816
972337
699363
200029
387147
38161
938758
4867
751237
922406
113933
68828
718570
28437
984140
663411
745763
551261
90511
912414
808183
891965
853399
69484
785246
920947
622706
390202
993764
739294
267830
203685
717495
613701
816346
651737
634253
439408
599728
723272
112116
366964
17667
770935
109047
861645
66505
689842
871274
664035
86725
537184
228755
379951
59004
638385
887349
775223
278609
152307
130042
289333
605759
830980
830524
605270
68147
446946
676208
528478
413636
623839
994351
56424
626512
880112
866338
714507
304244
198052
998666
273497
979623
508209
822762
323393
275892
102569
537297
875540
528914
304781
572168
787748
914209
826232
510740
51913
123267
705340
301032
704189
275477
776842
193706
581991
28489
664330
732640
698037
988321
991691
888247
381154
711754
189396
928496
3991
671251
609881
613735
604142
238024
46665
116545
998801
382575
78916
918130
970625
938270
161194
132073
275379
841463
821263
800216
555156
108354
830155
860195
494189
826981
286061
416228
949282
16834
5711
653849
331797
959597
667652
751083
782632
283209
271662
210780
171871
401214
760877
210252
764003
642072
553522
95911
24418
608639
775281
621806
834516
144079
931829
533665
967257
335892
336397
188486
733502
501667
78180
660825
393055
840535
661486
980368
250150
698983
54271
568394
760241
653089
749814
785427
912786
90885
457750
733462
560368
110080
698805
605152
988874
676420
271820
919885
909148
906688
92015
8721
172634
47617
655000
474853
723993
390309
998876
270923
97805
703863
236671
551040
915757
49068
178467
571390
145651
580921
235355
37611
497919
261839
884445
355361
673051
837428
256662
612635
235225
688191
10584
459192
724825
77232
15151
897199
797671
181674
946513
525456
72257
769550
21683
765683
533878
536116
916728
624447
213609
9736
908676
715801
7733
531135
64047
620198
76459
468405
597078
73983
215926
211429
708939
335857
326368
42308
266220
360429
589613
4730
27025
443282
668261
252350
862687
363861
911087
814540
310265
94219
403289
900998
670039
848339
643508
419813
594606
840419
513308
343962
708687
485101
191638
631109
675916
163373
35154
907920
276
34130
3663
61354
44000
836934
939422
67036
130694
268508
116222
379081
237611
917142
556710
426950
283350
102479
56802
318100
143391
795467
405717
505654
826182
428249
290653
907123
207264
597219
58451
308842
425707
324626
958385
851789
248195
300576
801679
726716
241902
422971
974150
370942
972817
653523
666421
457822
734470
178689
439522
928352
450565
151763
924792
283486
834430
43640
826606
20740
500681
356613
350857
701924
873461
608609
523000
247415
615677
331795
767581
654065
496985
294
148907
949888
882928
726327
206058
478112
126890
41627
435927
386141
845732
688111
155433
943335
296701
403005
888303
614475
521997
77255
531157
190868
648438
844404
40902
804733
783506
386964
591531
276817
413580
765522
420945
346465
414666
32437
938152
13474
891592
187090
200551
238753
685376
5458
206541
989539
232517
5212
288899
732061
417008
211231
49246
314252
869745
482557
622848
651058
31943
808215
796766
780143
737802
202033
63836
467000
399589
890242
424659
506230
791266
177307
441973
121021
249886
233905
590216
126119
608987
841417
256526
851277
243508
330367
24774
571361
205163
188658
660426
676843
473246
683983
695065
388574
883545
405369
866031
629654
132101
777938
14737
119729
107901
473833
194277
386695
208641
773120
833789
840455
3
164024
869812
180399
314399
476763
852209
878567
980008
414534
774601
168891
287006
64817
739137
526836
796091
257437
833840
984081
831340
571672
182403
540391
788253
728112
25307
888082
544685
742578
975313
612887
507969
857885
234841
182104
762868
400424
26692
279858
631148
232621
653727
11831
194760
243569
916793
222787
916469
335504
990402
414973
392288
927242
145231
290348
641862
500452
390843
227571
949351
687228
808231
879595
918808
933549
988769
779227
235000
876762
703586
6166
731642
502363
490161
650610
883042
710978
896038
291168
766347
3465
757769
678253
873572
227033
898329
808852
46011
502073
974632
59325
839985
58385
878691
6934
537742
720858
61232
918797
353517
362149
511536
886951
778776
463300
659172
555840
214766
790105
277356
275807
699073
434105
663913
151989
888956
670524
660164
724147
735937
167459
305160
59077
618705
48167
879211
953646
741989
988378
82538
752513
276249
278396
99218
626937
905544
947613
545498
548278
970803
462505
80557
205332
525978
231893
403911
558314
735533
897317
504757
443164
520220
815191
678398
780574
332235
715503
278624
173445
279649
508448
729523
142795
25728
151636
837483
304287
519055
84761
193977
240615
765426
709736
822480
976531
988699
823250
905925
979935
941946
302793
536527
702757
695888
40968
422702
663772
311137
269472
668521
9265
703752
999008
718191
334336
946212
798369
353311
381103
927792
723691
976995
142183
8305
759175
894647
329200
655816
225315
620552
396712
4263
853595
284215
700384
225184
280874
502396
158612
373657
324076
123944
876932
199644
249423
86850
983923
350091
914966
251859
353595
666865
281737
700478
913675
105779
779773
400967
121599
501989
902331
331316
353306
927417
628432
121104
22819
775570
672241
914444
706201
976246
277640
84353
973203
384034
499167
256849
774009
389816
747048
88555
365529
942932
212966
112236
866535
643260
834940
458915
877268
460469
65936
802989
728649
281330
760604
257151
88896
521384
921233
456514
966399
863293
598248
765209
740531
79134
771590
867454
449957
570160
129610
529290
624859
326174
550391
430611
612365
355985
965241
313583
181506
756222
514006
787543
185543
768281
203954
469992
684620
579815
533438
739075
968219
794353
331903
187923
372534
574804
460534
806574
891979
2357
541618
277013
169174
947475
34926
791830
858900
564533
11879
464273
185695
114306
913407
31447
107627
337647
965959
793389
201627
953810
181997
183345
924865
90710
385921
675028
559857
251336
68261
597381
578048
716813
145809
251823
336222
73462
736449
168600
937741
849644
955516
734762
59389
781574
752128
26127
798214
491769
451663
428213
582465
109295
209808
99761
487939
422960
682212
931008
374839
370109
352838
497128
245015
364860
810270
988412
844871
23245
392418
174719
478670
773562
61289
610848
66610
874573
539086
243428
231918
975676
438269
192610
34642
830400
883741
399463
182648
868868
987674
653754
134942
126776
470222
370105
809893
430020
566155
188898
384933
593818
75079
406318
233962
742564
604581
685079
557200
155229
320476
695995
322870
141564
160582
96600
418786
937930
397383
804535
667697
114133
614488
215334
732025
290557
911343
272797
940285
181163
79885
656515
784716
310818
739747
218184
180086
46829
272162
885106
98732
550968
862046
531702
7347
860667
412638
70332
758405
704081
913218
174918
405124
603303
379281
840681
744155
753231
786719
460345
15796
815028
77847
835651
400015
122536
519915
324147
122245
492441
758549
711126
941722
37219
664264
240442
810296
462719
374648
685938
136334
581336
484163
981238
24005
186430
850426
888295
45978
631540
553232
425327
156828
340644
720158
118279
368260
468338
354385
643218
707116
530861
488689
805991
756206
911522
225166
58476
480986
255499
907081
163869
647379
758437
981820
149036
963270
232223
854215
112515
234312
181166
604792
906917
677068
38653
25046
952946
182205
790338
8394
191817
873022
307564
986795
534408
668924
364600
5285
534190
439596
588323
602757
791074
123174
350650
838691
728781
553694
851405
367276
576865
454203
329538
821514
546813
54293
662533
725939
589353
612432
903133
746891
803516
224656
946522
502327
927517
441047
410347
705663
127910
64002
11980
724319
74596
109469
64284
993322
453627
280862
488460
20700
901799
269125
85619
270202
352029
455693
894591
48360
527375
949391
323143
565319
58383
812532
884667
634952
54795
142741
661821
764306
103926
401969
498953
481484
470536
870346
979150
936839
24859
872860
558177
88523
392438
153659
19463
92285
418919
134344
831280
533994
445065
594255
456003
974450
327270
836993
376788
314771
310389
321097
400755
649361
842116
723532
596574
193663
201265
939202
707158
60525
768722
248812
614095
604271
304501
677489
4288
961285
882305
347481
272347
849964
955003
485668
678167
310016
25701
371400
566760
265164
192192
246662
74832
854384
88947
335272
418447
243310
713412
918681
734262
104785
119042
194017
496346
380090
55621
311867
675491
760456
158542
374868
170116
514467
486792
809890
891013
276261
695280
879071
310971
271846
348176
620641
55770
690339
980902
496408
339873
914635
740452
507235
720307
778341
471249
863247
913286
703008
123917
927405
701236
797241
60849
379086
300847
91267
677780
644957
903762
301718
98475
265754
371858
483606
213576
327983
792467
296031
589059
433264
596951
604810
358902
258292
818705
805855
764065
690506
133336
966487
826543
881626
541047
656140
881552
365914
481761
496767
497477
855529
805249
710662
206330
242188
108912
68304
431693
749250
806720
27030
268781
939205
171445
822432
910749
369824
535764
786033
432600
381671
110611
397329
785487
732440
146799
784629
91854
502989
173661
514316
272636
823642
615448
772200
683201
287625
859929
704327
283778
503919
436837
834110
916103
138346
899456
42113
755966
49914
675263
608977
768985
895354
589947
266946
371474
221242
282529
70312
557582
669369
47463
617310
184415
560964
958553
983282
780772
374373
852433
139888
484299
301514
103685
732746
643703
867444
611131
26209
760445
102040
691863
814834
941831
186518
743828
747040
638875
783827
590417
151129
627190
167157
518083
934120
280658
140602
113929
745687
761799
195190
903453
104127
952590
805927
677478
745774
749088
574390
297962
322803
908348
766221
711520
315464
521352
193039
337763
86109
467663
716472
824643
298557
448297
729427
627766
489119
476600
928658
376044
309644
151374
347917
518656
475367
433516
960410
497802
322654
233190
514757
827473
747180
35426
681772
960734
155528
695999
683130
780395
110253
65554
66046
347771
1159
58379
788327
445827
650935
488950
168030
988486
78723
99678
375808
361598
677277
610892
358454
879926
748238
29421
366835
816309
104959
490513
171338
313748
120228
347599
894762
832881
44806
644487
109879
795004
539371
253056
425029
850542
824099
307439
943731
354266
115954
957785
732386
605980
652309
553551
722513
757998
191667
815832
112023
370841
415073
728686
646524
313991
866130
46942
486899
170295
947673
555410
945208
99083
391453
679468
161602
278396
798872
83400
402341
140333
723787
677540
830920
592604
30338
686876
748734
494389
64895
955981
915458
698753
759942
152732
720340
280764
447685
678927
700970
20547
627037
564696
831893
454124
81617
223602
303922
888176
893514
621220
352969
403651
512708
162851
240453
532869
456345
580629
92240
662416
21352
637359
722954
875569
766306
337215
637479
341108
883184
668038
481315
302489
301572
72509
579298
869027
310267
171768
740967
659726
885548
156008
187761
29728
576400
641275
162669
320728
564238
262238
332892
962499
976801
105826
923587
96622
131496
246140
247881
161398
436554
218919
805872
678011
417987
923748
170099
529011
42768
600609
844216
522010
408435
348600
667569
545543
770019
888910
957205
5659
175124
313692
499831
275218
475998
548554
114112
633019
780364
538871
847181
473284
134788
157270
812327
266863
923662
840818
879195
230369
462082
573969
692598
703257
915219
50423
994463
957502
996914
24642
398737
406800
559968
591986
27443
782401
277779
138379
961749
593181
649412
516819
109513
913828
1235
883959
232604
660984
729304
703690
276720
303217
781831
502893
430263
241230
623935
253001
716686
898375
631151
608633
695091
740926
443045
569669
819173
610643
285941
628553
299607
551894
970754
223797
821776
110936
877356
831341
171874
568858
528598
582609
144388
378535
955922
475991
982607
297342
768364
225555
51282
152103
399440
859224
40914
522406
135192
978809
775457
222733
535030
723369
706009
468588
314107
507264
710261
501220
542082
130910
195917
988314
258811
167146
145133
257671
797655
556724
421456
951019
575821
582521
908350
232865
464264
206788
965055
993358
342445
460593
945851
684339
234508
515533
702000
924066
63202
913113
134158
73038
452360
619630
50418
165947
565565
882490
700413
626132
380939
698216
655825
928731
452184
793886
882023
694843
999115
769760
246224
662265
588120
518353
47174
711305
737002
986842
727086
97405
617516
443235
838701
743832
297652
253823
48356
862977
392205
402084
842825
386195
14496
559575
771811
264209
926654
723558
492130
430839
317773
945615
171416
569003
408396
574335
122200
755731
48580
320884
471530
675776
610189
597571
477096
564551
12090
698230
278648
342320
860770
782093
407205
284744
785612
357989
181724
860625
771062
610550
229057
381466
142850
727799
715436
527529
63230
715420
662468
611028
361230
664575
84981
471727
753144
442461
388305
721887
280460
904375
97345
47629
55534
155736
197030
610871
389441
367607
971408
82080
878898
78194
78233
651432
879326
235706
194015
611318
537121
91662
806237
735633
545596
701728
290726
907982
829218
349012
12797
334884
952799
478566
989139
101659
38
918634
456605
835875
946101
192559
507730
148929
867943
618877
749694
454628
929238
421566
903430
263638
120618
487417
484217
30286
247683
257209
761806
758754
729727
692364
47808
402201
887400
163111
162371
45663
405885
23079
834913
290321
456155
301234
826038
78776
377224
459644
223748
80787
207581
441318
939380
872589
216269
159744
640426
784910
298646
33263
17219
307630
540930
900842
273262
805379
833242
81374
965284
783643
778536
246962
138885
103621
54568
367397
630609
529418
120267
615890
263359
658234
84903
816853
813053
683552
241662
587784
949893
275287
408424
56295
514584
147510
904864
367890
698971
717478
60969
285360
133898
767637
294875
55279
611037
893251
125070
807146
173174
540282
149025
711460
144515
905498
982056
778609
631990
692754
724208
751028
127838
267691
74351
190403
262882
11582
232845
99431
284378
649478
680457
616191
828426
584080
390602
534403
931132
683791
827459
639078
875257
757580
390465
437781
222500
228090
489748
719645
496370
198375
591127
736809
88521
369551
708190
426792
664372
148235
807804
1997
397825
483815
190574
997936
886840
519569
282920
755410
873016
412076
1657
572990
468847
590660
263005
393866
977781
738717
42143
444541
107270
528996
69417
811274
859098
706311
174378
527355
294819
276064
190242
644649
626339
531212
101069
331751
612263
593114
72233
340991
489251
825695
935654
356372
240619
721255
245482
434535
636172
204422
762430
111541
459525
298764
264664
884988
794085
895254
866821
640350
560066
631873
963955
243423
30611
189114
466520
568649
999531
796721
360899
396015
147154
33004
26557
447566
663682
256504
395163
595727
399419
368122
764323
289640
877379
323555
931609
376611
479422
992706
713253
368375
225509
533363
916194
250386
881318
976245
845253
153656
724505
475418
40
190725
478170
668503
821874
364942
518407
5947
400037
364518
282775
197053
527428
905148
971221
743725
341791
602018
35256
123725
365309
448680
174753
969401
426788
936295
422385
266881
137607
295770
925380
595479
189901
691238
178637
938660
437562
330042
564302
500405
63804
944465
13941
472914
924756
623316
133326
95279
408351
430685
559273
85180
152640
212823
302793
835799
422508
257729
952070
917601
110802
576593
812160
701166
773669
293621
822016
799446
356295
266612
700972
265640
227028
643635
473575
890687
742343
152148
758467
234796
842509
16569
419684
147666
288164
560551
409458
747729
344176
652421
447354
528346
508826
352067
35426
530722
48357
987031
842631
301746
151567
348322
516597
543578
251808
610801
778946
48198
334674
177504
617991
114664
148956
796250
335932
928917
320989
614907
358191
719660
424290
53654
186017
694065
430676
525586
399613
582520
540225
622319
759798
781052
977541
98599
972667
529935
909908
563503
458202
133676
223143
442396
507822
961128
71169
561571
661894
302535
905885
538745
751444
683563
297526
480025
748495
210791
940786
48804
917350
726002
846316
158754
926304
665975
82845
941030
443541
26697
801702
544144
653314
896500
412092
137452
370061
335343
391984
283192
940438
443629
238682
450692
740598
809234
438113
262513
984727
468547
235242
924635
12080
213718
120411
663379
419163
233
573771
334597
375892
898446
694920
700665
413648
636068
229636
370165
852024
982785
249500
41343
373056
491531
291846
18879
966953
113830
60887
297859
73359
216903
203695
356189
741615
803559
879810
994151
781753
779668
685059
843111
335694
205154
361518
349965
181719
375742
624434
945305
789825
696482
775546
223833
815576
218596
846807
154128
88191
422570
169356
37363
767946
935608
932597
816140
620920
282090
554644
399234
581200
388285
300089
789488
27926
8007
883406
843889
173354
767495
216189
256829
129406
452247
184062
216812
787058
897854
679296
348186
501326
102306
714611
403876
899035
774106
153200
941902
884062
549026
972486
865478
915250
300264
11362
876931
481793
368067
5338
619848
15455
534467
253014
941893
190339
394211
731099
493596
102882
144027
123189
209537
