5755
38590
454475
479747
595798
989780
476206
816575
903318
177936
900277
917904
789242
113243
354490
438516
33023
850298
954176
722206
232822
197572
74296
218803
469091
501102
89136
895981
422328
941762
701593
238562
775145
415662
369395
622495
254060
481593
455767
406126
209487
550992
86881
209016
520949
373759
772344
651779
368430
595259
340411
498459
860786
589020
552777
633295
243898
889575
26221
484307
896316
852361
930660
995587
817473
841249
686989
886087
797796
91316
847981
941585
629417
397380
179227
633475
53559
819258
384718
965998
738867
483776
633665
71222
839355
313835
605632
22225
994492
824470
330195
258734
249777
825290
567556
61234
764728
797721
977421
110941
28818
45770
414883
317899
221303
280366
602649
171479
907220
401425
305907
682330
653603
610188
826248
905745
156260
335608
249490
974237
390077
178877
4118
379555
297963
489224
224170
415955
244580
720283
447592
212486
920587
443134
119086
556161
76431
253651
816270
181783
581665
166215
413913
973674
392144
993124
342275
926801
394754
86148
552371
46358
22225
902240
679274
853462
18111
337927
230605
1995
341144
141482
530384
299495
433315
219924
918529
488214
110916
216310
625326
695718
79857
193952
735093
913859
323151
53516
488294
549915
251944
614933
379734
826656
442443
893829
4867
150956
28481
103243
350623
861246
542695
618059
177723
857442
625389
532816
641105
887535
337066
289309
727406
407914
421593
389729
733114
610569
658228
647752
118885
197585
708011
769582
738480
987040
779201
317742
11733
842311
568516
110937
690581
345871
700839
175043
788572
582109
377789
42423
328146
591984
741716
824586
169024
327558
431020
160269
982429
92638
310099
234268
69749
624089
293790
534739
68277
976826
316485
454112
290005
830412
630748
66868
576354
437859
742954
728404
709927
81978
447528
742732
461559
40124
324055
697346
487066
642718
644926
555560
327826
301097
120255
78923
387528
594453
878421
754825
843416
837265
357485
508191
369718
732960
979357
407776
492923
559581
428805
992258
438160
100063
846657
110739
306998
930231
609608
100105
309615
310614
462244
35318
461196
801868
419918
626522
712660
568235
816997
113299
89294
624138
311435
635503
202796
181669
385884
180514
475604
460578
409484
201107
327947
382510
641500
801744
591616
711110
807353
38178
641651
311890
865265
412796
755456
151275
149778
394765
40716
672061
389345
495797
627659
402248
967476
277716
429739
885313
849709
740605
178400
78997
683347
610953
165069
419469
469902
632136
232460
195596
541119
588563
610138
663542
480186
423421
195554
401451
992929
485288
669476
546161
631518
609779
367298
397040
475324
649169
780391
93398
806755
273589
844948
544667
550510
70185
566920
250975
798827
689598
562956
5871
158702
147678
377624
546790
78546
856317
148389
323952
615629
715246
910032
224938
654639
406290
159976
201765
127415
795755
710356
758282
551890
939470
923876
189527
317169
983799
795954
275911
867269
665399
930164
141456
164314
442504
31586
742662
581517
892417
33598
256925
274092
300580
49029
728011
545768
339989
865328
658124
102585
26470
720551
745087
518735
774541
652163
568878
498480
798327
15294
675051
983986
830453
404602
444437
163351
145045
609578
633466
890624
940044
382305
186838
594512
578062
107637
652602
985054
980352
882896
792456
272854
531781
781587
60187
805869
543349
217510
71747
869374
880108
244704
91886
379718
749822
344464
56546
414137
701128
132838
577382
672254
807906
894849
872001
268174
57008
302614
90842
412196
264920
376761
843646
873634
440078
670220
741952
44096
504650
405057
25723
464881
979675
954957
672819
94100
157333
523371
420634
506451
180774
324745
783534
648476
212039
304723
847807
854394
666382
304091
64783
811087
365344
32738
444690
138928
446467
730758
802772
575517
192913
823111
972666
395675
540424
264439
783392
704496
986879
112510
175906
647035
990067
206919
141942
194477
169216
306891
342966
982184
11435
679096
573756
658226
482908
24509
412327
512534
428713
32181
637114
424599
891789
194989
759011
645842
44343
323220
567512
253039
629247
324414
81181
359299
539187
478292
906787
925958
371472
645148
142858
725164
923852
746273
904711
391202
838608
446911
141281
595302
119171
597389
709781
999299
730690
99047
927770
202216
332844
717590
666367
433828
894681
362079
446384
469889
673834
771813
498071
789370
701819
911035
331166
375193
759797
452810
973139
106353
625409
409115
24805
799221
378327
930050
677515
747700
669556
356584
990532
616882
833834
127475
263993
978340
70161
415252
461246
574855
226331
628716
607543
880477
410949
534492
462295
840197
154986
277032
345220
776502
89650
758471
94295
770264
295399
613577
561855
995647
721192
802533
772229
483012
763894
586078
456042
882754
780524
609234
646700
112810
748363
415839
324903
929284
886067
773490
710169
440706
593070
120493
905022
665154
640039
849780
201562
419937
54072
240405
616981
576374
800161
802130
864832
663986
432916
730763
265333
219026
395244
484492
105373
499454
363390
960497
182732
480578
531656
91634
866054
330598
300231
193039
621157
777131
954980
945241
903826
209253
657998
380698
216113
386416
972771
634018
539353
213840
745863
434159
947904
853289
788120
847032
443830
901783
251640
62998
221704
224491
856841
18384
763717
931011
953079
952769
991197
472965
346414
725224
727844
204920
806957
397708
302070
635390
849970
906762
766773
854770
519573
361084
658414
780698
642609
698632
10266
524617
901949
275778
392768
88084
27512
299135
684408
792238
294531
940855
618250
217827
925768
298902
365684
708078
665496
335263
340042
891255
766867
717885
246328
629612
898560
258536
791587
785850
528317
570544
738542
53160
414416
560170
45017
829776
206811
527924
123779
599612
13934
351141
948944
847065
26423
521942
151525
237018
331284
619208
579792
48364
235977
551984
510021
693137
69517
302310
3140
719644
72191
871654
922134
575176
890038
726144
234165
525620
393077
717154
473227
156415
116926
749312
45459
97084
591805
683229
437404
147858
130533
249209
623852
378419
572633
19479
67201
311031
140224
143978
299187
716180
933563
705499
463605
757308
263603
200634
534970
558419
46155
768190
193972
281868
363317
206714
682487
136479
205536
916895
831740
412969
678543
484392
272450
733151
343173
301734
494543
932272
284444
563560
961749
927991
873910
120006
119407
919258
896522
578826
386826
884226
531296
231804
291105
980471
874584
67401
314720
166294
21796
245007
689642
233586
218261
888520
739830
117317
50707
18576
311380
403793
116647
306196
640846
201304
565042
375129
703849
780340
645633
569446
747083
932500
613048
682064
378486
297491
842090
515360
49138
896630
501259
83938
211273
712066
723965
869005
278124
962488
996486
736778
87860
938415
652835
844643
897154
302348
8374
741321
870151
849183
920858
173954
793887
234589
603223
896429
429144
576630
659633
422131
324306
248979
916443
479500
79422
423726
832009
706283
910984
352909
26019
351879
403857
545180
148373
587399
296789
50982
758019
570634
236204
289584
989914
259728
34860
620466
591554
904008
214635
822067
451055
896502
659874
65727
211671
936576
188781
499272
954942
848086
254638
435799
352684
274493
557074
827437
103681
979958
407596
587130
722271
127567
22013
880441
755525
399877
399893
274598
912188
519892
913554
11741
309609
663646
662151
594449
148803
683187
143353
25061
837151
890307
965059
751018
266088
777373
605529
210614
885290
790051
994729
930077
187149
143501
358877
680783
41310
41622
223421
745614
463945
296710
343602
31369
514147
80925
485413
364890
774884
307033
616646
150169
163058
790053
76329
614363
565080
826846
224650
505035
260053
580354
568689
252322
549137
483703
717809
592646
55851
490358
341642
847805
593453
766034
493614
494284
6113
564905
647393
487920
724605
695653
545401
864120
188601
699887
743109
230909
646593
9586
218890
963839
930246
783431
1832
897246
720943
250498
722268
694450
979886
287704
333919
549127
570413
874988
966571
247416
261606
622325
300509
183654
230226
381772
284214
514134
457977
550615
645371
84005
482664
878350
76861
94184
465473
349671
693555
144036
181036
868194
629187
504934
862508
725363
559007
718337
207500
902023
435148
148642
391543
259572
791870
346001
613479
675906
462880
25734
445558
804304
928048
668774
736912
7525
50182
545305
849930
128276
705844
749128
277963
604171
481737
468536
378856
916472
949936
891326
654158
215063
459190
275550
767704
577885
646313
787332
419521
655098
353691
797470
799411
890447
704838
17620
122046
885868
243145
717157
713892
821252
931153
104095
145745
169840
93907
854971
93032
937372
243957
863891
204216
705042
217612
627584
327821
616225
34432
68628
451107
69737
941452
397105
124470
877766
678690
988484
158453
35415
873259
864162
474900
55978
714284
300861
906752
143302
223172
429314
750
559572
265490
787347
310093
120298
634931
841372
792090
543413
951081
911636
608337
557443
19799
317458
203777
280107
326441
443209
977593
549337
862736
632098
385182
579834
670123
813364
936606
504576
476865
85347
191679
470354
611435
606930
708945
468820
553039
595654
754946
483470
493318
810968
46864
127867
506591
115478
922905
614321
134717
606904
493774
176103
215323
344826
168646
187880
210096
988442
416559
541587
922990
569520
78943
698060
225956
68453
173640
157827
166787
735057
975690
624799
783421
711861
43555
183494
687497
610962
985281
641291
981763
866468
300600
502453
724081
338622
982351
158120
911649
218563
464245
352371
532846
848062
395473
460597
90209
518687
310263
684844
406707
214291
256950
224220
507696
240702
860494
680536
260408
370392
396095
195440
923360
750113
837692
649975
948149
628098
934847
838063
694560
407426
166390
136275
713637
48353
822939
669569
187078
175893
111265
647875
428932
859294
391178
116857
714821
164744
251029
760420
373457
897597
286165
926289
837238
313348
733021
390624
455052
939866
608856
967791
513235
117419
928245
212200
189240
396269
191295
21157
999095
357594
38794
692603
725210
785288
145929
251690
33759
404582
349693
783007
267639
527765
889928
981347
340779
705952
448224
553828
397401
724954
395551
474462
215581
108051
953910
695014
3659
825910
474434
546387
961240
629442
249207
458569
372824
213539
513401
249315
765665
210412
367689
987004
625615
511924
26908
568347
18145
178122
713992
721721
420545
957206
963991
552367
721633
327309
10686
29824
454401
683408
258343
329921
348813
296866
413163
749793
649890
461380
286172
887257
460785
825647
606845
330097
877948
804781
992021
171371
567870
816661
104920
52433
708392
459489
607558
763478
336069
973870
644432
569963
985022
455951
587124
302689
636538
497677
291370
286134
528925
716479
28022
705598
140402
445122
213726
825455
248227
592086
210998
835657
161765
556821
437143
685856
72752
983185
562030
260040
609388
12232
973296
561883
40296
562182
216107
6825
260035
990296
226040
326269
117549
180584
370957
507464
781768
627962
932079
25261
370088
70402
173828
367912
240633
55007
919878
695708
599104
331832
331476
805623
38650
209650
187171
722820
527712
396747
242833
499852
397580
641046
420698
126122
559221
866707
60131
496170
800918
972330
850164
98717
897838
253828
100611
507196
972256
320775
31659
395126
237754
238060
436732
656601
996754
593278
690923
578201
78092
174576
759594
911039
637881
574363
750163
432432
750298
667668
553917
725464
700354
761191
826289
57076
499673
745714
983543
945914
793341
209695
85065
450213
598594
251967
138985
372896
501274
945472
18766
620750
461584
192843
687610
293620
119086
473020
809831
779076
131583
339711
724703
284551
976239
353603
392875
475046
66510
988254
779555
968532
482931
159165
196005
798043
625853
448198
684064
972802
113717
366476
392400
484056
384527
827246
763588
874465
684624
90317
364314
269466
681737
77607
533069
796201
994241
579733
756965
424614
950577
928029
528141
809600
319784
236021
327041
790861
476431
111765
874662
468018
260103
580919
403123
552299
245486
945966
224269
181368
863105
912288
715249
194405
632347
455778
64331
67892
608540
299630
311971
388904
452325
159427
103479
178545
836607
492506
669859
210159
310939
693504
843132
324516
165620
606037
468541
198907
984721
156063
94297
724399
930470
97291
919407
652378
254042
673474
309532
56027
363940
129252
827626
421154
140878
516708
342693
52827
141916
699456
847054
925172
222918
809691
505065
754573
694240
516536
511345
232443
376475
754965
623020
365561
312548
885730
860569
587052
364266
969757
890565
630354
441149
715787
53053
251014
684434
143956
455581
23410
355107
224316
126023
552081
629811
27642
762480
901919
318767
22135
569300
618592
636720
776036
939081
177098
4445
417976
688049
49233
553262
375237
46090
520653
570699
565750
932640
603273
317970
13671
130593
490346
961976
351777
197457
175866
802118
81008
387796
923472
479493
788899
19753
893022
866165
510304
788534
340951
461174
55137
690749
137659
968202
764431
496174
547264
271794
716729
13015
562014
919028
472305
504055
959735
545086
363715
867824
40162
337957
34579
173786
415123
556934
991506
506420
752232
96141
220381
941685
700370
857940
526258
956096
164254
397283
565007
665847
615647
27094
216617
619431
565434
688092
521862
891041
543630
722011
381879
349160
881534
808497
231606
313350
283164
814934
609304
997049
80563
38941
945006
846987
319985
821657
62014
13567
818351
362908
931161
205607
929375
364187
995545
452179
446097
371629
873721
699619
175778
458418
584337
979198
199041
767057
739692
849051
959775
343385
371527
157820
344499
317129
750505
757435
148967
761067
452954
197693
718882
580251
443073
870851
548915
225829
643421
403359
650902
769612
705824
368387
997607
817959
635619
375285
651872
27175
710026
548702
449680
69427
675254
695106
70299
553908
269088
685771
692648
857388
28825
61054
834731
908545
754139
796367
587086
861336
482058
244623
990142
622173
577613
742083
976401
858078
556036
280273
359567
238935
940837
367060
851684
735561
923574
177486
787040
589635
618665
897597
336296
849794
13391
474054
907517
118708
25914
31630
233958
523097
59252
535272
17213
264386
564693
19560
661012
446268
222917
195030
944770
766982
132175
653695
195021
364477
967325
694309
405813
526681
544086
167894
160987
416016
480209
807386
226189
637336
467444
405765
32879
520714
970157
983085
519175
856418
616653
336054
686116
385763
794684
219273
347756
383127
763165
561443
685185
337972
385279
576265
64335
933146
587068
542746
927989
380473
422258
284925
305934
270544
309467
914936
436891
309200
584268
476450
56207
669215
167303
172529
414006
428984
414012
580909
514306
195247
111523
233734
813619
380818
384239
436160
505826
358572
895791
929868
457131
968483
651462
321203
500661
191617
497477
661419
485472
771279
99682
503820
193673
527325
386328
981084
324924
985951
219354
86278
240887
456178
862837
578026
393239
642364
184769
722638
890594
459440
965059
194353
304496
437041
263010
258240
68854
522958
558020
413218
957872
599148
953925
891630
201323
339969
134292
702844
544940
785852
570153
644441
376832
543491
476582
498004
327009
715796
216138
659509
527426
534796
212364
501454
768696
751686
216986
858025
558532
698204
994541
264416
548673
804937
692872
766028
26855
756527
689870
920149
155065
782643
227582
646953
347345
368326
658252
999304
47622
238783
156637
181691
266615
57188
386398
229988
196471
25480
844545
776113
161941
836878
78485
916075
552646
945099
516352
963883
638513
910282
664092
966635
56151
464745
716268
36154
902685
504160
908346
335753
494008
980834
37838
191331
132916
744540
713356
165498
133217
232986
726123
372636
36506
513673
333454
959749
473715
859031
445376
85837
256510
770230
555985
122562
713146
343360
59783
130832
188186
130165
308291
159965
242605
413919
161522
908658
103790
980182
71916
714963
223786
973792
494188
889967
850250
893104
381932
330610
274044
219727
616989
547704
339010
613848
691456
251677
840663
8413
246180
754864
556793
243560
383228
34566
306264
351580
407580
543018
709337
388281
258832
884914
121735
576446
622489
967789
489687
389608
903301
344952
579926
500569
586282
757552
38705
591572
574655
72385
582369
199589
583638
57821
735153
235613
201722
45897
55213
554939
445793
895121
842921
273767
864974
281116
370859
800983
590790
139290
508534
111252
150636
260121
782515
819543
435899
291127
479358
412237
786080
935858
115339
59450
786162
56795
248564
671226
519631
163882
772960
923554
83860
992042
295377
537796
692920
969749
40457
816465
3398
83002
509978
927001
800821
549658
291593
232303
761893
127571
692254
636584
874936
9524
650123
368962
916683
517359
617718
399456
644560
384236
236133
71411
2953
71674
401797
653941
235939
229344
751127
358863
599533
823058
498680
154075
141427
151807
782283
739139
81531
14279
797765
59016
471195
196426
921172
866975
576565
523036
814317
31158
377169
35092
641841
553172
498709
18180
91771
87198
927459
196931
388872
33141
282895
717797
100932
483325
911036
884172
849517
486073
470290
859352
68838
730130
235294
394554
138394
199287
952517
253094
135627
100381
673062
251494
428150
24615
740556
245004
568549
642914
124876
535744
307857
442855
428609
11255
205489
106467
992674
864452
688163
450932
718909
606024
272310
551145
380370
426630
330962
951660
142607
677777
174405
527484
446947
294182
442090
922514
552832
512534
679096
971109
543730
768220
156068
365833
274775
427725
570676
401459
858810
679085
442530
970711
719632
298205
990249
476402
934030
924338
119534
632548
274277
200226
724110
543989
417500
938136
33472
758584
67080
226023
592935
739084
73385
794074
804087
241023
624100
525418
655937
852430
771353
459849
319900
721224
856160
111643
121010
869520
317925
686788
76964
870593
417821
412060
943003
141164
741668
705407
947180
671228
477877
537346
655527
671995
166981
106368
184189
348589
81084
642258
197643
625882
798609
192028
373447
472618
622784
510788
974790
918568
437931
771390
804839
692649
873611
762947
708256
78470
689681
233121
272099
852996
800669
25131
968684
745365
423578
512784
363370
621304
566580
822793
813127
930491
38199
545004
212694
329888
730885
887646
836312
204894
190259
346405
147563
722238
640322
245724
941520
964774
560437
903999
508631
170419
922451
760486
727273
598399
195515
653007
141170
730946
916959
82516
348969
255188
656927
803579
801597
880080
928258
359020
383645
781909
59923
824957
253092
622054
838678
609962
993696
834033
121254
161120
758270
463341
497836
238520
184851
713692
224446
668481
685193
838704
826065
104246
871972
652490
718364
870799
667824
79197
403916
13043
894281
472945
873501
793418
607686
38660
734428
42033
33859
342795
771638
536135
162570
363670
909051
408036
55454
334097
15157
890282
175075
555174
257311
755571
855341
834688
212932
502313
683299
242027
291254
830453
889104
777175
454951
221264
499078
111356
331303
824565
79151
364055
460346
459831
784305
531986
653077
436206
315389
596929
558197
842893
229429
113416
682204
972943
425783
282587
875690
350608
288651
738974
822100
87864
14565
249323
788547
916242
937303
97713
497803
44155
865302
399161
417670
171701
803430
446276
792717
571419
572005
339921
953810
815151
112306
202555
919837
564943
903928
683454
435553
953351
321626
664986
62778
821311
879101
618256
503110
293717
971244
46921
49501
794822
521644
124438
968046
509957
187933
321106
769399
871918
930570
288036
770208
583572
304397
563489
221045
865846
922018
316110
325183
949841
740358
862659
235646
418959
676811
26538
26884
424029
77307
73447
143152
298906
472295
952082
125190
218795
97739
317279
927080
836395
133791
846623
786803
800960
821052
761503
953529
693897
220457
445102
985814
241587
950594
917437
302513
208683
667268
681823
998289
844973
329335
162159
397401
138171
207224
725776
554978
136106
377954
980047
750707
96599
493785
660966
569887
119158
444083
73818
15292
356106
603394
982147
149115
446385
60482
441580
937321
142103
57052
439888
281921
652299
91605
606469
325291
918702
246806
783413
549781
94663
236120
516870
364845
332020
998572
912987
884216
813564
249444
266612
947154
826943
122209
673009
713986
133006
673914
232116
826105
473495
639302
636003
305832
871673
689287
461581
173243
947894
8947
768996
788789
827654
427040
754664
263209
410120
80203
835301
937042
141780
303428
388883
126416
940843
770874
198811
567679
545616
193183
979193
454326
600560
384055
815228
102169
625020
438467
663467
424668
861592
320644
295298
44372
398379
719726
969306
814715
617815
786347
27814
458048
432963
949064
874009
725001
856723
507328
639269
420102
43385
176547
652191
25267
416421
753891
390910
374762
578328
686331
97539
644642
361430
348477
872050
805256
634298
388278
812862
418680
216611
933631
377218
62680
198732
195619
272620
395921
503610
368488
399412
745963
448078
525244
919882
62021
692666
68478
38606
629805
118416
792677
365753
734498
836918
755281
70425
780323
856310
370412
694841
18291
23602
246204
360799
33132
458421
985737
809518
880829
330980
165989
79980
158338
139539
954333
928222
558782
71732
914555
18192
71864
876586
474420
568817
331247
581371
144949
149274
188410
259556
64389
261167
779585
767047
476054
920414
931794
700352
278254
924741
221985
909397
537197
713200
373727
157259
678522
432319
233973
573973
284686
878566
144733
981224
705884
139663
100573
892586
733404
721434
706722
654856
277235
261764
546933
213095
410433
720805
403420
573810
41350
802195
182735
450322
446129
393189
124885
500796
832775
835090
496188
714083
696045
927031
419377
624591
498450
855543
338177
251014
503931
45308
9005
730854
196908
613980
914979
740052
573616
559832
38687
118927
897862
817022
723358
208926
6952
984302
181498
305448
238712
129145
381159
164898
423498
663013
479560
391266
105160
770573
817519
546195
908806
742053
446000
225857
162915
723804
338720
330964
586840
999514
328367
727258
197280
356073
881631
707965
371844
60592
834976
929363
840386
196313
750602
932436
974361
9172
252662
835367
235508
908661
11322
151765
538929
105337
962814
620383
879116
133734
598399
660906
837036
763472
227936
189336
419786
818743
94312
426419
359674
308750
392989
268739
936792
75799
494778
660095
383120
343337
821839
466592
178825
811475
494070
114128
405167
65627
995053
288450
490395
879391
818901
340955
803746
355165
747398
571021
294391
278350
923341
662021
599997
38253
719875
500795
83757
942805
931531
960422
944033
589448
167015
272466
807035
428556
881783
320521
769460
485423
732688
71470
3397
74668
556533
871338
178475
958886
151541
431549
896283
356561
124832
87478
97730
246192
852199
152958
472439
219320
725391
810638
731008
880404
903570
296577
165886
313410
240210
649923
940470
207130
813626
376297
120188
918191
178676
816667
609534
947086
283520
550252
876522
307428
900792
349770
698685
18236
529373
985361
780970
395365
68572
492090
973603
345329
949859
785712
363782
645402
644763
587011
651687
980928
835969
212213
965046
215758
507044
108594
755661
735866
884413
511325
154585
314474
781030
265030
812258
33332
315769
748600
19064
269822
800262
626158
318396
50501
610672
778533
16392
590329
757924
433420
502204
596228
332663
170328
191462
454891
172060
119604
128653
344909
617855
666454
390426
964681
622400
252717
878372
593853
219663
205750
427542
130665
755104
237742
364735
966577
753035
263138
505206
454081
878532
883938
816424
376779
179314
956372
367808
846316
649069
733412
885041
691116
541593
569945
174115
870116
950810
267267
378999
668282
354610
676816
854457
773000
213502
915199
667617
122203
783498
390636
373638
691351
270156
232713
762656
879352
784516
251437
455800
917555
201902
415430
217454
553979
316832
726315
772967
728095
773382
1740
77585
681360
64952
683915
637076
972865
482997
481507
465878
816615
750463
675846
438955
772832
183378
493445
243480
86896
746050
191529
436802
106150
893808
116319
145976
340061
799080
843087
916378
169246
798811
7181
384804
865827
224564
151592
476827
249782
516056
761889
328466
920504
666239
254006
525401
325694
386090
18779
12291
92694
453120
658698
998227
839591
407625
142897
262018
617334
948550
396042
556400
273029
644202
116681
403173
943382
803513
289646
401858
568717
175292
928058
656840
883059
117662
190014
43972
550807
224167
680846
790550
860751
409170
256405
982237
196636
129548
509315
552066
768747
605708
699681
476701
903864
770249
915972
163399
301837
222429
932960
591741
43369
214964
324468
490989
212795
998320
712867
578913
658509
288285
969251
349573
124350
729676
932942
280086
957224
427662
673814
43113
415648
586382
741078
99285
453083
697228
904259
441471
17837
40178
629249
838848
735469
746388
485650
236981
664565
431241
149801
869922
352198
611104
682909
691139
648264
229697
936249
586865
913646
226786
755760
527982
705720
543906
551661
688653
244882
720390
87113
865601
859418
749389
183830
453632
200703
805169
537432
149075
514821
591165
171155
735677
944932
823430
957568
774405
210896
653703
416793
52834
308692
745373
105555
792195
76440
281627
440492
884536
119169
971595
455834
989440
650487
585154
886883
159407
646978
245727
854666
700668
379533
390240
800359
974821
40205
618720
18000
727167
15483
658673
714675
795166
214909
45074
936582
208156
530211
799757
118293
984906
711116
45744
898874
302321
647849
343461
263147
594563
643097
959664
135533
906019
283892
775877
767335
691918
165860
914948
749521
185188
690413
743250
7371
757207
73548
775061
244618
347247
901373
243531
650285
655671
973015
358984
352558
591303
731091
663754
20468
640751
570602
905082
85188
301885
111132
408386
12568
84524
717452
939269
830664
534121
333064
60991
445477
75331
978407
663611
789285
639086
536780
167467
45048
776179
811079
202535
932921
756600
506906
33797
906304
423911
658712
721361
163156
428990
950313
721833
116350
622515
789355
977336
815992
279490
110067
179661
263556
629780
831921
335255
461082
917901
615409
86463
959609
358579
95358
848418
855903
527862
69665
964330
861204
788448
697031
376904
391008
587866
757824
626319
362332
237592
119076
594480
361830
999138
868368
142862
378990
201216
180750
646269
579629
950658
685331
924764
524214
537577
621089
30668
887716
568437
251277
631308
145651
698956
364059
533171
223787
996420
852421
528073
242615
905037
180955
521537
238612
711166
302724
510423
384165
294906
309154
91010
577507
466751
35923
268119
446833
52299
541268
445754
387341
94955
239873
589825
51299
696865
684408
490726
449020
254577
887515
343785
531731
202952
778611
881728
67912
824330
232114
217468
124782
54262
593617
79418
295167
718520
156632
964738
590191
445708
267004
530367
591773
205002
334946
373851
749094
866386
585474
171703
214868
177940
493479
930884
416628
780092
237714
794753
780677
732857
301758
477649
573388
776617
762431
769016
432517
830755
547332
529458
959348
625312
708283
774768
427993
883654
711571
880239
787201
855379
229981
880503
536825
938530
978956
642862
97438
801181
679259
125718
898256
215744
794061
890602
387141
681861
154896
447952
775097
877234
445754
481923
239547
178742
927967
404163
619988
550009
893266
496888
791064
866221
486460
384494
672655
251246
587963
960596
366239
376818
225749
50988
676690
61379
44506
728091
701568
499944
759958
995168
713561
61090
689200
362401
382737
510034
189411
805537
251496
239800
106006
179023
283349
839702
901081
959480
265038
599475
594686
771803
194807
194299
301074
607005
606757
322435
68151
185939
390157
308843
578463
194685
438925
906140
246887
229075
83031
346545
678030
806070
967542
785715
151440
780297
388414
704252
559011
775385
665492
409404
462413
859575
545815
525914
741088
767527
822250
695026
481875
94129
85472
74749
689919
703060
163202
166734
276531
142490
602559
649721
84020
852039
860849
837262
581332
186539
143560
174403
30061
543383
898197
741040
238971
416748
336949
447475
107603
256015
154264
108723
448964
883000
544237
766210
708041
871530
17452
104284
777895
207229
167743
899084
369065
59479
834254
985454
116470
620217
29606
882895
282124
990709
538117
608944
495899
727166
787076
337194
501312
793944
619105
937515
38492
244526
859624
996702
699153
802178
306238
415465
518361
332606
348298
502864
878210
850922
473728
35959
550346
105975
4555
561220
42450
288504
429079
321571
950786
510320
68856
93347
785658
817606
236602
963389
725104
530325
370054
553525
103851
8160
903341
221530
725531
80355
866388
938023
885714
122308
727612
745740
22307
73064
948461
254214
744406
477987
868991
72363
152709
707527
739141
435906
926294
14237
780246
608910
416597
863154
301049
668140
304364
975880
469164
180306
779266
341102
701649
550839
454446
34730
133878
405265
42263
444050
810368
630650
637994
571386
36723
360940
129206
418759
343072
837739
933223
484706
175211
500738
783837
318152
529143
482341
4584
756479
264369
331893
605346
483363
44598
505123
23593
16223
369954
916908
754040
474871
453878
491394
485858
520385
886117
862283
867434
182900
246907
376258
722305
725528
279146
302140
602141
562845
398963
386693
902962
393864
785198
681513
872335
233224
447797
136270
982872
773927
768819
169854
48412
532124
851972
438979
874002
55549
732617
60587
920373
572177
30092
927211
161209
884611
408970
392800
780520
566899
727777
489392
916446
800295
511383
581455
733469
255455
956228
191326
589518
516294
608606
525678
300309
588996
496799
97570
173391
713392
339733
847473
814507
450147
785926
599051
132834
705512
217725
686803
598612
476303
994037
506443
893505
115681
541153
686670
626464
269101
468118
605686
518943
251073
113750
18653
602872
174773
27898
43393
50861
701729
247163
852161
615264
92910
399709
542148
554257
745418
121208
977785
500660
884341
804
814968
329134
514425
757056
356615
101996
929910
395103
714873
594656
711579
451664
117682
11225
592049
689865
350981
663614
730641
566063
703294
646759
137398
702789
678459
191129
863405
499822
873205
64475
652521
370336
215261
987193
365171
460647
630753
939029
345342
683667
323085
151844
456856
571776
850126
766732
71165
492096
784467
919384
903750
466919
186252
565526
163967
669490
28052
133262
367957
541396
674027
690975
546542
997215
633948
720951
903507
890828
937726
59886
160200
684967
370325
129280
502013
105497
872792
694501
28829
648915
88333
354767
607811
683605
135889
974080
171468
908184
86900
778245
565575
539102
941632
756114
36681
718164
921434
455675
741214
890912
672514
248525
922010
255117
972661
827591
155149
912337
937522
901496
590996
721783
537689
726390
658828
193709
839214
421176
333794
260652
415997
25297
935942
830335
912024
679626
298750
620275
8700
565658
502935
844890
860114
864772
984310
220219
864849
363149
417164
883161
754880
164249
958312
172702
424473
24033
217574
915045
624457
392851
969029
793697
601877
650119
544662
641644
179030
358041
92049
918768
256485
798823
168578
278764
105425
165544
656992
202660
928653
239271
555454
291496
899623
329756
68507
390782
901299
811045
92436
676526
960070
239206
273721
604715
493854
217018
827836
189081
741151
481812
27205
538559
680184
112119
994083
829195
309540
203790
927262
164988
509069
162088
273192
434672
401675
627988
199474
875274
761225
954005
262618
976319
870920
190083
498689
764798
329021
622974
483387
939322
219286
282127
456288
265365
301723
668956
850495
164650
541423
785352
493042
413175
332597
457381
503437
757605
575119
546647
803888
695542
58817
777798
305020
210570
602804
12159
210082
108494
101271
499112
701527
936898
19872
645470
752804
535204
860784
583917
977881
470078
774101
36267
654433
702985
762473
797489
831537
397245
434583
879159
284507
689270
216189
962763
557823
205764
316717
81966
926560
932175
883470
407627
116436
63269
119840
690581
952342
473314
234781
862203
608502
335035
129082
577035
197487
969255
74189
431073
26009
595178
800584
7881
33717
486655
806819
383609
155046
476385
31448
969508
5247
702582
844616
379772
966263
943769
313339
98695
626489
793474
701829
217181
201048
688980
665155
241915
717792
27459
198789
788359
714056
465504
639430
7713
864707
658371
987862
821218
765109
145940
916057
306996
354755
223030
671080
151182
621507
786384
178389
37002
372115
208376
363403
468196
929669
590974
28244
372497
642040
930899
257525
523834
681922
925205
477620
50324
255945
303992
642938
1757
847537
782610
510546
880756
331567
129922
780945
352725
674556
868414
309072
286321
148390
536889
377301
751078
685952
131949
227408
754400
434682
816522
309569
999819
738123
169083
567159
916212
954570
182417
977202
541371
933789
512718
747370
942839
594312
494096
360681
849638
946663
987673
849427
412943
229175
838711
30150
537846
80974
191380
304604
95547
502571
922716
342029
207504
332328
405318
641714
552661
909452
831810
502756
669138
975293
146941
868419
164048
461522
170708
776658
36180
703239
398035
940032
726457
905034
958504
358594
691113
698674
306536
934363
49464
55759
30333
760445
579805
122652
233708
940041
608717
595857
649791
861875
19126
395477
937171
142849
839381
841745
868416
776306
729524
8608
3872
270075
216324
415074
188606
355309
72978
996464
330717
211570
427305
411561
141090
866870
274373
331307
120991
787554
499695
506270
126652
655043
939066
881962
378820
513097
832984
248904
254537
965996
666329
452598
260853
91177
372546
563012
700975
109226
25094
38924
269478
623876
405860
189375
62845
838426
864796
81369
649683
961503
546831
327158
875310
525048
580722
660735
192835
558079
710126
128381
8420
242084
435032
631054
401030
369390
337928
112116
999598
432479
435928
584395
873144
310326
826171
850643
199556
464526
920183
489195
863997
130660
482944
503903
330631
664118
23219
412376
385861
802822
961515
79026
845380
884222
559876
769259
593223
948013
493482
798966
560367
683183
777308
331695
956359
570027
168003
776746
313514
548086
91049
254308
742097
529558
229464
622491
409021
322401
400080
88506
293885
894339
708963
189676
325341
699933
118769
648337
551595
234123
55292
191502
524135
329662
80999
839871
990278
9864
935056
77576
877795
647159
83590
488585
928963
256280
941353
179375
157507
543261
451677
50151
449312
189337
307178
722542
344611
667943
316660
321732
824807
444971
293841
584127
126280
743216
466316
91708
192874
7665
330486
905328
597219
284339
525795
559260
530182
772111
257992
102687
879437
350862
754351
426469
817058
626412
910548
205438
863306
796287
338016
36553
82415
410801
961023
384271
695816
928553
124128
893804
735271
912521
859528
211559
257886
143760
336404
171235
133647
57438
436425
308783
864143
909848
22105
893496
821367
461026
34165
478430
250503
446473
958601
846883
820214
421187
405017
372480
260186
286541
851894
724178
766320
913396
26204
845937
974153
154096
953003
430498
473938
969514
141504
232162
495102
908383
183088
738658
323410
415772
530785
960019
348684
257961
985412
177239
808113
78722
147570
3030
915826
798272
946978
998194
938746
644887
767813
483794
666071
42808
513918
663195
259202
191063
151105
234109
478412
495047
685255
600041
291495
628033
627435
736929
286735
702211
4965
300007
891539
228949
378080
127127
59140
437671
749113
814737
564216
173846
787286
673358
901563
939917
480993
797588
157076
929800
620128
755780
515183
471796
34675
269393
3820
980210
214441
808011
365059
655291
410686
410201
920913
512093
328309
272965
579460
809188
24782
153394
459296
945172
525221
548264
583531
740434
732519
887184
910395
757858
874033
350011
479770
491722
203271
555420
943827
325462
324909
380694
820060
567349
287717
712304
198175
729409
465798
250278
461479
46748
968054
421081
583844
239285
807748
143398
321818
614442
384484
680403
742764
620360
761160
621093
656385
512877
883671
112720
195408
416143
964748
59910
529934
650645
27758
908209
51377
60259
796839
311739
571679
101299
625092
449674
853944
170526
970568
441418
846333
857595
376301
978594
214043
983902
371064
879752
383448
773250
744312
43568
14361
989377
838811
187679
214285
827967
284972
246303
664698
61095
242860
351435
50466
577037
320652
588362
198225
517363
560709
473560
6918
660327
104981
909760
947452
735945
507863
771494
789011
603563
302717
785472
416032
359121
689196
173285
25998
470679
760051
37054
847215
900722
289897
816793
986403
54351
540963
952668
403171
740695
776079
216534
298027
479124
856497
23345
355650
158701
464183
103812
548391
565005
929850
287941
455578
583586
947924
392347
571523
478914
743576
762450
475331
959207
162418
435560
950870
477787
400348
899012
972898
252207
704762
961926
486494
712037
801940
366137
205730
170285
517421
712165
536647
588300
988996
122178
557114
498905
936359
494727
454242
798562
422126
488415
259499
179435
237531
107197
429295
998038
498828
204999
523201
870814
47386
63469
764117
845437
274514
732061
568719
574958
726606
426703
601382
888653
105711
749179
953717
968410
509816
863083
213534
51484
656266
518250
282715
265954
16248
445788
210915
911653
814406
311719
608309
659977
959363
575055
101443
166658
676736
572960
836926
260499
967916
594116
746746
914738
892429
171700
176318
96264
118109
94731
172459
667924
841407
832694
314247
571055
818780
199944
511588
440298
600799
951658
532849
207827
892553
782960
930141
751639
21297
468806
962275
208449
819868
798345
954103
459105
65781
424498
784267
787528
860329
921581
262910
295663
240545
156552
509602
442615
135005
193415
120552
803978
705386
805908
596522
549793
753023
759635
641045
116576
265658
677140
148017
549596
138098
38306
832143
449788
469496
317624
981262
658109
504623
767827
857481
515151
981637
459107
689504
677405
986381
142683
829282
2986
23419
383463
840340
854167
280251
615485
25249
46465
149486
568973
153885
432327
414402
104466
452727
870633
228396
501642
571067
258443
502213
745730
898946
864089
75902
532043
684983
403461
655617
93385
786182
344748
725286
93353
356386
782871
905935
837618
236531
185758
956641
235125
178523
321766
956191
961503
532516
715658
618660
884013
282248
196119
770173
740094
134555
266098
420897
903044
196057
747797
296974
184660
231496
359286
169089
55198
902922
745992
834257
941046
991169
805914
681896
207952
453470
889758
817503
813451
251273
784709
487413
301988
399975
186693
762796
996235
98890
187068
406273
474066
651131
220590
496070
417858
641692
296043
782493
971784
632061
602572
536339
559693
158270
204251
605846
418915
61596
524946
903253
142235
965017
898684
257778
63027
832268
258168
148198
763948
332354
744669
118770
946234
678096
950135
644926
949397
606903
42030
204752
870893
704562
451399
498858
398906
5726
992260
823616
9905
754502
531815
570324
10450
555851
923349
130416
709022
868844
563541
773504
895911
701048
931063
502729
387647
543437
732369
782858
257170
346763
203109
823149
294672
984475
769950
903210
176834
213
786297
730809
642046
641555
564289
205681
272118
611216
794482
354178
713450
988859
314303
235275
116542
919582
952304
185241
718630
686694
800355
834366
863805
861198
24818
857033
390965
6444
741429
42471
329193
230104
467614
430549
527439
845173
682883
883073
982281
337949
835257
78781
885978
361261
805659
836638
663542
371498
131882
191415
758130
222926
506446
665709
966170
72435
992699
836279
66657
735451
250095
636213
317363
251610
262999
934249
958375
478688
64658
513110
845392
207655
74957
374707
611890
263221
562701
502476
534482
485454
283787
906038
154855
605946
142649
120237
72684
379950
788515
725452
395799
468378
711857
432167
601763
172302
878409
28744
657610
623178
853073
6533
378895
885920
761810
900539
413431
871048
578296
179433
818647
925376
362293
474411
494025
645086
190022
937808
514168
43124
409614
311579
155163
429918
573150
771155
283967
674218
34966
355399
462588
692261
824164
930850
919369
409214
524331
24934
411372
289305
639232
710344
372298
885427
483150
253352
707100
199085
837081
522156
93314
395063
676895
884792
549170
739226
63323
693580
381385
725281
927139
541113
961538
697765
578161
827329
23748
645620
177726
341322
846869
599582
358538
62655
324461
100827
672441
832196
657125
903388
214679
625043
542286
113068
873212
535416
676702
423747
197067
270821
221638
681256
214100
737523
430815
354303
383897
857846
713090
937846
80686
957371
216118
598408
648889
227488
762628
577965
601305
169360
92455
345631
30692
525531
504480
124040
254024
391086
670949
803789
932242
445491
149369
174129
416909
499528
724119
797287
875715
563028
464264
579129
300767
693516
498004
973070
451250
276481
248981
523995
433876
619042
