1735
811470
652644
327418
809213
260148
876474
276169
236553
910973
46421
911545
603233
893549
505541
956688
544244
233694
510873
521279
537885
509745
928041
463396
285762
123872
131136
337641
964236
337967
322211
273417
661635
32513
133250
878259
719557
384327
619386
451655
72546
338131
360197
957437
978135
118155
996351
121189
123238
199224
452565
74889
448078
754814
954764
388846
24428
803174
420844
869817
307566
18327
875847
537327
885935
953252
781865
728085
418036
548351
22365
490102
905858
784842
900698
740931
945434
149838
247369
733332
385875
301765
364468
617421
589778
419153
583436
622108
364648
967440
135191
255774
240199
80967
389620
449121
2210
866683
590284
147012
677537
407070
739671
265275
955390
846311
153864
447535
652095
622906
905495
15618
930192
57863
512104
737264
426940
494831
495837
568977
440072
559776
536501
292027
802092
847297
719839
792708
800815
196233
2911
773028
35422
656554
519964
700409
291688
134251
860931
400293
377113
199828
477148
422354
470257
629506
896999
572950
652576
632090
856114
944113
263009
431322
66362
356787
554864
961675
336891
305723
18537
382291
328599
330138
924991
114407
437663
651157
302613
250781
835776
121417
541052
148767
224396
198505
645706
92348
156388
230755
297107
261016
930624
145634
454855
947268
514011
875884
656872
260712
825853
878891
919782
934877
240102
893448
454360
736471
78548
331187
702297
494719
792434
219711
507581
358367
996381
687723
486447
773687
905107
45308
969512
226157
787642
716229
743566
712544
65803
903625
150247
591005
193305
538999
469240
557802
233794
900883
254462
919296
930865
505910
857928
427671
81228
518572
696815
393881
541633
458427
568692
983800
908648
548931
874996
224987
753365
123201
911498
897395
101502
396909
463361
284397
75011
55428
968692
857216
144286
228192
7173
444645
697960
614402
790646
107111
853316
42482
490663
990544
50029
728125
760748
333379
149336
767645
96266
824744
176709
174071
895823
846145
740840
800510
92555
875996
946030
232181
834350
121633
521198
396113
493503
553163
45357
143100
945207
728307
297358
891254
482680
621000
495764
56726
78381
280795
821781
225903
585919
864855
852286
300174
921072
638670
914877
645727
335768
218094
166287
274415
642106
817170
257062
4363
805571
529269
975030
509448
986590
384193
42972
325596
454518
467270
726315
821738
424265
945350
639701
696219
873381
757868
72307
992167
333315
33181
56817
74676
983421
484007
995865
36693
542252
474391
462906
683315
274850
800743
346676
582857
594305
332179
316195
838537
213238
48524
417830
544220
77270
633990
6603
853767
679187
274092
696409
907305
270234
943476
735865
345248
348621
51468
445761
698572
360344
806707
45918
788843
786226
647653
411742
879140
669170
731758
876184
823711
736971
573536
227448
512977
712998
52256
726763
930581
465818
708378
556067
841206
294475
486805
943239
196297
705564
177824
98363
772855
453074
383916
665607
647577
422790
7732
43494
228732
956038
503510
376878
843972
50634
177862
328407
95980
821326
679640
351145
954603
994001
79674
425990
855026
150312
409604
1105
357010
812543
718312
894202
737403
479213
471876
777576
545311
659955
727574
496193
667446
791570
175247
255193
496858
24454
689472
109364
997202
909922
25393
161721
504683
44489
130961
493622
136322
98054
469383
443786
720287
712329
472615
626803
319740
212991
747456
670261
265827
595980
524754
794915
899125
588072
718749
527821
716870
353491
926292
289222
651622
235574
983344
274384
337851
334616
911010
683046
113418
371769
63648
456486
340180
519055
738017
116378
437917
370650
375843
909410
242056
378982
395753
719871
333662
442397
988099
467390
903533
910918
940421
228863
81997
805150
321881
412961
728766
149393
672881
607819
787117
51221
462164
998874
413461
580580
294618
124322
924994
28500
963123
939043
519281
252116
87649
388682
795028
128069
632262
383456
839089
864050
245207
109331
410154
420718
116336
769119
648727
879945
707074
894553
283215
318766
769895
871704
765126
692764
277014
201280
229904
890623
773106
606508
618116
213483
244541
433144
739260
598004
576554
152040
431992
713196
668879
757880
764642
961594
218425
984320
140524
80275
302106
4612
720469
999640
944221
435606
670859
591116
379930
955880
967339
795248
884837
164146
209508
163389
937857
806652
240569
386814
462002
817289
348133
864327
511152
987616
326552
194197
20919
864823
951072
980420
796348
491967
652195
905447
575546
338311
765192
494343
983017
838797
25782
619835
65296
391272
918452
927969
453170
637067
356592
523702
784420
621558
369755
353496
842750
421503
967921
400597
324784
22521
7062
968879
469868
406334
921436
591854
238529
410398
835682
441634
125960
85860
426454
679540
615479
545601
129050
606632
911826
193880
876228
795890
278786
944101
191168
523313
271422
960779
283025
436748
148709
412344
82996
694952
494830
354487
573413
337731
992247
438674
957499
263600
304633
438113
256750
687919
931677
533107
114489
246824
247208
31640
381210
718852
134161
668170
909431
367529
203699
155958
343066
642128
543005
279146
730461
9540
111431
452124
665185
120249
130848
238868
390136
216134
281090
373751
870947
341824
72839
841906
619317
38837
401333
116863
206614
628162
35668
38487
17251
794961
24097
287668
327411
277171
182363
837633
497909
427734
509562
286753
681653
746019
501375
122329
3837
764278
583783
117019
198104
723259
428665
759984
282994
674402
876095
98497
747803
543550
808081
463489
992746
528831
966284
735611
329150
615882
257314
558003
928032
175154
386955
287484
267012
945494
457626
47574
49902
676183
54314
740737
251826
390835
524599
356962
999380
708995
635657
758097
568205
252685
631754
742525
973167
88967
705465
671804
651680
246121
431991
119219
329282
625261
696703
236639
627955
721510
577395
198525
140592
619898
117137
464028
263572
869950
894852
553469
52094
218733
232663
407332
951633
520003
147588
205118
509142
696828
257195
558318
116092
443300
682334
935286
161471
287707
5849
992062
703269
628391
401295
829380
213157
586614
63071
141793
83235
348910
510565
281588
832982
428275
383725
497901
288139
162421
265155
340600
370178
394226
597414
871171
23094
235407
716955
832814
973499
704015
723229
482062
521535
723437
484018
470750
579570
849436
539416
785860
621506
93913
857758
53051
271039
18857
637904
375009
289950
119284
408907
339807
947033
568510
490798
596016
511283
123198
180337
883344
758938
476061
774863
911043
939685
63436
369055
369728
731452
264962
152001
957752
559510
266193
570419
487686
197277
989092
76227
883508
40943
421911
722271
127143
705342
691443
171144
662569
602647
844549
602213
870609
445504
587417
148596
172369
857081
324504
523035
872988
747045
594043
110301
127730
681987
876267
164328
543945
198036
261303
169611
928281
7009
804529
971460
788356
817877
366438
131959
438241
128069
506551
416699
298084
769681
922904
566159
955563
908578
934245
579050
527463
616915
99932
598960
807333
412332
74939
358720
513464
658953
226167
118762
821893
749145
469526
374462
939627
619138
269353
769088
709581
987234
598250
472887
711357
736177
662766
279204
191558
731202
392646
605008
542294
942760
812792
774143
295366
971189
261269
47744
234056
944542
581943
221670
455660
695546
141273
417169
557775
532905
299539
748005
370080
510545
338416
418973
397264
593348
646126
188984
577814
579006
556241
131921
484700
202122
424420
741004
131977
769603
331085
728940
132140
735736
595660
853890
388802
551017
274256
307265
817188
625902
9974
608684
334160
351671
583838
577840
463249
811694
772588
475534
474190
544249
111000
723568
533357
320795
882035
319517
133474
393018
356919
646920
901848
372219
240649
574531
211962
765385
33421
415249
191646
634421
992934
62424
353742
63863
941833
441461
391605
578323
954876
99562
845987
643095
73905
855155
220413
909249
194041
340470
200644
336189
375783
524888
628032
163403
592514
132460
828808
639231
428837
156998
242737
296930
864887
722478
544657
847158
410563
813360
777710
778135
397043
330192
643144
991293
868782
784283
731008
741342
385803
631705
224164
328944
124720
782431
931480
828108
232268
696321
44706
586734
91757
59684
575057
414361
755966
781361
233867
920856
387105
831525
190322
556383
5477
14597
193907
393423
561636
181871
953067
766232
634684
18188
599989
445561
335144
922914
590740
131811
973306
984774
491706
872315
532023
269230
576115
347198
398671
285477
581937
288896
39799
508567
215860
237133
256293
135116
34645
440368
539431
820786
822960
107858
71457
77714
5356
190521
556705
603365
735209
201650
301216
620544
507780
635210
677144
561258
675849
822006
721148
323726
460918
163218
597401
668684
428520
535686
515655
846633
721445
569413
479179
155239
3205
466799
760973
394096
333821
498711
474544
546924
965769
326430
464467
450098
672502
355134
56228
440730
5321
494883
39708
264369
721935
910835
67930
983622
387778
996079
398240
899553
110549
697969
146020
114515
372381
960661
898260
565993
661980
711988
788778
301306
46698
532492
179815
407264
878722
991419
363694
261443
607718
889770
821312
971280
136432
429959
743504
274633
267383
75370
29571
92087
685978
107353
997958
598138
363436
981287
667531
680513
604156
306679
38305
421588
41471
291742
825070
473294
224220
824870
471628
852457
335956
224495
881790
486706
112653
827825
265678
560603
93497
780060
960964
526383
225191
161824
815812
603616
114214
425096
185797
91516
18897
277313
19562
884542
536188
260281
442815
795329
79610
162403
436369
648015
596936
899095
252137
824216
863769
847701
960423
692286
196094
236714
922936
992077
93682
630507
263732
441160
368255
489310
821974
146334
234257
722233
764057
443644
790549
312706
166059
606972
237838
489685
371984
938875
69812
35396
127702
548296
704072
532184
119153
412600
171385
782006
67698
55574
328556
328221
801960
744503
285932
226828
953427
668140
657582
20033
849217
182930
427391
574299
454856
470787
272652
355745
997855
561711
819982
548059
674777
660357
182352
380958
131134
421258
155614
634150
860807
244045
416460
973659
915702
986929
38560
248758
130704
968489
642461
756925
496952
593283
115181
101738
787562
970075
847849
705578
824208
160880
968840
914049
181700
624211
441443
548618
111011
800059
413665
469276
782026
615030
376836
719305
147184
277050
182030
283712
745120
550106
67217
794002
456465
880276
338130
405073
999523
460935
686425
42837
142584
953665
112088
375448
420205
214327
62134
569665
828660
89678
533366
193662
642640
322646
408713
996810
58283
143446
395180
721230
490071
888898
7039
470948
60319
598217
963044
774838
338058
339019
654032
458757
203308
584232
940977
808006
900328
634355
937020
188966
36037
145350
189330
941038
261036
438575
391886
550466
898235
213512
95790
11972
357898
389861
568603
564118
195576
195622
90006
548540
1328
13739
436929
491167
1662
415655
546696
121133
433671
262222
596010
621278
776234
62312
577896
429266
336498
965895
115144
237078
685557
815765
192390
699206
44940
873159
465496
832012
931822
403246
699804
313094
360811
815404
817889
849734
414595
427011
829583
807283
844961
796297
790708
47052
507767
559992
36075
25741
550455
558626
129963
497578
93162
410945
844521
692600
794033
266796
141675
217003
998871
820966
388971
432186
798479
446289
513892
69407
495182
613952
369468
957370
220871
60842
850573
373781
145664
272442
619025
524994
414990
819650
913002
595041
747697
462928
391500
206014
547086
443929
635720
347031
470405
92498
97781
444155
129454
142622
160829
866573
405045
896226
557441
425576
758095
81716
748906
397148
15896
144689
90445
314903
865163
984237
752186
106208
201245
301957
805986
421244
247670
70545
607586
562739
264589
180854
344112
915628
704799
184280
441761
37877
184395
110444
384980
591007
821355
653183
129606
210261
571810
707988
706031
598595
534758
294415
630346
899010
264166
152543
332118
355582
146841
458990
179172
399683
649878
966607
165683
518003
180802
649603
545402
610980
928035
76264
588869
688532
929299
538047
496055
756489
774737
454296
67822
158857
266418
398620
235267
368435
241653
701815
347248
413305
755187
714400
436429
1211
693685
373702
863987
57024
770528
7832
628161
831251
