5138
429266
181585
674303
84705
107848
808427
576962
71014
191990
351936
348382
487907
523562
264555
565940
169722
606526
98218
408937
477055
198021
943142
212830
846740
134049
351392
845463
477732
938802
481914
756733
474872
243561
258400
633726
129529
701434
145169
772242
246275
478448
522382
541721
795169
501850
189917
726752
147627
236131
514106
638787
162617
593664
665051
859500
546307
870274
620766
395513
149527
37771
951378
297724
932597
681117
164639
250524
656522
422798
290067
54104
961159
405592
206217
469612
850398
551500
774648
125772
220313
287015
733781
554381
920599
345661
444326
989027
877219
479314
834469
974021
410162
783752
847373
156077
949945
946098
695555
424699
671337
948358
789284
853241
438536
188273
332135
100858
275245
406469
646895
499227
500376
214862
505136
271339
840747
873986
511675
14759
424905
693590
400487
241694
461386
963309
431838
573555
41048
313387
424001
199361
294697
158184
781945
625689
914521
980865
920219
506534
830243
47880
840631
163250
789947
681115
270398
543937
212300
586258
246605
458075
479753
516946
592602
621928
400498
861375
768506
978355
457381
572302
809676
522385
82334
838264
517766
279515
346189
696202
30874
189334
41811
220633
696196
820852
417560
208851
206451
609203
620299
419121
592145
373604
678263
87945
162737
123078
875903
769280
867348
4881
177526
460893
929560
993934
460509
751160
420990
386851
843322
766929
865046
219757
514577
15485
393225
426182
9026
249210
789955
691558
995710
520804
108795
136357
173735
127553
720800
740382
390084
880118
456225
186992
505630
283613
407833
341662
666105
13102
253142
79702
140850
329434
953797
633551
565810
898678
269115
429643
607116
785748
400162
334972
524665
980206
227134
561539
300333
425596
362203
702611
638997
437157
801429
641396
373232
872401
163204
267300
736903
126877
273026
894615
697226
350184
80921
86943
348937
610826
253518
80296
947275
636773
642756
813914
125967
795283
205071
713313
250333
42431
513814
102153
146055
302288
318948
6274
413313
731135
159499
537283
686298
706697
946485
333835
611478
338176
647752
256771
175274
578749
768245
174528
311060
328304
547870
273700
173268
338904
571170
817316
826506
934925
125702
820772
285357
679419
940289
370046
672293
39849
457316
59233
982919
734967
169764
695446
453611
901671
385477
47454
997802
98449
448869
796600
535609
246778
940067
694911
752797
96704
17898
345775
174986
330348
15901
649480
83164
741546
465249
324555
610609
907732
530561
104353
861857
667626
558978
750811
462747
825630
25989
444756
191261
259980
109714
54515
437327
329671
395078
325581
911037
353359
584732
820839
44207
73630
110033
795289
55783
92641
185591
204621
224887
936836
589720
515687
457148
104102
736837
207359
207674
607916
738490
372617
592406
898161
367023
775062
555114
519515
172286
68275
176328
118153
454699
725103
991631
173480
219477
811003
760291
969701
364856
837545
942348
485501
235420
578647
118701
534768
267230
920549
517022
999827
590041
549601
222121
416005
21873
194180
209694
239482
864764
334934
586771
162483
426317
646700
861820
805518
296157
526354
250850
795961
603544
478979
218563
856962
314946
910101
263047
973130
423556
472946
453594
907289
190103
250304
365802
666699
748428
155554
398847
665063
894261
791192
671922
198544
515315
47938
434315
579668
323997
558786
927739
23330
478666
258750
260274
24152
847420
944324
695966
632827
219369
18825
623746
394496
424423
811658
139374
995719
763955
690068
557792
50023
370910
215646
359031
522788
264468
268500
375568
715517
490762
152623
775615
809634
683139
878463
131436
475907
766400
535626
665159
587460
338178
881423
851049
531853
921981
913379
158857
668541
614875
750653
155479
233982
699753
19661
218616
578547
666850
21382
40543
481934
127382
918013
347333
985087
792375
753641
369860
468551
861952
27018
704918
991595
63939
513831
250404
862723
513165
21551
630158
196849
715639
262593
57911
367791
35660
78343
216329
819906
346258
352317
963916
61003
894967
414608
267806
369916
596122
891297
987088
398888
762162
50024
308957
702834
954079
663478
797256
100007
937355
318931
829841
115752
69053
231109
243731
624320
583162
189362
934973
912980
736600
961117
619179
159864
673888
798540
483424
315806
639263
277450
495202
647977
277641
208776
460658
948704
800651
998367
133735
539646
574444
602161
816806
757605
837534
844269
515776
806899
162919
679409
590248
500077
583847
437449
998159
595929
347717
503445
966110
663912
680698
516425
865936
997263
367226
77007
795241
9078
817658
289735
935318
318409
942114
731118
920482
313325
899601
84124
721491
877773
172167
900135
131103
72338
28724
505701
491150
564593
191130
795471
679277
926686
492001
365634
451308
548190
786807
530271
815573
878010
181921
638225
514409
610639
635299
594222
263705
21123
518920
620599
165534
286098
746383
159162
552053
987014
364786
20759
874874
880325
636308
682463
998432
853572
959686
71192
836555
665113
490165
809309
641802
424751
865524
256482
984436
349139
645858
44118
356446
642731
187896
540641
80310
895813
380337
187724
969983
527821
475350
587328
797289
514713
676005
762535
491788
736863
592669
180783
752705
487110
614825
631213
298269
566873
756391
295262
144523
950424
59027
447432
626117
419881
812756
712959
92463
614956
201315
363523
749392
789804
396756
446535
337517
428016
96067
910476
24708
68722
366044
91948
274274
914023
252614
351859
599649
844477
455981
742312
473730
851555
31978
106793
920611
30849
589522
340852
427165
75785
316184
150082
810364
927397
560479
338893
997211
312144
991777
354483
191452
3777
871925
44915
658370
194113
968768
176147
58027
202718
44986
750308
264108
731192
410780
813278
13323
831032
508899
477669
526611
598113
614404
291309
762968
194302
259692
765369
283400
659835
499186
205182
266985
140176
453788
883559
534324
920536
778699
550322
356494
560960
977092
168375
379679
960474
367835
852873
146321
708049
748286
886965
471719
719799
259355
477287
544503
91835
147503
257516
304518
130806
195821
309587
355262
589860
935303
777260
54862
727535
618587
20338
327326
459431
875325
19013
801390
287183
259485
45263
961034
253585
594581
61513
170860
395985
701010
608662
883182
596510
25052
914893
859817
342213
977987
491924
992176
883648
496168
710887
528610
362764
273637
690552
111152
270488
5530
47793
52716
167961
634901
302037
532489
869882
835869
685124
966261
412657
278811
270621
748304
496109
661286
951550
574663
374315
960297
766566
559442
616488
691507
935676
595910
328497
669339
828329
689879
807510
685134
316576
91118
399229
752567
184509
340131
454610
102153
377227
621911
821788
345900
452640
208625
935787
705
738723
529203
798574
270036
774318
669496
574689
905693
573774
140684
644259
653107
938151
600616
916645
787278
320437
563784
494271
895223
980973
211371
242396
674958
821762
434791
688918
467192
896067
277222
490909
690211
562273
932929
355536
543607
837967
263223
923438
596890
412610
941834
14822
753376
530712
670518
244170
729294
697172
914766
548322
126985
332615
783478
937309
827744
884492
989239
927714
302323
654762
582786
868165
641086
490780
874372
122454
219718
175788
227746
974419
492382
656699
511634
570557
814614
845150
801813
757768
72897
460515
503573
693227
430690
731697
938198
936600
569779
180045
871132
701702
333521
479801
576474
878697
426439
605559
920466
912451
50997
152555
727054
497364
541916
418334
157305
209389
158857
233567
777754
959779
576028
727811
927982
360222
640244
313678
754722
263633
920826
307242
639658
141892
925510
737364
532481
810573
99313
596054
438205
614365
863288
884718
52686
95350
723721
296526
262291
314874
557742
80445
733208
985183
372755
69531
5488
132287
367669
776321
435372
239244
621993
141703
209845
598881
713991
85279
665931
589619
493425
331614
831386
796838
598787
654171
187254
673084
288409
400496
176244
173992
280119
867998
449956
260737
572121
353229
893550
535442
274200
272624
716936
280526
861046
221895
943633
596385
744390
428030
462733
954081
264699
347699
819774
704035
672267
905109
888027
387178
241087
272103
4591
287419
48282
161956
996497
630604
50467
692989
803068
707034
590801
816254
705674
856282
401171
479886
766162
933703
37305
950549
94042
417626
128002
243064
666043
31960
382210
885951
966992
787525
228656
154712
425050
281398
906250
874101
708916
494084
113637
827920
432429
199196
342485
660814
943239
733428
273268
516481
859787
907864
322451
946824
722567
566306
638459
991378
641382
194504
863966
358015
123690
858896
279775
997479
821960
842910
29371
896179
770975
893486
319954
187881
478423
561180
560406
355142
601938
831008
904399
868228
514130
299160
330120
309051
213607
372798
782426
680164
726291
141177
32402
112760
458172
220943
917313
551351
62028
191031
511393
75972
396905
712204
787551
388269
449484
56862
616010
543497
492672
234339
678934
720698
906681
861899
603980
713490
705231
197425
113042
131474
33685
409837
484818
908622
471322
424646
541706
36972
555196
506181
576496
884875
548003
241189
80704
346624
326881
677478
968099
572603
849380
529344
33981
129992
686614
545845
871380
48626
844818
322815
597336
597058
212482
633001
458771
765477
425177
210938
703150
453355
891498
477323
736093
623852
670179
371962
998760
377349
691754
354935
574103
327232
762643
100796
536570
174161
940091
902745
582162
925565
106756
757101
106015
73622
828205
213745
815559
744097
478028
833070
808224
523864
926571
356111
919642
255498
481661
92625
140300
908256
798203
855894
394137
388988
422496
397913
364287
776378
377021
92732
906876
626968
358265
472638
131165
405170
240425
553288
947812
887014
277640
602790
2773
119446
763283
998163
935773
676363
363396
741228
271776
658870
399656
909127
690077
325523
108511
98461
284032
647335
481072
559458
870789
974696
669895
11382
564868
972731
653452
899123
810845
389655
911008
271335
554624
482697
731062
960348
587289
327954
799628
562130
889623
473259
135749
79054
672152
982825
825573
658443
230451
161018
364776
370511
980001
86927
596159
329561
189384
556692
533032
744822
780006
285722
632361
85171
543382
380118
326760
199661
469314
502723
290346
823492
168614
32866
607078
807150
620412
744418
785029
472872
604490
251610
169657
710214
81476
766578
897079
336044
875422
433698
65490
883093
762611
879186
594869
938192
370187
506145
604157
115532
454028
701314
928369
950344
685440
805632
108575
748588
739263
793634
146004
742262
335161
760105
458871
521357
518946
164726
148098
892018
295738
548040
211806
526868
70456
723236
811547
518786
574546
331725
590409
840891
923948
4915
382902
87969
881371
391464
534403
662284
134036
989965
275045
15611
177781
318411
834742
750246
169904
977213
372661
20719
59408
950315
287776
952822
448809
796786
54445
37003
216417
753727
471264
425727
77332
113338
162187
262611
300136
973183
810664
276050
357103
134023
109324
857339
128242
36005
65161
936918
294816
563437
14115
807399
197907
277871
877484
376448
578555
842401
630207
12017
787369
188890
999445
40475
145658
463611
668167
488867
761118
843688
146784
574338
76036
395636
423710
837880
786340
534747
271366
114336
620264
532904
283105
280415
39160
149687
83542
218742
54945
738261
995813
574264
719713
403203
122750
333525
519697
269018
497532
859924
595183
391432
232961
577439
572935
516088
488814
615544
89854
975568
788095
281674
365115
319380
171330
982554
662322
341416
496178
218908
904910
613298
185268
991394
169979
302174
253549
194095
820365
383931
698302
133546
332176
194818
321693
92334
38765
820663
541713
662142
226613
80488
987017
153878
467917
124691
62810
203356
27959
71077
851924
938678
548281
578140
272703
512693
138731
489229
339767
22062
459938
474626
141985
849962
130933
189371
739017
405939
313320
5333
287898
308815
819197
179209
805241
321801
724627
850123
44222
319914
721656
581266
221839
916423
944723
2999
417499
470004
381095
268663
60912
762902
148037
15891
851258
461846
981073
263959
632665
982706
518318
86583
346717
337517
222217
87508
753441
950247
192959
495582
492609
151495
471148
184852
627705
409108
922961
640296
142043
344291
817121
482110
276525
89835
757160
659026
992285
865396
680024
27896
927905
104622
554354
739839
858863
892702
190350
206447
112726
108595
474375
30002
198648
135223
695109
188943
187748
333089
891944
130705
93396
957895
183821
109702
730496
514608
714753
876579
855260
590664
163584
72517
291381
450157
974632
317394
775715
873254
593535
871614
94764
900979
648221
631402
767286
417471
309112
798694
435622
531122
250634
321239
972185
599715
539873
900980
327933
710891
303875
880362
434190
778516
62651
756448
851689
197361
657156
156821
990606
357191
117393
857764
223351
581865
796087
463594
102991
733601
661368
964798
456337
467146
983533
228383
625278
890555
626447
705068
249658
53726
424994
561484
962180
398622
515390
550765
575120
582270
115323
150634
151939
761351
363640
747974
646538
889434
80200
371605
754136
301539
111162
949178
646394
279982
183748
969867
658520
65043
662475
732497
221002
116877
299090
507435
111380
737705
369084
940562
169216
883354
828991
639158
220119
99241
452072
360072
670203
560585
313924
950225
662116
921929
802482
161407
519797
937762
147331
54080
795002
379248
799819
196167
520129
222718
82823
8492
697490
30714
637418
853680
223243
377607
246662
368414
771741
170097
702420
586636
287581
481980
282528
792897
835015
92117
596692
753
7446
660074
329758
638115
655289
549333
176385
204083
657010
499059
941365
402804
434448
558483
118524
711277
523655
853515
69763
516484
80297
551780
72496
292281
864835
22709
359822
335753
73174
908493
102291
550707
671601
728266
553546
78038
897640
799558
112801
678393
759219
472177
615057
83749
710053
724794
13733
842029
442950
964839
848298
235854
846032
139333
807026
173553
822595
904889
5892
561869
906725
884532
994531
279145
708057
981701
430841
382399
198427
908616
227169
460796
210134
715836
378318
42212
58914
599923
158043
165331
503517
108578
571183
551646
767717
650904
908172
545304
473519
903052
44341
784305
715847
589903
850362
976504
118116
931104
553505
637824
657959
865310
438643
378849
961264
487448
394272
38422
911069
58048
636815
205444
80288
790911
567942
4762
763580
934050
104179
155091
888540
565105
238869
158552
481232
787040
822282
444867
733669
394335
479925
239743
981087
38924
790987
629451
96981
420232
174203
308701
234154
348455
595960
890979
278371
935553
823332
101860
583210
853862
868634
538502
435486
114926
780184
437288
782677
708909
213063
163439
59247
814662
907561
964383
83224
442583
583198
57823
7961
267922
752851
901791
451227
613419
987400
619925
949498
163757
152379
961186
388738
981480
807030
206292
797321
89093
908722
389124
460585
997754
52903
352096
189208
519704
674929
140227
634661
576705
450912
204608
431504
91000
33948
419262
23239
36113
958963
593661
785337
500359
755649
314295
890521
831724
126651
437857
630065
24443
127576
910608
329376
785033
479324
11321
738098
760986
982018
431825
735962
300048
173125
895635
486094
77246
400651
647136
634175
386139
597807
129088
196788
665939
183977
638214
484802
999223
441052
520978
282090
330707
904060
867633
364495
301536
603162
745759
846162
726864
342030
272108
244236
248135
946048
887227
703655
836522
947155
428071
811929
547919
900014
461761
655679
147860
618023
192565
782354
196491
239630
48843
153096
828435
543252
630089
196041
661378
759063
211317
616268
139838
300619
423415
746830
828331
898630
250397
441583
231742
909799
359353
700905
191985
191844
108901
887853
471887
139056
703463
269916
223215
626373
434415
532702
988349
517459
819581
559651
823347
692997
247775
175028
990760
533612
703384
22389
795007
75210
228829
292473
716800
268413
894969
819394
232899
97287
919632
45012
154568
798198
919680
780852
968292
207348
325475
660482
221526
365
684977
799280
111672
101592
216707
165342
406481
934245
872242
829204
401351
143490
770334
488091
276082
710665
175370
935992
430091
473609
907109
113478
954307
546095
299236
164015
244976
345488
589834
200198
903714
791702
789129
581956
816020
657542
410434
797726
458174
275114
5097
533759
455
536927
179268
686567
289176
21373
261330
930784
4236
605790
865992
432536
286851
608205
666358
278176
77014
884237
70409
484544
515877
962947
839785
311604
579851
903169
699011
431176
266611
794223
287265
131979
386564
453272
311604
819251
62584
383886
644532
226509
134922
107323
418974
384286
808654
720518
319004
537499
465050
983774
204803
690434
969826
89766
700854
140372
188130
48317
411751
163759
499060
388457
614718
692427
487489
607647
505426
739025
188500
753585
96852
335315
22922
661652
619723
676716
360870
712781
753913
946101
54977
229880
604061
719393
599134
296693
162322
744438
692444
767216
195157
952745
614084
763850
617571
963284
829890
456233
890561
542742
185073
496281
410837
393735
480911
117149
115698
896406
917712
82966
874929
683650
253838
855375
692154
975793
655261
248291
308770
246384
484541
219787
301615
228104
79721
480712
135862
179257
388428
690857
113509
662422
414675
131450
831709
747836
990685
226505
867383
7280
509903
206678
138984
500181
731333
946774
755583
13702
246947
403492
293707
803926
641865
202757
789081
68257
790501
282582
471194
836047
109666
589716
859748
499749
767294
922120
413263
559303
707065
288717
361984
217102
636137
283071
865218
858178
532394
985538
21007
16180
137651
987500
516271
894267
221509
74256
86136
934601
6908
91112
90675
246505
917960
253470
209567
509207
621941
955127
228815
657915
542757
500893
448942
339076
518816
301255
867299
785757
797378
54407
241103
463311
888147
972143
301875
748467
407924
161057
598831
706642
879220
252082
753893
515291
879746
181115
503868
275456
638589
133436
760769
669677
748968
212652
637223
874021
11321
710497
281583
509819
322256
378328
628579
377963
86085
159330
50620
30483
59994
972012
101155
119313
108239
741673
412309
327930
817109
149470
814559
457587
730010
142473
825097
874992
380739
759535
981711
104007
800504
143617
783882
800304
177368
817898
978286
178523
175438
854712
758828
535406
497403
24932
167288
821018
190419
296831
146149
772825
563396
14203
55723
276678
929552
263124
641739
87768
937916
878873
78537
651836
744352
360539
387608
545359
35359
540785
588436
11253
85489
997284
590121
361305
915292
799806
387473
768449
701762
571306
390074
650636
700819
298120
215749
968331
438818
354960
276395
68346
825429
606560
936954
724954
472183
794083
212285
586668
302952
416736
722746
336779
910644
493660
270549
871334
874688
436269
174738
438362
747872
411997
120
692712
489158
668279
583057
98648
989526
973553
6221
473705
472853
658165
541894
988723
701759
636046
317086
818395
216631
41516
649668
930803
160857
73683
115030
194860
937579
492006
806176
663544
485491
997452
452803
554304
694690
749437
772657
910591
548782
272491
409749
923258
273277
36239
972943
189532
204477
205390
472029
448177
840272
197000
509973
106239
422629
154494
812431
133309
410466
961757
87775
965617
646653
63979
558463
716841
610218
760909
648204
180949
175023
941362
249895
536511
246867
474784
403324
629289
134644
373081
59615
103490
92088
776681
761426
865924
394396
356751
325603
441517
265256
389958
704754
864855
814211
575663
921233
812150
524387
587868
44868
395118
282780
542907
342823
586319
458330
11805
818799
814894
392362
556450
816008
616417
124466
180035
131678
342166
783425
512956
66424
160976
135937
694932
195454
817664
667273
31050
44059
143164
414799
61598
453117
530590
58107
402489
572729
689404
610006
78905
231052
115711
383201
966429
768061
973922
635010
205002
370270
650505
707929
876984
767537
197755
845426
86716
741542
582014
847187
566578
951426
790094
475956
772294
405212
674617
315534
216863
376130
498010
101452
686249
349368
112368
811486
907966
108000
208154
661293
925681
835893
866801
378921
178550
498289
468674
851581
212785
901903
596070
956964
762073
686059
429440
420053
25417
855301
668819
956634
378787
921124
59645
486655
26465
942999
215188
386725
686138
2326
837788
823158
970029
104776
131106
836338
9708
959134
488375
896360
979176
744604
497356
50433
341109
578040
509543
678007
846939
876699
751488
353763
988216
272516
579834
561267
755669
629132
228673
596346
278019
83652
151292
885217
848177
512442
358511
899515
539918
887515
746673
704951
403285
20658
458884
869294
442618
100494
433302
307932
648495
189250
514259
400812
546643
186502
885669
363820
660728
737083
251017
679008
930383
778636
655695
930418
295218
363760
364206
720967
981390
258572
141249
437100
821931
957876
829346
20847
820058
432274
482978
803850
941434
36575
503650
456443
854374
440271
325073
676143
3646
827018
552386
23964
104913
769812
883624
272046
402980
716621
824433
136281
997474
662740
298749
57613
614751
907207
459450
354568
128202
509094
72286
644549
710767
991510
104255
437970
107303
307521
785106
117631
317597
990554
239166
58418
865597
6078
784092
42200
446138
259062
135310
355702
279548
281945
787705
106205
119333
994703
397728
861116
653823
945200
551262
677263
256260
562378
34112
291382
647561
954434
244092
58848
298311
34833
478738
397414
64583
487344
20606
420596
13674
498383
394967
229794
99666
238910
350664
255713
290609
978799
272488
188432
617644
829010
174903
339630
856939
629344
703479
259178
979071
210484
893732
292503
598065
383059
928466
841467
970211
924876
336675
121606
285605
11003
28833
824096
998999
996007
413694
367771
872118
858507
977829
229320
854789
422002
559164
651045
804632
361467
54969
779060
404288
481724
729630
360231
427598
342147
208850
473207
242566
528632
344990
488915
582370
200542
923776
789878
1087
578168
713199
755089
409640
7048
692973
424232
713662
731571
915202
9593
711872
800320
365210
343958
893117
718783
358973
218516
348051
86854
711718
921884
834850
702999
351299
299358
26771
534877
172680
403622
477247
878037
167408
555655
227645
187210
558482
906611
202507
470776
803676
921900
221527
989714
11502
25621
154795
43679
694869
691234
903540
461951
805410
53935
693229
353164
667367
370604
191149
644252
491405
239093
889609
752482
348821
182719
280807
961332
685801
977902
419808
957479
987422
793284
605265
353750
232713
312373
843839
751490
286075
483350
574564
148051
440410
602483
480602
583549
376861
100031
595491
610942
17251
959078
382547
783107
168625
403071
484698
532074
987206
588637
166962
785891
516765
814341
665633
941103
691647
773945
67051
716107
213250
177459
957592
31014
668321
804654
451677
104973
623033
487325
805226
54567
910622
321471
153615
279068
260184
170954
790732
559570
626493
371204
942899
51983
749676
424177
945212
564802
776931
327911
442853
941917
973438
758781
781828
418651
561293
977826
482795
354015
865680
55561
478070
310845
370898
723266
640179
845777
541791
828644
969199
311245
969954
293159
88281
318609
153632
739278
886549
259187
91915
594817
978016
650398
963780
639353
635803
493718
946672
521940
769398
517337
208950
739656
297978
20449
390098
155124
34610
908487
347673
193490
940343
820737
543625
960329
180823
36364
624076
722527
266466
665061
519562
175052
78480
61680
18855
112553
596562
195964
156576
24263
965684
137374
51261
673309
505323
294970
404404
432217
680577
605536
934490
593367
362586
346770
974470
376943
292769
867684
970116
187049
483028
666620
768691
530764
763114
998457
514556
372244
535965
176944
658095
659393
318935
172050
387835
943308
314173
743913
232522
450101
118034
218241
974327
657783
801482
906531
617709
970013
401388
335869
498589
540206
731362
472925
365403
887620
560608
413788
427478
543995
329583
347415
436786
691716
468053
119513
49796
758681
860387
78805
944617
847691
172827
68558
390467
24695
704891
592665
455506
70743
79850
475450
667242
525940
548478
467500
511382
578105
125672
159485
91658
633764
677309
883029
940669
371221
818529
629591
399659
587209
69522
160095
887269
400928
662286
208108
663315
450138
860770
899351
263560
13024
471953
193025
450752
478335
567069
84236
99961
633583
22005
580288
394474
554065
924666
822605
875620
833656
712431
663920
61508
190431
604606
39406
253458
150584
563681
254845
60858
800868
595763
381058
49061
401534
30868
760245
194098
220689
318194
804257
919190
72618
740923
512136
604493
583945
495836
255524
365051
394033
945908
528327
558500
560607
53850
477284
808580
31831
413127
570150
888333
835353
201698
385790
821947
866099
410919
402810
760533
475824
210226
728145
594434
568878
821358
975419
671172
422797
712917
421821
26390
942595
245218
199170
148574
952397
976219
907237
547023
787008
520180
903692
368095
933182
906658
957486
506719
952964
770558
570676
585148
856479
523985
367229
267024
397054
270914
370428
156518
579875
874073
48573
928201
668724
90287
358405
822215
103918
990708
38806
700999
929209
125469
509521
931140
678230
590312
976438
802021
149492
712013
369671
23035
883298
35075
330380
397974
529439
153707
335087
154948
4814
587101
49927
496807
854598
431374
173554
661938
650629
174427
612570
483712
505412
177780
213595
909905
357541
141928
919803
115361
431305
50376
59863
635751
615614
266875
393375
889511
174037
283038
6776
812404
890322
976341
848960
205446
62205
687859
368174
331123
761302
249666
604886
250190
845029
119599
887116
93657
183151
431829
245665
961959
459205
252068
715337
837779
309814
272621
947421
266262
12388
244366
593595
382729
330356
563253
292107
343736
808351
836370
135325
891871
868710
850845
937390
490564
526242
357505
420362
881392
593145
540004
44363
471435
782189
735444
597887
383187
592398
629903
183079
788729
199056
490414
317020
850584
183159
536688
538253
471571
763822
133855
628963
784905
687800
678561
538117
110199
105726
126558
167735
650155
275654
81800
829725
776865
755652
840779
44958
663228
340491
931539
267812
528290
191644
733877
82239
509876
593567
696827
442281
920617
309743
962703
396452
622150
328592
668098
136320
542268
288188
137658
246137
786270
657626
143606
950396
609789
465680
629695
71498
524001
429871
841710
291638
792743
826125
895892
585288
788594
981809
370569
207620
176463
683494
343508
552516
690409
245618
175860
212674
277989
990113
37129
886322
350235
632890
544546
206476
195826
754067
837604
198631
796951
739520
975507
173697
775002
673639
999296
631515
963749
495343
869775
271617
14041
481815
439076
501864
620550
85859
82154
330351
131207
843312
231039
702984
535353
402153
93696
184368
970710
831186
237356
120154
251313
990978
82103
755178
839760
708014
356014
439900
442849
992607
437313
492613
291675
171718
987698
828402
964018
85798
813785
7021
404278
494575
972689
337950
661897
388779
75203
117069
917051
54993
25100
922885
939268
393271
567694
467604
66013
705701
928144
60592
197115
6149
932179
249716
851241
671158
949682
504199
353089
366975
577332
451357
337350
959584
814834
251031
481377
266501
957855
626182
852342
650708
297209
79437
864931
671717
936523
638436
943893
472785
434140
843705
630406
721315
191736
164401
76951
643180
246680
715980
986693
584435
668848
4006
426251
289288
357782
204121
16340
742777
103626
923968
370396
243806
385894
831319
496994
222415
957219
339326
843724
255350
465157
537692
599895
450687
329253
218464
592952
572396
681561
723939
798100
88132
255873
795881
572825
643371
747761
958343
742967
774221
347830
348062
603199
202868
834951
24325
285078
814138
427082
937093
737493
107736
673535
340861
454209
575004
741261
690022
619554
522233
852967
625521
431810
535353
137755
659981
587523
806989
183735
148100
276509
570373
61912
937989
250676
861146
299600
268860
790802
383209
400051
154653
881862
346043
579006
745985
510744
45247
919397
289639
17319
60057
995704
798683
902306
401619
847473
227828
909983
81905
10972
884534
432219
62243
473379
278936
332751
613396
471989
519841
502443
859424
208851
351020
113329
443170
774071
207242
844785
769450
553825
147206
858973
575630
521471
184707
512968
393560
542456
312130
361728
555485
339413
568576
723716
708269
115532
936380
307428
727910
61611
530582
682548
503203
401758
278547
941420
525458
583580
83901
354271
691491
859380
162472
819990
538525
165296
185103
71305
407435
975267
539484
51449
358547
765140
884358
785900
666918
952583
707029
329414
648275
154212
275329
350081
920951
924487
542904
155913
343567
90787
537151
554615
107438
356819
493744
966183
246985
799615
110625
168120
775152
253287
589413
214303
752023
165711
485868
784360
339411
183623
780742
972875
559392
756438
49540
8103
42590
314819
638399
944670
394013
330175
572850
878092
771981
713266
959298
7140
97496
821344
982751
981929
121355
390840
846978
850950
137071
49529
380310
651212
279094
140225
849587
512966
828753
718964
251397
178937
711903
44229
587915
878333
835071
36068
586492
474354
209734
554116
191428
946657
665932
722952
18091
500145
893537
970441
145367
235203
508445
462726
586472
307434
536341
928297
676929
89738
195626
649138
808359
462860
304443
388611
707265
471035
233210
336006
668543
129982
751196
497662
670487
970098
505642
301929
79723
265507
732149
112847
274887
672360
733223
31851
842630
326104
271988
228978
515540
659756
966318
431044
88717
822515
409208
27758
457796
993516
71186
352730
666721
270915
969812
415892
831714
924971
142646
923449
66178
670100
801163
137982
294518
675210
789134
400538
236628
362
838997
614866
18447
699265
375586
218719
236189
292738
603289
592189
390713
574820
955851
234578
623108
371350
131120
630585
248263
103840
722356
970475
365459
578391
442280
371146
995401
5180
926361
998217
271030
335923
198078
803258
933398
80603
986827
807861
342330
79630
257570
422370
277764
876534
267497
225316
164430
576330
108406
721122
887018
456932
49639
994227
410244
661377
51215
450790
585124
385876
174475
653739
915856
448327
154354
228512
453582
445455
193002
775036
976583
405162
919064
889746
202823
604664
894447
64259
456481
312563
859498
751235
858864
623437
600532
823174
69176
510693
983300
421830
203818
212581
805543
861172
547334
466490
91509
649528
704795
71473
305414
831847
717674
453611
207933
766657
3369
594045
409186
393123
726179
884006
853710
205583
176316
974253
541759
437782
204755
914775
295628
10400
595648
999554
142386
119448
939644
324642
945228
592694
405216
752085
743201
881194
460870
350948
389272
837922
960268
246744
944198
42232
962231
768247
27240
279867
169139
506138
623788
967321
165432
947692
616617
265894
997641
306945
872048
858763
593623
380688
674106
150093
276098
816847
327040
517433
177535
344169
845098
914154
980
608415
378527
905206
568960
864952
205051
913467
874617
34726
147103
739841
313485
801783
139553
671884
314730
209268
639012
859073
85753
151898
486211
842098
945188
936050
673575
548744
966905
111695
737465
635788
183782
602404
707696
78546
133348
732543
18507
110210
405937
951526
867419
552324
552501
236749
456120
787848
995782
439728
143636
837103
401287
811603
497708
769817
764587
196692
595930
963404
207319
44777
186248
711549
466470
65340
404223
40639
825094
587616
903965
518021
589567
796142
777893
510357
439700
1473
932144
810700
163138
141514
553026
976392
124133
770512
794296
217461
539578
544455
703069
16375
868863
888908
474523
914929
501367
456827
830670
291888
295434
645422
466292
394808
319112
679890
510145
989864
167054
225127
759823
667148
959489
549652
933491
207615
610872
953636
310251
675387
139190
333537
37939
661695
310996
676363
866742
31451
133054
756149
545186
354395
692628
124989
439700
767822
308976
171814
63219
331890
192647
297364
911896
509501
115560
927011
511787
850186
668706
325347
593929
280351
664899
791540
849057
203287
503226
665915
3550
563953
373342
98494
888510
814515
241607
758818
627970
430204
48154
552446
569598
561317
388003
750491
928912
258643
251483
947211
278061
455069
152136
979234
456279
94676
788483
690326
851819
193459
50901
959215
745878
806884
595323
114538
816296
724973
423945
967216
794817
647349
604779
13614
552679
740535
508614
630736
288314
66818
497085
298975
646526
205098
965455
25141
505816
449807
844253
735705
721364
647943
709449
673403
210147
809451
721019
911437
12898
17147
205629
308283
631765
282223
794310
644233
574130
510555
474772
387848
57562
794877
649650
253749
941475
869350
598425
41006
533904
547011
443251
875666
75170
894152
671034
855796
285447
191416
693503
953402
864945
272915
832455
370520
127106
81436
387792
976613
889059
750725
844785
155671
129076
409337
814111
389344
679389
733254
518732
321892
270147
540710
456297
778389
556375
801384
339661
758573
276424
233280
844526
871111
520153
55719
254987
875675
561421
347568
978092
187924
105534
811433
647553
714576
255564
942954
548008
825907
36147
795325
646666
177448
20790
42473
486308
999862
86712
742365
493156
117178
962729
884534
62953
752455
485789
84845
23021
60694
355128
288608
304447
25707
721094
512571
374824
648647
118119
342403
874416
650628
365031
808831
588473
993872
709932
9539
578632
164680
122057
191450
671972
592496
947695
628047
375063
427533
763330
870808
940433
949792
509898
269984
653228
290431
245376
35120
783755
831889
841864
846777
512219
371109
416191
106432
566395
475119
705641
53990
649592
189281
528525
799443
732849
733090
325469
615359
874714
104174
941005
906524
542363
840202
516548
776420
298776
976674
617968
742010
506316
141889
766388
769535
294478
361259
803133
786100
558326
1434
146994
169159
505881
354836
108361
941564
47535
748389
153719
239865
450902
677566
469695
541614
430895
129002
340460
727327
922343
651241
826842
859407
305488
306283
474414
393035
320493
81130
425381
196368
68749
232548
23306
876697
65806
684212
582849
840137
219203
638412
695745
562674
479664
710545
733215
641408
949426
451731
160901
436614
750971
326376
240257
21858
269115
656548
395386
652046
394075
772918
236285
684742
723747
344546
688885
790866
302204
586839
323129
676783
607439
683500
533568
463774
797003
120700
949103
412744
552006
194778
998547
89548
27323
602611
139242
710567
68786
465535
634588
478911
162813
120227
32391
259916
948254
962343
260792
505379
256390
193167
538037
566753
854584
388696
999479
260336
538060
668944
249333
269177
223952
57938
933403
798630
715785
437533
479897
39186
640023
159633
57048
454032
478134
841349
38920
33493
918305
242183
321301
544643
741073
87857
693496
333458
671587
624612
798698
181149
806359
24100
140595
222727
15668
252368
145504
529352
88585
504316
921682
14488
541967
147373
433459
85302
972715
918768
935044
444693
177295
682455
634194
604836
826880
667153
356232
465272
141554
772005
146717
144665
340111
661643
209901
569766
45975
265063
193190
833893
966432
725219
438361
562795
607551
489959
873584
392868
924095
762680
773375
362688
494542
600874
2227
310331
887032
927683
301735
839815
217418
709998
999637
844119
812376
338457
529897
103434
749467
546155
48753
356594
969970
42021
325745
31297
371273
704596
870740
704591
368343
854128
371964
455563
871489
209173
269242
194555
811164
395803
46553
244977
417168
611796
733781
750732
193688
467169
538409
300072
978917
377201
888006
49251
327650
99800
792095
487821
238419
507847
117409
626027
787350
347950
986049
404200
757516
517675
463469
392409
908113
906605
161188
85675
33318
649450
114529
5740
846640
452025
970546
352306
933466
727692
539112
838060
661717
396558
232743
979139
399167
979221
899229
770156
242401
933316
968656
931853
60563
255616
503695
393609
75962
72525
425546
469098
572658
87876
550910
550634
519430
989747
683272
725214
458204
710801
881563
902272
494126
764444
447117
104087
582259
311953
292811
243397
597724
235847
874477
678637
171130
555945
562981
89342
948476
183374
412176
377569
357398
157111
123055
146235
751230
815588
826863
657247
38736
27347
708196
888147
501650
284118
311061
512509
455441
49424
425584
793259
510442
699340
356382
793596
395557
884793
93361
298093
890555
632454
264890
768963
94968
411926
58936
309842
463931
963424
647211
504361
781595
525350
635462
767323
203492
47056
293442
268074
930879
712549
55823
228625
674031
688933
988837
986158
