2788
762412
406910
825307
763999
398210
421337
99007
550029
824750
255154
141166
881965
739372
651275
928679
931783
644844
976703
339620
929965
594694
230952
52816
497706
960827
250016
949798
552662
615588
455717
902439
784651
546490
643798
174775
260530
502465
740506
386517
662710
444241
820832
707958
128731
158530
508288
67068
765671
740851
260288
527000
365054
350199
115252
283897
28812
479582
406205
916783
407578
594587
495089
475745
581572
823319
883419
78439
332354
554513
389465
314501
670562
13616
772388
436229
979222
608039
810669
560304
973225
316355
307298
529960
148813
650004
566351
265509
340817
71541
89826
60554
749166
47226
447431
139107
552192
487542
341554
815230
612946
759142
267706
437219
432082
570430
987298
771121
573284
591949
812212
690518
415378
834255
261255
760106
388000
147855
905887
32809
850877
313207
672371
229195
310678
79414
322057
732610
512453
318732
690622
214735
908263
552117
76898
751490
444172
351919
299775
26636
896583
507946
953083
464706
356900
359820
282899
837168
587897
824862
568839
441176
651349
943446
156629
253702
286870
772097
565213
645649
960663
661709
782499
42992
306118
68720
811891
988662
919187
381049
980383
3435
683460
792049
304036
377289
488613
176813
246571
656080
424797
356403
258731
652806
393244
699463
425899
852047
248497
251025
62629
928164
476664
639404
466502
124339
792496
651725
786643
54867
361195
795086
353829
389155
262174
508950
628181
949182
916952
192615
722802
904412
543504
487492
730671
191560
408983
184445
182170
382905
837420
229656
917959
467536
24686
574686
8523
621037
371372
238719
322404
328686
736089
847843
329462
75526
437211
737358
893296
497781
19330
37678
629197
248745
631126
92996
303799
726129
783561
894253
86150
321690
853323
610444
847013
430824
25596
846614
56277
630707
822269
723450
487179
754267
879263
334315
717109
421545
797629
335563
270875
167107
750502
953973
200224
971404
548594
599143
165095
101334
730422
21067
520850
553540
539282
559264
184357
158209
202023
472010
369225
359767
863206
778290
301229
759149
242436
238043
259399
851680
448009
698243
298296
123452
429192
246961
592590
988695
189417
188002
239075
450570
948450
285258
524322
421325
455172
605513
22058
805422
807345
284971
931082
163758
402348
552604
190060
902136
878025
153703
547535
949182
296259
279017
331501
592946
426668
755478
776827
443422
363455
461351
299791
974625
250961
544223
444059
557895
870054
731705
509847
19139
111200
129136
925117
581900
842195
897642
936174
960337
17396
63234
169906
269977
796719
555184
226205
31931
753815
172568
678925
522295
120504
174956
812239
481520
626760
978494
211489
440647
389564
5093
352850
779605
203448
229643
26630
336644
858014
983698
100310
648139
148296
272737
711444
298820
537552
790927
342315
171947
680972
900586
960997
200437
288215
46691
565127
560010
638602
956698
789079
279393
4170
649730
758142
276215
669115
643249
139976
294764
712467
345671
752135
808058
653449
801016
985815
995218
963307
373495
776893
648469
190863
18880
699177
178092
678753
733186
189659
932356
221020
641320
819298
626537
856084
660547
291454
499390
934639
273686
354663
328023
142580
419005
572327
749875
719419
961594
602018
63385
425412
718941
822198
504269
431588
876944
602429
907951
411674
135036
796719
989809
299200
593436
897125
804211
41501
988700
117304
414461
615895
546925
476808
815256
299270
20392
616921
479881
584611
167452
345559
393707
851487
430710
783098
374632
617168
610828
612228
520340
421894
550406
16423
474662
421692
281769
109829
53715
967978
40001
18447
688329
988472
135339
99790
749701
546636
737084
132928
790993
443076
190865
795930
933917
160832
478709
470509
383673
248278
735976
657635
682413
665641
189906
829032
410422
50644
943556
553125
534621
492415
489894
576743
128948
394324
309059
413790
298416
542732
711918
3522
497694
138403
64207
275024
26116
429546
598541
21490
304277
944059
467098
693117
126287
798918
892694
125268
113141
414922
931489
794474
948068
319840
248000
322660
677589
417841
368938
521820
770734
114696
49520
695426
564549
127874
821384
64541
657138
187362
227573
428079
559951
45057
892436
859063
143886
782882
301956
959888
483576
602532
928819
181943
624190
346320
190146
307818
15805
867475
706708
331115
587859
833605
422008
835876
575768
73191
43760
19748
913148
594924
628446
843719
228667
794542
711562
88564
816127
445377
241618
436544
929554
699557
585135
681969
233725
328085
817951
966301
823298
559484
430389
729008
210547
30855
361273
775435
934830
897685
181309
288714
158262
589260
680253
212894
84846
807301
794865
706073
725172
707751
970675
900361
405655
521233
85704
497275
316599
814897
391565
431713
650488
972658
100544
654286
453474
350738
267111
943901
437848
371985
129184
526002
704819
491461
209991
547544
610619
633163
470077
374218
753857
94872
704155
729101
246620
520365
625139
762746
114558
540457
55359
790170
794802
607032
64489
903977
953908
391721
69238
963133
511597
584414
95888
728192
305801
229724
508014
141145
430775
608002
466978
326826
531708
230551
77119
464754
601716
385980
716516
21458
606311
44352
83946
592812
536964
729938
450406
515495
732733
269457
670555
167439
439742
554304
890367
563866
171595
697557
514600
298757
396853
250416
105491
237533
902712
648873
777169
412890
81076
41346
84687
164198
912134
234684
990336
369659
701123
989573
661289
302441
753168
301198
397128
913591
286433
279099
239074
743649
678092
505332
26984
135552
964105
494937
821829
309192
457929
107282
54599
229611
2991
44804
264231
378074
868271
698591
754423
468395
542274
121556
496103
802262
793859
742756
425651
167577
95529
760852
136429
401084
213602
219837
126562
793199
217608
536319
225452
776847
318786
699221
564564
492615
983994
906308
781601
395091
389046
953454
946305
345440
153749
751939
417939
671887
417768
901591
603151
77209
467051
15566
323347
193421
651679
644339
208330
306484
805701
314152
559483
304469
207225
17592
570540
96340
999080
610568
172720
684405
711343
413293
35348
149246
522129
293207
416674
364411
902613
949610
695120
108891
409274
192749
668361
667960
60888
423131
681429
855092
391765
804759
240999
56894
962752
503293
832643
180276
301069
735764
355850
108067
779629
844895
397859
304937
167626
256850
404168
122940
907356
177506
189418
366467
502635
546997
225858
479138
393313
719289
206518
567507
111435
855313
739363
534703
731884
942697
922637
561229
908222
778858
68832
520449
931590
571849
223074
358470
464594
789754
785720
902646
492690
301635
332370
827061
273873
552491
196915
322094
508110
347729
636960
389941
966395
308888
116197
51596
186257
150208
387326
18881
303822
429328
79849
634933
887821
521135
85062
371191
965760
659859
531367
675406
681355
277841
884154
758997
45504
320466
534544
749697
173811
301606
594953
925631
739962
351602
837982
170936
413123
799749
77003
568950
285778
696649
397143
30496
74837
115733
733057
57569
955621
916575
5193
982759
307035
684175
557336
736584
962829
741358
967885
255103
889316
864829
653348
757395
431003
307299
701253
6808
252758
310526
453095
720463
609949
888090
252255
392872
957811
75199
260297
375209
556631
451428
261777
420518
566614
577858
76575
124400
300043
478980
285277
74251
650933
568858
119718
838678
144243
948653
161228
164111
824606
110637
126278
622511
587267
538374
762100
281137
582715
480496
360465
472497
482793
782501
969844
18863
795600
470190
84995
256562
238223
493143
807348
933769
570810
219265
40577
400557
982549
255830
707624
59522
631151
726039
759324
195132
121753
91537
201035
743327
899266
197742
60749
670302
862384
222759
933862
874213
430557
226647
540920
569138
693484
545131
798856
453406
925062
282934
742442
312762
362901
462625
94860
299732
203357
927231
749469
247769
702322
51007
370008
457492
260570
147963
928049
990613
740799
370285
791898
225645
96593
535872
543026
460245
231478
813380
37835
912110
151407
410428
11286
509731
14216
197330
233902
440554
807483
603179
693757
967402
221027
12692
870031
656375
416152
452123
366257
13560
587115
851579
696965
332138
692543
951023
613157
70589
483010
779431
741746
283100
563911
188184
37752
452426
202626
9198
291327
286952
824287
176605
346481
426963
875903
453717
662051
577514
518159
905812
837634
765037
127943
354069
690971
245312
725116
434598
858502
275343
195043
387607
781744
116236
213475
574926
288196
491669
638613
277048
97206
770160
189595
393690
647020
12472
351194
534981
694664
762385
588245
682024
593494
220118
505127
591552
545807
932053
320605
861162
689544
563760
201070
958616
606778
74916
400023
182370
141486
365350
356887
85236
178437
104105
343748
393510
756129
321404
533129
692073
883636
880977
128445
76188
492515
516953
309792
944382
460566
776266
649076
703423
868319
326338
124982
311471
619332
32837
297720
560280
131499
695267
951068
161639
551841
551605
791471
929860
326150
979781
568479
109188
897625
307277
676378
479284
713884
721048
71045
516246
546019
332421
633686
61736
628799
284459
487951
155679
581121
629078
813656
940275
791853
905262
977335
972308
338941
247864
366830
258362
648846
446838
458673
595866
73708
801962
308226
131572
558069
365433
973867
865673
132524
621738
883159
876970
545820
392973
352590
208108
633958
899384
396044
500344
688106
269805
229244
41663
395214
757655
879702
528778
4462
738419
382226
314031
524640
462348
413063
849695
240546
959455
548005
768605
577763
65693
393035
617609
574250
81486
762566
161882
252455
562002
788455
440939
503124
834818
985280
494764
859144
435062
532731
620601
470168
105248
265302
875143
859562
197782
120638
534395
158679
306157
135111
557589
218044
478528
790214
921289
836702
125200
843404
700078
844599
118086
119103
745295
793569
599763
454614
694304
362910
967864
785200
803979
962434
277090
949778
353063
96446
21357
131324
488074
667913
755593
843238
877557
368492
311546
960732
423150
516075
632441
862259
8619
284171
253816
419815
751338
446725
859395
352211
165085
933957
593666
921995
811203
640671
883803
962265
52562
187983
416116
297619
643792
880171
881174
665109
312578
15847
727469
318945
505915
529348
79979
14287
784917
25623
89805
512754
178878
63154
421238
835657
645930
590897
245943
4063
446118
28451
638512
207680
357069
870034
419471
313496
604115
36977
444791
279977
200254
945697
122813
714664
7861
338911
915980
971765
713009
314318
568680
777782
295440
784989
15439
702159
298248
859221
691964
752895
858808
143170
763077
583898
201242
378235
847524
965983
427861
708559
334034
306677
833456
693133
480335
661575
728608
996080
276159
388729
532546
299365
918894
451077
308452
919227
514932
587511
172861
719718
600628
103937
456317
277872
979454
906491
622783
199741
721236
396475
4700
665785
918986
822030
431449
411488
456902
269008
114816
805801
169447
455789
959820
339920
544131
91828
445117
424895
413384
334037
349836
542104
118532
144951
60409
111649
874175
499832
69888
78669
799814
244418
948713
257955
603139
461254
14719
884621
595783
233368
711000
256255
456746
57639
268051
730434
570698
678295
873121
940508
15343
582525
623993
549470
23119
50358
86895
766538
763309
902053
657119
605726
381339
95047
661571
103681
88225
71156
402021
686217
561782
761844
633646
151399
135659
497083
203356
488560
918631
904643
47378
962824
949581
598532
190473
686189
704186
40787
4708
62174
963242
883540
176930
577894
210618
129629
431021
549256
669640
10729
274639
417224
566198
6710
934340
393940
418318
658236
527274
758222
801855
9034
224661
663991
943686
453502
614335
983929
722472
985760
300188
102480
111003
448475
157708
327831
523461
530714
84522
923755
213084
135355
781121
508542
330988
366515
117023
905850
246007
318014
509441
595471
497334
966016
691693
761883
791038
662269
349279
461941
327422
646066
335579
256342
759589
182606
612065
19557
812640
802448
939839
430814
808961
297598
143808
683614
210043
846911
126018
944589
15113
27606
399653
467624
445167
46651
161120
676010
677145
502424
154861
878294
453919
813981
516517
823140
153642
747584
348006
717637
861104
682388
49136
484309
977179
982533
583823
920861
398728
739310
390067
811585
707178
495063
915483
651532
35919
742926
495408
154838
763771
593824
448366
564432
743600
256692
517245
706732
247439
394501
904926
520747
137112
452026
740032
549892
680526
655908
822707
174126
784182
973651
886196
603595
230269
472469
774694
763377
277945
190733
533218
639637
838088
578219
620581
725142
430677
73933
265768
708899
772409
467378
150605
952395
267325
871511
744501
12192
175870
566960
713198
527558
785769
239940
743242
774557
811622
373157
596043
736648
766418
440779
727354
230554
128420
869709
704470
109277
383153
793403
404970
282174
292234
729626
52088
997784
322755
160253
264977
580571
870159
296764
446662
559449
483463
653076
832504
773037
438089
680923
492044
415304
434237
580893
368827
192985
407027
210968
105862
825752
975848
364049
709894
240
594920
164114
845921
234311
535501
921856
308185
622443
530597
343004
693438
722266
703666
284566
414404
555566
347850
220105
899311
660515
539231
804376
236971
811462
775833
816675
621624
399485
20703
436197
719362
971373
654197
694317
673611
442815
49526
537937
518787
237988
901221
967003
480702
811214
368352
386736
44756
184397
152262
264375
458126
531355
362446
704844
620310
386362
133375
585264
652477
627002
539529
69024
387689
476951
379071
889219
762650
11007
353778
199420
594391
54000
682475
404704
753337
975168
209988
941761
528723
136374
833699
287209
637820
639830
430036
336099
981820
195451
794114
718258
595919
667932
482514
391589
148248
872816
946653
182466
580005
88558
941703
144223
521243
137262
862080
223249
341246
755243
737239
275835
521631
739690
981366
601992
43939
889331
855678
937139
590251
720574
836672
625155
761893
562602
747796
402133
3503
306022
867866
409233
125795
773682
867595
475903
165827
220544
679227
623474
594818
612980
368493
420450
598253
665483
536082
597336
285300
156247
275680
551682
356057
863656
312780
59814
193268
148039
76323
714099
257248
505884
219402
401075
806790
856367
116880
263581
524036
536779
651309
918920
453049
514623
489882
544057
42479
170366
997644
26589
34790
333862
145102
976018
117817
152733
317562
770015
513456
481112
465683
709573
669793
741301
53506
799725
113283
945928
246956
876096
583632
524403
308332
982870
851862
367535
799282
662726
666075
499815
908215
306652
875243
21251
747484
667624
283456
84802
606174
113203
497740
697728
455288
558477
206053
788503
819542
389506
843981
771170
910385
835115
856093
46941
705547
533664
472206
803048
62793
181323
277860
51946
742184
155927
113336
739346
408797
239880
397280
919225
728782
865061
593661
736548
793062
4624
599328
209957
383065
829110
751577
133344
584052
386913
607070
875563
907103
254826
340821
727439
999731
98252
872190
978092
558770
953493
205184
187064
370023
768373
923726
572328
458395
603001
877558
185383
388977
202577
276358
130307
842079
106317
442011
515367
631625
495015
501511
234947
149819
589945
803486
899208
932931
73423
115038
347535
413929
241175
666296
57305
765837
683317
120447
380785
515035
896947
574636
959406
650092
223254
967244
421589
522556
104651
923334
474651
990212
100544
332941
964935
141492
84944
252830
660022
469455
741526
255030
977976
182178
175779
76884
409368
778274
55306
160806
998905
451937
107736
400723
102044
618797
257505
356516
483582
509509
278517
826512
12318
870201
385202
134690
425373
392157
757939
359433
241021
306345
790438
77372
862860
588656
993404
571527
568538
445563
950841
116791
877285
805378
960107
147422
483094
427142
939383
288260
171812
553550
923918
210410
307799
497532
523967
440700
885927
261642
49191
508434
255491
608934
383043
733667
937389
553000
456614
875143
65730
547820
115782
452966
933847
86417
141552
892738
5056
136141
851036
561439
98666
963946
655771
234955
978856
738336
832876
960973
240843
556432
864047
674030
119721
841243
762417
483806
317504
390621
346406
888709
169717
278729
695860
282728
682357
290978
806571
971443
739388
374804
598227
762921
467700
877165
931743
156837
576181
511291
628541
275787
692331
261058
65167
113937
823766
38106
233139
542691
714026
776739
838910
854008
361302
895975
448648
37487
4258
866314
41377
283493
701809
298736
198306
723414
699302
479211
200926
905964
766947
402463
999094
559017
693485
884213
737611
403630
597675
45752
842319
577382
188941
18767
541365
420946
465482
674007
443527
545329
665409
293917
684949
616907
361281
479285
457035
462042
204004
636153
746204
402710
138454
584226
934042
836572
892531
906684
739688
323258
313167
785865
404039
505305
897551
91445
896460
941063
274612
868272
573234
940832
672376
30701
757708
955865
918865
916023
141523
753833
430802
994795
569693
906837
658033
34774
751087
77718
434723
909419
59369
149736
427939
742817
739871
426546
394770
594791
147849
598221
698745
400005
200592
533426
340906
968529
533960
672453
320260
176010
592957
800312
546772
909780
906470
205341
432920
479952
881847
115852
167456
672599
38226
219757
83662
834132
779165
177315
509052
860347
772143
765462
21436
199658
231267
474203
171258
931866
483599
867137
874686
74625
364367
359482
809934
488008
461242
282916
930161
152036
503607
173235
621262
85651
851880
316221
746610
726133
842691
279138
911280
980229
406658
264470
133666
172786
92785
315853
886670
628382
112292
494785
352740
934130
585611
77027
736932
328668
658846
314972
78237
754470
529970
313278
606608
479220
857966
103564
67379
81882
786071
312994
22353
82584
341766
204035
840527
759155
237692
18237
925833
88624
769036
574011
559770
481904
255286
727847
898555
380579
35924
175993
377794
792618
931181
496801
423052
735373
135208
608525
185142
385109
391963
787287
779269
399048
443584
884623
244134
794175
618376
298016
967695
140389
933962
927329
839171
711950
168660
691514
379253
593265
260898
270449
795972
594116
831597
984080
233253
885171
988122
364277
349087
81980
491219
365366
223535
193066
26803
700206
101195
283691
555227
776745
877571
757712
342690
161255
116612
549601
380073
403473
511671
103579
360524
297270
702534
146184
551284
438975
565695
902712
159177
116343
402641
266145
496325
103217
915378
931153
419492
73493
805859
546507
674551
669259
398155
575366
139992
438851
423232
799614
366776
876638
856933
281460
443924
500412
204077
622537
973830
927907
465918
84659
392120
642824
584880
812441
82035
144830
104884
282321
765461
2872
863570
368371
723489
721468
32906
212570
935409
459495
894364
479223
956166
780503
681956
245841
600512
205816
774749
890781
145705
359279
227398
77173
768171
652764
841889
406713
663842
780560
859736
942207
551308
511947
408443
425591
938333
623024
772452
762208
241008
583943
181820
16353
758231
688751
911446
174277
458899
360798
513976
964118
398047
112086
869051
390228
426087
864231
775432
155091
252566
544923
917186
670894
952780
292545
309762
105643
773487
185753
562429
89261
458265
297433
505218
636560
295983
237210
60576
344357
821585
490658
184357
597066
118253
523214
192385
271908
473326
513372
101576
540347
492307
161043
361814
802611
873114
733967
740236
859043
700186
546029
967161
262036
665328
301711
502421
327704
837329
999372
446119
256260
378879
494199
647622
309131
11287
400394
905404
422904
379206
690352
942854
375943
9116
40876
772792
871009
251641
629353
464189
784691
914916
583838
189244
923434
986106
912413
718999
829837
375875
304953
156237
356278
243872
438226
342399
938030
141601
106431
555088
38308
461043
589910
434149
270666
975734
566682
