10639
793310
303835
293293
134354
678004
612715
477771
425103
628201
104386
578564
746409
139877
72510
167552
645660
822059
80192
790524
274282
839348
283388
230323
412160
231784
422896
362857
324535
585144
425266
111124
668598
857114
685985
606119
721140
778466
933885
689084
893019
431994
425043
832157
185672
629310
430929
610990
646063
145206
528888
837051
458140
532401
695983
338010
264980
255482
981619
706301
717914
611130
68908
195606
480717
867818
353499
333671
738990
277874
637168
355429
928576
187107
407032
550664
150472
814478
931892
699186
466676
795647
489669
975225
642072
650585
393027
637779
885267
325839
795756
136221
857552
392380
967225
647176
271209
146208
174348
269216
42469
344504
956422
392826
625954
657657
206646
268154
382158
967272
359852
872702
74319
819097
808043
365227
52675
32322
62012
426578
811233
346299
377183
63486
542206
478740
293085
403868
893804
348690
786617
444744
213437
421000
828357
170608
813989
591631
338192
783847
41533
302690
724541
460360
354020
523352
27695
130117
972672
61886
994592
988811
824930
345488
967377
141907
304456
85844
753436
242952
86012
269076
835877
197776
665049
118326
646319
231994
202669
13049
136202
314946
149242
414158
294890
743363
406231
102929
640788
268090
115380
288546
927729
837490
412666
524261
590021
744146
179217
148050
640889
999871
621563
881593
804692
466095
656733
57494
951304
102284
240094
37644
506857
472896
765032
219458
136440
669859
669836
990295
30238
245311
879170
602755
732596
299452
3022
206603
387647
550189
434877
916384
423225
570165
643215
824789
921354
561623
289007
721020
710806
442842
585245
914268
95984
706773
673516
355280
704748
157980
285735
100671
198609
4231
321871
554611
686125
997147
11712
861400
991043
539288
943474
261587
678048
789023
270554
486397
307916
237629
311152
382971
280155
423512
225804
524411
615459
21044
743402
598733
491335
860003
900684
385179
287090
488967
917054
909255
557600
739909
533237
158880
787158
545416
284561
391360
434546
28399
355458
718404
560285
464020
425094
434281
369948
440826
630032
172864
618886
513298
440389
573965
594832
351466
777119
564994
266628
429555
710132
762771
892368
697325
937489
287222
670715
667121
37184
821753
409458
802587
898090
349311
149377
136210
16597
433816
179613
891125
772621
836476
501086
317155
202849
616548
508169
134247
114309
337350
870091
799870
158229
796907
947075
596551
629497
147246
628918
724551
969059
246419
715558
476885
257717
712129
352444
237352
768192
972957
53410
969339
31080
155013
332397
914202
330915
472038
183800
842573
904416
213499
441868
181598
820804
774178
436475
201735
132367
94684
907980
668989
217629
725409
333520
952019
507721
2270
776531
966861
183084
716877
269870
973634
890691
396462
498554
654892
58479
21479
347679
648528
836373
861237
734154
932676
381221
106382
899069
202914
398776
527829
463680
39560
917395
222777
154421
517064
520009
232939
575625
577011
56188
357434
419078
86653
265283
262540
208070
393741
40488
357435
771138
223332
865480
464905
235145
934759
290141
16322
423372
936074
380249
251693
444694
208923
949928
914670
334680
743528
709976
373243
743586
888399
405205
161017
847982
146272
913997
472434
707095
137264
801138
501429
13543
643389
249054
269835
607437
923129
1488
518225
862189
643509
374036
524023
123474
356011
427585
395284
58111
933480
478172
665571
35363
997140
734363
977054
726250
991071
957507
899317
394480
838922
335730
406507
253648
237647
247801
13454
396699
395631
666721
376913
571045
336406
725903
296071
147321
162348
463426
686014
675820
125178
476024
674742
578447
562807
241840
841469
696510
278959
719179
288872
127957
370319
771532
986735
657154
281615
325950
991782
465014
875132
421685
787540
20150
910305
532524
782386
367822
751761
125774
626113
351332
718164
855696
934664
465450
804460
523387
589865
79725
266050
469447
210463
594059
926834
247715
144407
251201
828912
500754
241511
792610
430869
746223
164911
446884
699274
477777
290763
506837
255568
129929
517490
534507
74089
474824
777710
618680
691878
572446
353080
279420
156814
462429
975855
640213
674920
239836
693365
335057
291366
739799
128550
258980
586030
285556
169718
479925
897413
54176
119590
302738
268314
296280
151011
326212
318765
19972
474171
184894
779482
341885
291388
93871
930822
39279
274219
186935
448293
136090
763678
848694
574885
893235
117559
537663
837050
260775
746237
607659
386375
401855
944280
591306
863590
680158
185065
769909
54548
150376
809156
587583
588284
569533
178379
357962
191710
442019
421864
363829
522268
356226
167846
957427
127393
804616
13357
421367
140910
988269
429656
814475
332098
81745
722037
285120
951334
566209
807512
99392
822994
527704
100380
723903
375807
648962
674423
394896
460042
661404
132025
931348
502402
75063
248353
947277
411726
342204
317916
97232
563198
308393
181211
479577
383788
917241
471247
803961
326030
938274
298948
749930
412444
284344
202455
688323
839576
894895
835350
895686
619199
27965
30194
991767
873034
586782
137699
303688
356001
157937
608281
15951
796061
704832
558362
927321
445880
319133
732732
567223
892884
526375
330305
489079
13988
573932
788554
739022
692219
624936
23290
994032
157999
386156
140456
665794
529322
692058
499776
748135
261645
948621
415607
645623
385984
365909
732904
305486
699418
613600
807504
93952
650282
747444
710819
729130
124256
847832
716680
889124
653787
348499
503672
383442
82704
397196
215470
345818
34579
856784
749132
810928
74438
830322
772298
433932
315099
773069
491291
951549
131015
435237
160030
975575
948357
641388
386685
893832
812931
828320
706022
413641
897453
673937
797220
564336
789269
523137
841241
947490
312060
295524
202522
460005
662272
698630
227559
426131
325025
976588
148293
832170
278513
90450
212474
390849
438424
380788
791973
613909
867905
724072
581559
308290
847013
355592
881618
67981
925106
623278
516348
385118
676503
244793
708352
749579
37679
283884
400225
771215
561543
783989
664892
307161
516942
953162
206329
846337
618648
96047
64685
362389
559886
109653
763344
565906
460470
960924
566422
555694
760155
682745
55020
398226
202009
422707
175696
426661
5319
708615
679885
367556
510849
504876
457490
933966
626576
314545
389614
106267
881273
855938
66027
984140
546271
949193
324036
790269
832725
357424
684931
535127
96516
735173
833851
118275
913333
416823
228383
753657
270588
707261
399870
847670
158530
804694
345948
276492
770477
428587
951342
347923
992558
479952
232113
632509
714598
963945
938279
791047
800694
656105
655535
729804
105634
754038
427776
84660
862561
840105
46082
92617
456835
700913
60425
702442
989183
82199
545774
74584
852248
750044
699788
891950
525228
989694
745236
83821
165273
78617
720462
934389
416588
40171
598380
65744
253095
967024
155084
353705
578254
996844
461259
803674
67343
279623
670912
260835
790508
792338
511708
483254
832325
564455
938972
256302
305382
892079
152040
557088
846443
113470
52428
441930
809164
632024
919632
566057
216393
73623
364533
187750
301875
218596
275855
905136
486740
474339
44090
841765
716284
521771
145594
705257
711913
810546
572595
785114
844626
519816
621377
199002
550160
169658
750517
994507
43946
500183
581869
607897
792187
656847
213263
288176
80322
775478
703010
15055
763654
272872
274824
179700
88420
911687
470108
111671
155318
647520
569700
19443
721250
883564
714483
852127
175164
260338
804318
382394
240601
515210
129496
472933
731121
792508
768557
575818
809264
392070
642968
87162
465497
89020
654529
669589
105047
686090
150422
402978
812642
345557
526980
741055
397578
417856
860242
292146
932708
20555
872986
682269
820110
665685
596518
809232
274719
721794
920547
548025
452720
887735
18628
330166
445314
992066
671926
656587
222282
789015
416315
578287
117344
372150
978342
209025
600832
271400
277362
781016
753594
793703
353278
258679
943676
190493
973097
419360
489018
754117
233222
215807
795191
388846
494332
150343
33587
725918
613053
257691
376625
12755
897633
559522
398628
350693
160862
69373
623797
621959
634342
670933
23796
764076
754205
710477
16024
752902
201654
247319
234868
716905
671785
552226
370041
214478
737939
48561
625762
135796
633129
679111
11840
120545
827482
623742
919650
600455
168257
424824
574560
855745
574596
160684
717508
367868
610700
60002
27606
496371
215393
502394
98499
53906
588448
553574
920425
817660
484380
540599
858242
933608
9423
418389
815658
656486
707835
875977
328654
163264
658850
192052
160499
320443
626526
364451
277024
430141
252958
952634
346730
978632
924605
269260
827930
183012
649984
295437
520124
301979
789676
260831
565639
92894
735170
191176
326372
602758
277465
693701
872413
895220
81878
971896
454051
8153
880649
755004
824636
351313
500327
582745
383303
536554
343520
804051
762349
273668
219933
117917
710566
189968
53720
376619
810149
876794
425303
95589
798305
822179
942278
113719
120705
463367
876528
821509
29220
295614
502618
566524
219466
764894
858044
211780
218850
660093
632221
865745
832752
414612
871881
387481
846810
570623
37298
218784
724880
913824
46881
952174
355415
282660
89751
223395
485808
505502
574852
990433
694313
581647
144099
88167
864575
81223
56752
249214
559086
633508
180999
151755
457432
168505
488219
675397
459725
596811
425871
288193
462013
808565
379572
626730
371063
583339
284000
428876
671261
145883
73639
493199
111783
949167
91449
786432
973456
51503
545816
56459
750880
767428
740595
866949
590487
549591
137124
192678
729011
910872
289475
929364
405855
414619
333541
267098
299448
778972
377653
342135
497404
706787
195692
842067
465233
789827
410352
30861
972336
668796
943879
797295
507308
865472
111222
749699
599779
773779
789754
608895
70527
772939
442210
445595
974377
28023
611847
555523
536972
22364
20713
930536
41729
161498
903720
452785
562588
485934
632028
935952
361874
187409
377809
462191
762502
281725
746658
460296
814255
562575
430128
94804
867174
215560
377728
783003
332817
922797
34031
587562
382440
923279
504466
383331
770465
979365
385390
628718
888316
891477
180688
904526
329133
962897
262539
939150
234593
278174
982540
197465
966126
735792
586971
748841
699612
933746
104304
172440
917770
643426
335024
537618
510847
274456
100483
658924
952270
581478
241938
963277
157221
66651
211746
320010
171762
763298
67400
323856
85745
907592
212424
742650
720663
645531
578382
796483
753236
652269
457800
954773
651337
606776
657950
532800
866118
624923
251023
298118
514110
639363
547945
706259
366346
229733
125861
842058
635990
580839
359837
210938
322988
163678
655338
863215
100827
193266
858334
591717
823107
195678
797851
716888
351296
206228
326030
346103
329073
442429
123724
434486
244644
180510
498311
966722
315744
864342
689964
949200
936014
849476
450077
289935
779780
238405
554758
463548
64943
459291
428830
940435
880669
519209
796412
709155
249573
479963
570003
232507
189875
319394
632140
488960
407092
791645
475454
461536
529242
240275
154253
52129
654476
646557
345884
373331
838382
46625
518128
676836
462856
464312
902946
291346
722069
122289
93184
24571
902955
830511
822082
649808
846657
800685
238820
643304
699618
308706
187364
100465
258541
409856
41562
788609
36934
333014
210159
663882
216605
759765
255099
737452
79705
190575
215295
117989
341792
743067
396220
92067
466821
922933
612590
56954
308623
124099
322344
932401
657890
88211
193165
665975
403661
748672
416360
503475
938479
79571
644969
101177
528070
188549
423613
728600
607254
55266
401608
717328
224370
886474
129282
898785
106410
536146
902315
662526
56145
582663
810540
246241
790697
183570
983180
649720
353197
906423
891531
812157
229755
995000
92895
398435
455901
691158
940104
626924
219187
643447
993042
264855
394110
894947
458983
493815
123915
560168
632014
734367
90874
930462
181444
754490
837609
586437
93685
863607
486210
720394
565719
414689
469599
74985
384932
576780
52757
348652
397554
287787
73956
573137
545008
671807
931961
591049
286911
417130
223133
560989
674922
761250
342846
377579
541124
371585
628888
503823
63581
240248
881344
767965
149408
993252
938957
589514
503820
255161
687011
731242
333197
113051
872541
972755
297078
346059
250390
593569
268702
599294
71701
425939
391956
339210
849363
948691
905728
128057
132841
183891
556567
630016
269338
718227
570618
229385
843323
585215
526636
921389
376891
964532
283950
724926
827411
607075
902009
107967
769995
656462
699991
898935
902757
27632
818847
844506
127339
143354
978635
66024
523664
32247
325240
598162
709125
773584
318393
617302
72667
146348
782807
56940
345616
739439
44329
387736
333560
582820
802188
75296
903177
681269
429312
627352
963267
99223
776095
700441
546362
443586
295355
557264
18498
152990
340690
604082
507317
524922
716848
782413
64483
188981
93282
46650
775191
269247
777490
755887
403586
833594
191556
219441
439559
883194
703276
63718
99874
997419
127209
659720
248054
926930
314466
80054
734961
434988
633212
566181
828574
864050
355253
530547
609862
242750
192416
72988
199428
673991
296061
533253
804836
119048
206708
858038
205751
885376
489646
88229
478838
709522
25169
549869
33424
988428
294550
65758
219795
997508
462024
488749
33011
826078
612186
533196
409849
667691
41701
344277
30218
213868
261502
7839
58706
639860
474545
851571
675918
130347
183644
224089
90676
329967
758121
1483
927359
520916
182569
491595
677850
540812
163402
925392
253544
907298
237621
678044
25774
211488
450118
627625
853854
15377
487849
687169
76609
493985
150733
187309
856704
252384
922952
830149
905230
199141
648711
704935
580277
138831
837296
739394
126908
114599
295126
922706
216626
960161
996376
571878
579867
198018
233495
795676
115316
711899
614929
652335
690787
487091
667551
332647
992128
119875
704199
218735
196986
28058
487231
682627
445031
540193
198783
618760
998124
569401
910273
316853
753861
400256
533016
159727
300786
23603
811306
96307
965055
962541
114892
365613
789102
816974
939832
910373
288130
2103
559085
407769
102571
168945
436644
24293
758281
781293
727466
139870
15134
909478
709087
157567
557013
55779
520137
45435
335785
219160
597205
403441
650356
918124
857516
196734
795605
242966
927470
176044
711804
307936
113742
314439
897557
388046
216714
88784
748046
754968
952837
450699
518791
616082
836546
288819
107541
910765
806079
961166
505907
820054
23212
288923
101894
114492
172359
402727
885900
514863
41557
817279
941088
350820
724094
1407
858284
366101
80134
783369
743851
548869
709988
556562
201369
199265
976257
671382
431290
876354
747918
356587
262404
818191
775874
10099
810155
247552
51439
793708
31943
835901
456128
587874
905507
496356
896337
946307
908388
21162
35051
825875
447636
458264
420314
785846
57482
7479
606381
862059
27704
37575
896714
718744
520785
503592
117035
285759
151765
924700
234297
532112
101754
68900
198147
682073
346552
525510
414235
461913
13873
722608
957709
920818
558204
493303
609149
776444
522445
167608
100956
169398
911618
764639
646023
913495
245132
822790
580092
569538
620152
781621
851833
356249
468441
394696
692147
9065
681684
445806
588016
877955
552200
778445
951489
532842
654552
24451
565664
953640
114774
109832
993250
998779
123917
594095
3736
839405
975467
12235
554632
529921
924361
575470
632387
100809
674137
909965
148515
658581
659051
747071
824547
520773
658844
715684
47003
123200
981787
758883
141590
495997
266137
444939
986385
906686
223949
712859
458003
586845
39969
477469
377380
125823
573948
643437
601195
92645
472429
62871
275623
332129
930288
261790
351818
101797
515169
513881
664941
852727
750650
534905
594100
694592
400714
8229
773184
295300
669045
826566
319306
393197
644834
267422
278819
339712
848389
788627
825733
392561
56520
897290
417364
448977
479448
182575
650231
609509
515659
533648
903630
845971
601257
447337
280079
832950
391326
288571
505152
881680
822970
81749
869203
619615
812514
827188
319769
891848
121751
145798
105380
846960
84128
880139
498174
152362
322839
684244
103615
290122
507278
332910
622031
372760
965980
627416
812793
558433
879431
958639
37991
709159
753359
405035
338048
523896
132181
509442
667291
324636
251751
376298
772382
18215
437161
406460
393463
539503
646753
572212
357047
680792
293726
759893
831110
623627
47494
33513
939143
610821
619067
953830
957065
482379
690793
445228
140326
989500
195055
69995
442300
453631
611496
359202
18885
408538
745429
920322
107542
308196
281513
731697
410737
535315
277232
999274
429702
919023
343132
281921
559181
140456
972077
874372
764921
59010
309564
285246
135193
632430
70885
667285
324752
155957
898191
793427
106351
595277
161498
615361
311532
627214
384483
923375
322626
965886
881590
280593
117924
414280
653585
553860
917151
448972
525393
648686
365131
970768
55612
953154
13805
896979
436586
231523
181484
590786
2768
583456
813614
627012
899562
881950
885007
841520
237381
863507
810558
444638
47334
474414
269555
787419
154266
509845
353040
156086
859611
3590
806292
428151
492380
506846
613750
431216
549810
370488
680548
208171
492958
430382
701911
814722
992763
334011
72338
532110
670785
395777
815992
955831
991795
128741
981960
553515
16427
214872
872822
919786
374208
614001
675175
740029
497617
564982
589192
967686
136305
710394
182923
771699
687
559392
553151
398221
428992
484349
257226
796205
923083
235036
6
622285
204817
131547
19574
682044
58231
299890
599332
968107
427570
124884
331800
20709
27150
313454
910006
483868
991387
577164
686133
71390
444916
5403
657848
927783
825261
515977
450058
431119
806488
286408
331643
351652
545844
297202
337
906194
396532
356103
172653
864191
853799
303633
310012
122548
376776
572584
69462
514997
364388
792658
110646
683121
158820
296770
407126
135508
578678
283713
680871
887546
823836
150762
379626
571391
543953
906063
893934
786098
743059
663674
482086
886696
827026
613774
527270
208876
298547
176331
866170
1364
384257
327664
605475
450991
564977
49978
538159
5530
137744
895435
752308
995698
977995
656486
376297
918179
511835
259159
377440
594847
570507
284079
413028
257963
233319
337325
110891
487059
713283
575737
731064
902462
973797
906313
163856
983516
624080
511462
781782
399355
586733
392777
414533
624377
146520
610335
468554
466964
182853
414956
371964
409373
472078
290636
860025
438476
226586
732948
680670
163628
375595
688982
243106
509111
935875
114435
356240
421820
217204
977707
679903
200188
481219
658657
252975
949397
501752
992826
93858
594326
162053
457588
567509
860593
939984
977138
623930
818126
873823
742757
633491
624956
422559
361223
26509
195394
495569
361217
177143
574484
14162
646125
190621
659553
898565
940597
161541
236681
143327
438106
739461
185260
547406
299985
514367
284638
304711
721032
934971
957430
17067
22342
335263
709190
489365
332656
483853
548453
497922
926567
689177
69671
693662
442319
659366
779246
255911
921003
979612
300122
259776
674724
212232
88732
168788
181993
800847
533352
60517
726575
49232
611080
610224
297433
412950
203726
323071
522036
845302
585250
225163
861785
846347
161337
518731
147317
414220
764774
990301
83110
132743
408714
822672
185467
291708
883944
611660
56222
699417
55059
933471
971598
471053
563080
887076
880260
470282
113816
218066
563703
86428
52862
26142
845115
271137
69071
558286
82949
309028
95887
810076
74825
51610
286687
587843
860804
442808
346324
440232
766998
480943
667300
172200
583303
510470
917178
455098
28906
903570
927785
178561
561950
194835
946556
375921
537777
86958
684588
420571
129888
276227
250347
390166
786490
980202
628317
949260
387746
879055
838694
9118
633395
680999
214302
261045
835902
172238
493217
736806
48110
428607
784196
222913
451725
141871
693154
198519
829471
540870
517524
378021
689388
507323
881278
89601
557340
176714
320198
67296
148666
718165
787680
121633
210907
968853
301957
339578
159064
543419
31619
304221
684022
518375
151981
29446
871015
366660
970418
456292
166122
99902
687755
454945
10381
544993
229518
243728
481426
987343
563744
496818
790128
422749
183431
145765
71664
550284
917534
881002
702776
545247
922017
560849
645925
904669
281704
207747
443345
997925
159025
649644
570868
533865
189718
775811
107430
904713
505885
896887
456706
181964
639726
24247
785319
849725
550111
656670
181528
656736
225004
240442
913027
987344
968962
898552
585439
925110
333306
878765
55598
391912
430563
550659
943522
824603
523384
105278
847836
836934
443057
528042
686415
809878
187509
488099
346371
682951
554156
955072
328438
51942
630643
429405
729309
182432
452841
71108
268104
548549
693222
880376
193123
22559
147980
847069
536920
578089
244405
387207
211346
938926
948171
831325
21725
317440
609975
710378
585001
925521
501554
497728
762094
75825
606007
178377
211177
797988
424089
689835
875396
180447
418928
798103
106643
302239
640431
20143
31866
328358
397265
704337
751725
939860
794226
456837
822096
505886
444090
640383
186557
95405
54644
334609
623267
803989
715773
323696
335691
301104
161815
805088
793462
761111
970973
170367
167267
525820
421393
583852
17901
795239
704081
138834
132816
368267
895849
839060
9740
979972
955265
511255
299682
775088
223479
941798
297019
711783
468360
966214
256616
476760
316647
158871
499588
382273
39728
904420
504246
392458
846582
590663
974547
550271
348984
504444
997280
876393
238323
887424
641781
371400
50193
496357
390332
701038
642111
126517
555545
904890
338716
372481
152740
768240
930573
556037
804561
7218
77869
448569
732721
683421
84322
80374
560273
603715
354635
561283
811712
995968
907349
346236
389103
373179
478893
254494
860465
174459
250255
582577
461409
854499
548477
262162
537954
109196
461132
873884
258177
29373
91097
691443
644088
837769
591128
181101
565452
916102
587020
520476
109845
936421
59475
984060
303966
294067
969689
229686
631074
626347
416493
779599
191223
797109
730864
739888
258567
963391
198953
190354
492408
418103
3766
35782
920941
363938
350686
702366
623974
928988
999553
227643
130371
428972
222192
550580
43366
358531
973529
356128
973557
438418
826587
404545
652415
122565
58616
711437
919670
986911
787752
34266
113242
350131
766410
748325
200183
600124
748854
831294
490757
307674
727469
825556
852845
580457
952946
366681
995627
912320
922994
99473
272718
918339
133470
137021
922333
230502
452890
846238
867924
414398
555917
335912
13836
780997
685337
549637
807864
245162
564901
902658
757771
415699
134101
808218
624439
158576
278747
812829
215569
922621
649703
321533
136208
498132
405050
976885
964085
87596
255192
24215
315972
969650
401500
368880
883504
534850
330597
832857
809492
303618
631470
272029
456094
903195
772860
103170
439494
632149
76464
516086
844668
63695
701948
546712
272096
184983
817330
323871
811883
802284
365816
8811
859755
16589
685016
973990
523563
432381
280500
769558
633969
317718
708887
131971
678240
477959
974054
348991
875326
930220
201013
271895
339792
835464
886134
535509
941794
137122
629004
805742
353251
638649
459773
859087
170156
816356
963078
323519
359009
289931
895433
397360
660144
431740
381026
562152
86519
953899
674455
815495
778946
21577
972461
246260
186929
816639
773847
259752
952184
622919
532170
727638
711553
727655
87468
182454
175660
443020
795242
353069
306102
22143
379177
725467
762551
292294
779988
489792
507077
253273
289940
2763
544631
180415
90910
912705
358084
212422
818277
635847
870281
392475
604657
753612
709033
217547
918280
642837
739470
354455
6152
766438
254030
713901
483990
338314
401514
879177
234225
916736
762800
882536
634656
948290
76992
686884
746762
785970
318571
660657
468964
659748
711671
563250
703876
209346
832063
605241
803477
309472
56567
40090
308323
806237
549646
599594
954134
788210
123372
943193
908988
442394
657307
812905
210303
565790
443010
632010
224181
406844
293835
561492
412246
979827
851494
16288
76745
715182
891367
990532
14743
712075
832651
454632
576449
950342
998168
691529
31404
780422
539682
21706
174010
635076
812265
252786
280309
822932
693216
59399
765349
992914
988553
181828
842753
158890
23675
626617
731266
858563
635397
413184
400146
769353
797485
979607
416932
472213
768849
152159
829917
16444
429103
642928
28911
248241
910528
923031
895879
434391
822783
923885
698973
471271
212423
603413
795176
341371
313754
102353
573236
680437
58686
825409
454091
907534
451073
40058
323536
927039
529182
511679
707500
182533
89336
911711
903007
154325
570563
158634
288696
295708
483522
223441
123936
242545
343786
125593
507088
354970
919846
559868
919075
299192
663348
565468
82693
568592
693292
445284
160971
370934
836897
465918
473629
923480
877152
963946
800270
803364
430486
62338
19276
981527
704974
13447
242739
548900
183575
446310
972860
570301
423555
354829
675666
734080
382860
270437
152325
424833
686354
802987
849047
734896
793216
3246
659380
700007
645644
122599
400447
202963
863388
935600
269960
631804
497222
110563
602906
834994
745200
781392
848752
613206
730903
132954
896327
898882
106155
100782
217230
950486
502614
75681
727610
768288
19293
857062
591222
213159
656991
569513
505336
488468
614843
310538
664623
189822
462799
64505
184408
712912
402075
729386
65456
998617
974147
424053
3780
344112
151411
724238
644772
183298
103325
406748
89334
104378
763102
443895
75878
679627
425150
235203
506619
145309
810070
259236
233029
60881
577740
982940
329650
207475
422010
238216
20737
2619
279853
201076
389262
169472
954633
611478
723531
875834
135434
827118
654927
575282
943973
356024
758216
223112
746637
491850
649805
658017
432337
722256
614478
769963
308770
558882
35821
252686
408307
604799
217893
5104
850681
917033
776744
619429
740626
640156
365255
418546
961218
493228
405515
452732
262168
823354
704673
214738
432303
842258
221617
360468
949008
696293
660815
909246
703413
369438
24394
501269
578664
641890
675
70636
429770
441513
283416
816339
343344
10740
175197
407261
956904
674794
4588
36365
311513
148051
725107
402460
292616
732144
664300
712810
983671
441012
442251
600959
234472
958819
656656
319932
16191
8710
479292
483554
627909
507784
408800
340222
8649
987057
181712
793136
273057
175740
642551
200535
175310
624790
174917
865628
340285
907446
646083
328663
913898
479635
136198
282785
362719
741767
888002
581367
241883
577982
807606
553991
18829
575834
654725
847963
379135
850535
868837
415391
667728
250230
790960
223248
58010
982808
757208
529603
730034
862264
345976
396303
515085
233174
639045
524953
657727
593116
159459
158330
210143
483102
651412
280015
326215
206003
975819
957404
461368
228202
417183
280029
317722
239275
59227
89963
981920
313580
707122
570952
948426
929932
440015
784711
333700
801232
806219
104475
735020
225079
105976
828922
658481
136315
720474
927853
633559
364903
122485
334391
258838
765200
764162
672287
800738
284209
862907
79516
872518
422183
845397
899037
224490
366597
138318
125362
335539
990933
866140
627418
169609
446892
201925
171369
363892
155945
811788
886486
751135
176522
487369
430239
387327
491178
774418
466009
957517
309787
645397
824920
806895
311452
726664
462774
157685
561591
538039
578884
636222
427002
749884
473739
774907
532303
543501
451773
367883
552058
367535
374909
769350
121967
589577
422152
355990
563918
294995
364862
990271
502396
591085
656273
134462
959007
107916
797321
632079
920181
412687
512049
55753
942674
856368
741089
407077
985780
248214
213929
911964
337540
322246
587287
23918
782508
29690
385830
830846
288591
935178
726019
375706
508841
728391
317
211737
808837
348199
650632
849758
95125
866394
474093
755321
117169
602427
445778
585708
449263
409506
502369
890826
979355
653974
43608
410939
416787
919008
638317
596701
965186
18490
930140
596101
810103
556966
865870
107491
523041
808348
13479
232195
603177
522651
436205
698160
381420
957473
369872
541811
73044
635766
500058
244921
758866
322786
443636
81106
146745
943102
247634
952406
978874
324776
752060
135906
717560
581136
549434
856576
448135
181935
745692
506277
724998
832728
879395
192659
564694
697638
616399
278367
478134
726229
864710
543693
939645
44077
275422
934743
395955
866905
778055
771853
816651
651606
826840
747350
446081
916551
975732
167764
341516
146405
24089
912997
822721
245587
825413
259526
715140
709903
647173
927379
568299
931269
734491
155370
844336
318398
214539
561389
518419
125045
202178
194533
196106
485898
18404
661444
973094
286736
513136
680259
361540
625281
386642
862442
842796
235857
872646
15790
590153
15711
741284
152180
64389
767816
144908
254580
288065
812438
604910
431161
679790
951830
983222
203844
702219
560263
47059
290000
392763
896622
652963
288689
736002
821511
180093
613334
301916
226006
953050
530029
838906
230107
387168
329893
986457
419171
82381
573135
822785
480187
17788
530654
929048
432960
454935
482125
85344
3218
470554
618335
572500
539367
98239
820546
177882
861883
538380
333453
39972
46437
577717
596328
756585
969285
513582
262795
80188
788058
367250
315679
468998
584304
310569
316032
424485
227702
757273
735204
903711
955886
244140
990869
304580
867581
683642
429274
175712
663522
731827
282740
808922
60867
574539
914052
476077
464739
752258
317002
838272
134065
206159
138632
643939
974010
509032
45253
948264
278205
553329
130157
990620
200799
830399
71061
178337
348789
221255
888861
285929
444159
177959
828206
177745
25845
59793
349859
887960
191224
925008
344773
629626
684459
90232
875758
642541
714139
574958
427470
58935
443993
400145
235276
684394
708137
437124
259652
143677
581523
210202
858799
881609
487190
724956
581536
822365
452028
320057
991083
841342
832137
176971
714016
129214
541965
395330
745269
831223
970713
899055
200642
48869
803470
384431
687717
915741
324881
59698
156421
664366
66714
923047
279476
1299
34156
14982
433902
615313
314079
411705
797694
876787
62489
301608
605056
986528
467803
328096
885313
812694
247671
810079
960898
474245
429664
281342
781596
25162
283290
847739
643773
915462
568656
323362
221584
72475
399300
800024
582651
34947
196896
154372
561986
207372
283756
162778
832841
827380
445337
894213
854646
787228
880122
776561
469173
555372
702162
658034
234709
954116
917704
276244
432079
930266
284087
39936
702439
186037
211554
304903
69676
988869
274117
391054
15897
428060
176326
890326
969118
10701
184394
957735
396280
597536
460517
108377
693245
600495
576937
918527
424756
682592
684319
477488
226848
497087
51796
459571
119838
343542
944010
346566
762596
309740
435536
93131
82537
276984
622060
558288
571811
136897
824436
773562
780780
773876
390524
867277
392446
848992
72233
744282
385949
40433
291172
573637
357652
587271
599274
941937
136471
673714
505409
278539
363975
279756
337989
281072
955221
223155
640673
251068
99902
343906
160153
447472
765364
681004
496643
728191
241565
338068
32470
574197
144308
699659
810970
72004
479822
598471
117311
734765
534711
203452
668170
495432
863355
860217
964906
790063
804352
557026
369193
63181
451856
805766
516862
126
779829
443356
607999
663971
242685
25311
624563
382214
846045
605955
224261
711972
385074
998354
387989
945691
201826
49064
460329
828017
500961
302599
560257
236862
631952
856536
349576
970616
320384
666047
664678
391321
662868
292185
812338
450095
545411
294485
792133
108800
806397
656556
76266
989015
303141
947070
371441
665391
20157
612939
492131
47419
206944
13770
809551
544144
499304
956009
793987
184816
974511
75682
833431
599156
76147
174583
772323
476437
5971
357450
213200
291927
737078
104731
531340
581330
181515
672990
247895
729118
822314
363960
828283
645402
970521
966230
205912
437145
706027
225130
511069
312874
956100
51203
864467
561347
50551
366216
491091
124297
318224
104721
281176
802879
959597
923235
992047
937224
168775
892613
885771
662234
898511
878083
533237
789185
299123
133567
597792
144973
440383
383470
38810
98458
818144
182646
914143
367674
693829
796898
203528
188865
203678
630144
236513
526828
797190
345304
632215
216046
977917
532809
928592
100633
372686
207937
958357
585062
58384
569048
209194
106913
897351
690506
176767
289075
548586
514703
261503
700109
964991
896217
396677
899631
820579
844458
641774
919314
952614
233807
560009
69752
936914
399100
79019
75022
777932
865413
702112
549242
853076
91191
37756
170823
286183
122129
437455
313003
101316
212130
183990
458673
191883
184704
759630
600711
650240
959202
523716
474790
515503
824155
345928
549081
468330
662644
165216
639277
49774
649636
763097
642228
370660
383534
790744
541813
854787
824535
929806
468083
808914
78275
453706
765784
655499
254251
778920
512767
569755
59517
505959
783643
504647
648209
115416
497542
190760
875011
404339
428074
489815
636977
333380
321094
200355
479378
2690
543134
319935
718129
867456
305730
706361
243398
934397
156344
819365
206639
910550
24008
49112
900112
445147
403173
588880
864644
653566
553651
31089
252606
833895
107641
827114
500097
301029
540837
647542
529912
789056
290870
281599
280690
254378
788426
703773
157054
733588
531844
723771
801439
717660
193625
371162
502701
639459
186232
663023
352072
459965
91924
893160
939833
521986
141327
249933
472678
7425
159172
23681
342834
232468
50033
592167
29615
260751
897151
800929
913793
455442
332912
992371
94736
650238
267940
8710
845801
24260
136392
282313
77810
331993
837532
820914
90952
461766
480990
535202
577783
33883
421208
931559
916949
535811
955395
611675
183419
514547
659479
150825
268449
106877
574000
3631
918037
888577
827230
671615
872344
907394
622665
468224
360213
930966
288895
365106
479743
212088
122268
468495
698117
373880
880277
509708
616437
193425
159009
966975
407851
763227
594884
517850
435699
489943
482041
641941
168131
181608
43387
347498
524238
306081
22640
176570
824902
909433
10163
731917
313393
673307
585660
557943
713703
85530
235118
188501
890149
380098
113533
811383
904785
451146
31674
748504
710027
247461
579005
828040
2540
814391
986478
12459
807326
659941
954096
267802
672792
857797
600810
265959
639604
256437
163378
587709
30510
296967
283096
889062
597883
5338
831309
424743
3972
52612
357487
571334
837246
9387
303026
981932
394983
603187
140268
400804
170718
243729
706108
204995
419999
41022
51480
715170
539675
507592
255539
236487
725552
822786
658951
733858
365322
370972
344644
346675
613909
484173
723157
860361
75614
643372
106123
297828
112773
405215
868520
510204
916513
472554
389450
639579
622512
307497
711539
797413
234937
191193
792241
150008
82944
937168
689582
781870
160421
592141
109142
399295
142874
625386
582048
293124
204735
991598
606844
82390
923420
852223
639319
35029
636474
325044
835534
208388
301662
755273
871789
548946
528227
991980
875810
693044
197363
888884
714242
79213
251298
974449
26487
759471
311783
467870
715462
988571
609591
326259
670457
257829
772224
886167
683821
51475
966527
757107
502074
832932
772606
250338
729978
941901
354926
381444
959864
475551
484828
89330
291831
479620
967315
318027
57436
855144
953551
438253
609849
990516
763289
873088
609462
444661
836228
649516
863966
728987
433602
168234
258115
197278
591843
538744
487823
898107
440108
299302
215849
107356
228176
944334
488064
100502
808974
79649
421559
311180
671590
734939
287405
181873
948473
340952
729896
758378
869308
628609
687197
162641
136664
309343
822942
630038
103970
210768
994336
924736
614322
999382
83560
308753
127970
489805
984338
614280
910053
429045
223678
817408
968449
420525
553879
175286
279338
650305
96065
251176
456317
700698
752159
362648
552789
406676
339070
197680
911246
873389
840801
760767
268180
96088
231145
700577
888102
507633
946337
175293
332205
359500
830564
399016
266291
11686
52587
85480
864194
151357
542967
387731
172826
852284
923159
266709
79309
80078
148183
881807
73211
76691
616517
128925
498278
906096
26145
884784
577905
543553
969056
632922
613690
398314
256093
256297
462928
857419
448221
728938
432147
73809
939837
747791
424999
350185
99130
974891
250068
542736
348317
738841
196414
30342
616193
883965
391931
859809
154370
786274
806934
954302
912388
543811
281376
116818
2333
392293
699821
883934
769696
672609
100338
884545
315847
860928
5753
649319
998780
941950
269502
529888
939524
176369
639722
975883
544585
913603
323369
338865
396994
801563
61802
242286
329473
725019
616882
625801
138008
326146
829150
742373
882793
873456
958131
909585
40713
202698
618467
589690
187409
392180
122719
607104
718081
375419
805971
381797
418064
886741
683075
34338
522772
594239
339328
34004
203850
253446
738822
386835
349251
274210
576501
355876
187244
36220
406314
445764
932856
708497
51578
493604
505452
371566
937995
658485
824582
149531
967438
892505
848971
237972
389660
600184
240364
311730
7148
182452
893844
38889
586351
41716
96913
57130
755464
287709
927260
562025
280555
522207
553286
546937
549649
421291
804097
695443
637845
721731
556937
531509
79535
969321
363373
966695
900298
56313
11070
416153
862531
709523
738578
261608
218816
976048
778869
285375
374059
508758
661102
764250
729866
118822
296233
541734
220861
457555
631686
827780
162643
68525
771837
829677
259144
285339
461355
221551
101791
905127
110974
420118
484056
257908
551098
867174
336847
64458
515237
754372
694961
51474
958549
191604
912027
747165
149140
140540
59217
91422
96365
41512
982807
566392
132886
280999
218479
975794
900025
248531
503984
834184
782433
236622
297856
383003
544190
540295
864814
404680
69396
856476
154862
965077
159302
636698
862258
841159
798459
32287
166689
528722
777642
961441
412470
802216
816392
788167
298168
962483
333515
993589
477329
361245
20505
466597
871310
903372
372242
154160
140274
462188
130295
980525
852087
255332
359285
284528
276962
346666
953874
540404
942914
293874
814195
969939
335621
585345
710983
318961
521270
650017
692052
199737
276438
967341
514140
235135
503062
509452
24043
600645
615727
621946
443136
346457
246175
641922
621398
644571
438017
513352
436557
951965
56583
84738
458810
962531
544406
597895
9480
677001
311933
892352
368969
544196
976979
139515
738653
30785
524141
77982
700797
841321
167353
52600
203237
245766
491131
136883
119836
975615
470369
74726
2209
655423
384388
563847
907700
966260
424510
326525
261885
581940
71458
4116
212189
335417
878428
450634
6736
544461
215526
48454
741308
692161
563236
657640
298264
331479
595102
87803
254140
494207
838295
179527
477185
796030
182606
820932
596948
591595
89169
984809
886044
153748
451704
852897
290949
315581
722053
581599
481449
609544
247510
668809
950619
730928
473156
240911
911759
215855
50204
525727
213161
304768
724024
325745
47648
674431
807993
255485
609807
928876
89186
357325
557656
26574
198484
898220
885237
343092
309346
249790
467869
494423
88336
754089
943119
618139
408941
210033
876925
666676
288778
428770
214424
851685
448790
947878
927220
179300
540503
163318
747352
147482
408071
314221
672421
611974
397961
82552
897633
795009
615558
694378
52254
877980
254761
797996
470859
991653
598835
592274
875351
143945
740603
355848
520445
609427
939782
555883
661297
479507
118847
743156
193637
604954
614931
763855
589432
344545
940203
577802
422460
947593
140167
616937
797858
210236
342580
48342
119172
225779
563497
6581
902351
869778
651140
930710
32331
523566
755868
945604
842569
201262
730690
839930
680680
207887
753433
628725
979395
462465
934799
573157
639226
880559
817847
482685
141084
141468
284613
517161
667374
280361
527909
562527
708059
271411
951672
147023
980471
9945
995692
124404
848753
381147
781110
559052
346069
733725
453935
939364
437756
581131
245512
16525
608657
392151
682731
989611
778880
532702
741488
954731
751356
447081
796537
584596
857965
473744
955883
236343
519541
123000
411721
79361
605982
518588
697454
584687
704866
338921
716263
369760
784405
56420
977003
462726
615027
634151
576824
734710
821890
273064
367051
241888
60452
120346
800891
296088
252859
99596
559282
160914
642616
511152
890313
489581
374403
207991
316223
401702
666945
191511
915670
825325
981124
141038
145995
679060
58261
45120
95344
113508
487894
907421
271975
680842
65111
47134
659389
942831
915384
733965
846816
669349
97718
894180
588671
633917
977683
517486
953532
901493
119590
126538
28496
537806
350076
643087
337212
651964
408682
519945
27176
31159
561009
972768
198490
769711
631692
85081
344212
163932
588824
565174
588874
107955
172512
811321
405118
759156
120133
849223
573946
531744
751750
491303
81002
343561
442738
599721
314835
89409
678823
557475
195764
585204
744005
79511
958711
908242
651701
374128
909524
547620
602511
722731
210883
729536
383341
538515
237083
258072
115018
644388
61132
575340
280021
595217
236149
690784
530008
649250
429411
906152
376128
382837
664296
821535
939912
381348
616787
5495
656262
565447
875729
754251
262034
922896
233055
692433
130511
596501
957931
660779
216855
53419
554183
973212
14407
636909
201672
477272
906276
418332
333121
819188
619880
793120
341335
782140
844973
626541
385601
51427
895989
431233
93343
824405
277140
163785
471155
138793
676154
9828
214208
985010
881249
287423
49277
694580
244047
13919
759734
747956
298312
411389
908736
246185
189972
330571
467095
207822
503592
663189
816342
623129
857012
662595
828305
184965
714440
760891
870930
930380
186468
640355
974447
383345
79642
712772
936197
683833
995426
848010
3411
477689
571770
111335
121397
928587
92728
695512
49210
598106
174638
9536
120869
805917
824184
819376
745149
774881
118628
915784
103569
45374
449343
402486
832972
312875
90680
397981
251120
322094
643251
56594
341938
344620
444397
582528
567730
275934
836551
68523
662806
729892
610673
878289
950466
598132
364084
631597
177014
836203
191195
206997
245763
501892
238143
807619
614315
740198
830126
501872
544148
47191
893816
156124
180073
588815
78613
154219
431438
82023
995702
25193
69245
213168
746662
815022
562114
181728
822493
34589
293519
308456
925090
32326
188093
393441
965337
37483
699936
999652
108336
597664
848645
906552
555618
382667
300810
345126
295271
155275
168922
315113
516601
523638
944453
440066
638082
725178
153720
676583
225319
712356
522781
470043
911339
6015
226130
778137
786049
412117
237310
235946
40755
322001
748950
784854
682472
904196
471275
577655
470549
343878
986924
279977
443075
386485
229696
54621
553784
31513
70520
309645
743045
734376
903989
633930
748780
856421
765398
352817
540523
706850
973211
950972
804201
25319
33563
597300
118332
506667
784670
906692
119445
708607
181016
984809
286025
371978
140995
881286
540284
736495
467863
551444
558636
118859
145065
123063
331415
631386
307166
13611
793674
511097
485706
69597
480776
681734
610217
641302
349203
600739
61880
684434
711450
578970
782449
265519
779326
255898
833698
759681
337026
615136
106793
667458
331663
776881
192654
718311
500514
534915
31741
881293
517331
370748
556702
691410
927427
251218
326547
397441
658656
120529
767117
832357
656471
590971
869643
631230
796504
986249
660273
936210
246719
280080
475201
138714
353316
677311
925432
484253
927168
587908
80839
565915
934970
488719
492268
910495
85965
948463
52653
37880
237592
677592
237937
476417
6595
896709
900603
899867
784456
816058
214083
910972
225829
442531
590835
693473
624669
196376
359739
551135
359589
273026
502865
961623
623602
725463
34441
608584
835101
865921
865484
802303
564911
770460
11064
827561
779023
908894
644564
104009
161733
639762
319214
612612
577322
980029
548115
528282
880558
204385
76651
660207
748038
683487
962670
764423
581936
92215
671751
94225
381028
954476
782531
146714
644313
569539
44342
409122
60272
995049
134571
474252
848321
660532
355333
773742
732737
167362
812214
721865
602125
984254
63259
312402
54613
41537
467059
938351
751911
609620
606651
35453
542871
554516
630055
210702
159177
888366
870974
45872
247899
970
572114
954472
309041
261189
594011
568894
800030
910550
773296
903794
622123
207314
808097
164044
6088
204490
436531
35409
826637
724498
187065
722129
256555
23005
624139
639326
836403
181188
813414
36439
40771
44005
514336
180130
81289
853224
288326
805880
102645
398685
531668
919769
875519
322689
327119
895073
80658
671264
341827
947571
126164
379412
831317
818001
777298
590827
890052
174414
826445
726887
966016
734554
50523
684638
398823
472125
849084
347650
257560
124959
869882
340603
877686
398851
586235
553008
378427
455124
855975
380261
555894
414424
759664
320254
998946
148097
198658
283426
792549
51426
841353
322875
949922
830015
677913
949657
703803
260989
648639
989494
356006
71544
631074
782932
567978
866355
17428
205571
222007
265770
689211
753023
934176
511940
790038
540277
236662
204773
735598
39014
688130
231135
629148
165349
240478
940360
94001
471994
740272
108390
522117
493993
306052
660359
211999
734989
894533
144238
461694
557149
470104
251559
660290
267600
414102
445948
717626
864029
623012
172736
709643
922780
455536
887816
304313
821256
299593
516730
518933
907301
268827
224381
655747
964670
899014
9360
271591
538568
288475
297143
507372
283171
482611
310863
879856
990270
539115
261315
482703
314905
869951
58263
879819
989606
62658
830369
661781
837577
895095
380568
605563
42047
493712
320325
260461
80410
272832
268886
120749
109994
929279
414993
61139
747960
951194
229990
125818
538860
871092
921245
819787
459086
339485
886446
344867
340905
715468
49135
569060
278795
126908
287080
604309
439978
783457
702850
224311
678881
812230
685982
81445
214487
839621
457603
450470
323009
930338
938991
681107
906301
909060
720526
450847
114847
168144
551689
503816
150089
723235
326453
472665
712371
672940
505068
632857
198347
186981
670777
540116
478134
609388
447597
448067
809012
18370
935822
864154
213473
573470
178031
245295
42839
314543
101595
891970
620017
306541
670827
907949
111083
396699
325751
113513
409829
709083
841769
661690
693446
872493
989549
86648
227261
390470
724356
185276
384739
412041
40248
68899
279997
832356
119914
334850
389661
643210
837255
806
817639
215816
605849
720198
691953
113478
842490
127688
512196
81629
462051
767980
115776
681999
897570
603289
544283
126567
976874
162690
214473
604270
253636
169653
237944
410631
337764
240896
916467
95720
132566
424896
632486
930101
620055
131335
844289
900091
566336
19689
509173
153797
309213
974499
700187
157663
59228
534569
732148
241317
815457
27979
828619
761990
345463
776835
466423
615195
761568
286301
110460
931486
478925
601475
463889
841288
393129
801828
583101
279307
390735
890241
551835
421033
65437
324180
556348
232815
919008
68189
569387
568338
867630
780298
232587
234212
850195
799042
776477
396339
398115
731470
887518
97855
9071
592740
587661
751701
447634
260498
440715
634124
331819
667395
144474
185947
583013
703217
481608
394838
878385
624680
307813
807235
970133
400371
901807
120093
411358
479141
11087
449252
588849
208389
938428
103967
702400
243671
341630
198128
450776
394243
823885
673554
962006
543141
768088
714609
436986
801712
406881
447269
30419
926079
30405
892941
15898
180922
132633
227972
674715
670305
382320
922499
580174
352440
62714
913811
345924
953295
418375
109164
133245
894573
728553
94895
420246
364249
752182
739901
948575
208388
472108
260146
266187
967190
216240
52930
158209
81043
941935
618158
981839
290026
574885
187874
631678
249882
2940
182062
58112
154049
876172
603103
410374
664387
423233
798778
485998
294035
463770
27988
199194
839073
22158
668625
135132
827488
247369
588471
408205
846323
937044
118446
580093
112179
456018
668182
789636
279327
554022
58181
986615
371873
257138
217243
989558
828729
391931
718916
229859
362952
620776
422666
711469
982907
912169
778068
364682
640338
475573
729280
916611
636556
381547
841624
829225
122609
682586
791795
394661
703484
885596
202475
568877
27106
972637
794102
532819
189443
860153
270051
629815
388204
562884
658483
440989
969735
602531
64594
264601
435552
394583
695856
485287
870164
969818
610305
113687
212760
881826
488781
91109
589475
492226
17588
515687
332473
214128
151874
116319
702038
416929
992363
476720
684083
293968
429731
82222
716855
112350
718556
725198
721021
306772
802525
730300
674302
444548
998204
496844
116699
729293
879224
185096
93898
971132
477493
259496
931866
229391
91668
499743
396452
899798
683246
983762
723088
998323
646446
587044
249793
795264
332552
551212
904990
997199
349914
572936
937214
439372
246045
80907
940911
84095
888648
504273
494692
395054
204609
707444
119864
993376
607232
758039
483555
277691
692867
881375
940600
263055
299112
513794
102424
941036
897770
585783
6455
516589
525434
800461
31688
550040
277561
428888
68296
988637
506576
926342
587748
865468
693485
459151
802056
924292
882394
755723
225670
247734
903291
634397
235615
839688
255652
137997
789232
232197
563093
973876
493627
69777
576851
52944
624401
794187
73764
757687
687642
340107
750182
220009
412097
438923
200844
263806
970686
863521
105462
950846
992833
542506
740588
628303
386104
79235
987256
844553
542461
444721
800669
732134
221215
718752
26551
781717
189067
652489
729072
356717
82840
844716
976732
260350
758060
488445
396658
7428
600973
35355
489576
590581
246600
140539
772394
608506
742200
873763
259190
830650
670451
520083
170711
72657
783191
903742
577147
568479
605484
531125
702195
614141
162038
610981
31944
236491
36698
568887
485364
939429
415594
48533
626372
138356
578767
932557
600072
310752
932114
853198
848563
442979
213575
561230
623574
451449
546134
327950
188596
226740
782503
936437
912385
235947
164777
91161
263484
651922
350464
684637
317030
847590
69833
517876
12893
707071
644939
741892
74714
671623
133307
506853
96260
570953
188651
938312
433774
952547
32657
13173
748532
387798
177584
325612
546797
236156
158117
661741
755917
317145
121360
544915
386906
570441
721245
989340
9929
109401
316526
153476
487605
582962
68967
109262
67579
510705
65557
449124
89524
200594
534460
686358
463184
97994
693115
414846
651
923635
710750
970308
659727
200354
756800
705086
210470
941716
118107
936111
359130
44999
564078
925936
986412
579238
922569
570733
514349
852380
963128
138374
265147
288970
689930
565973
776092
835091
305789
549071
724720
888980
774343
52291
447446
754097
323907
277312
168606
6795
974263
960020
746022
323022
591742
81454
965843
846822
43159
510437
896686
485393
77256
524498
330776
785423
447984
283095
72811
19575
334376
947395
656559
275428
357333
115982
943734
1868
457742
978175
342741
187568
313700
645741
307327
123439
317522
546017
331199
35382
634114
450459
369746
496146
599354
681516
10334
40678
421601
202304
397075
494136
826098
689982
42717
631589
340540
64712
831619
166069
663507
647517
656607
817417
748695
587614
733242
555313
941150
500142
958403
776730
36417
487090
182956
216421
95936
499511
445986
738066
365971
8115
952935
432667
548686
449828
393741
113629
634287
367189
769168
219441
852679
816831
557009
526490
113219
618316
379435
57622
472215
378103
772212
234711
191622
213903
44242
229644
894928
963673
894519
197080
497271
109461
134714
799204
682800
580441
150291
171152
895587
468762
80435
585412
691359
69002
517566
997093
29918
661083
326822
64356
862255
446817
988197
682672
633926
671125
478487
495115
769564
128309
510065
368890
230404
277001
277538
654614
538380
752193
260036
615232
135884
67195
540479
670706
411470
996640
597819
602096
446809
816494
98239
675676
417244
614992
809387
628329
563828
448681
85582
782952
243482
494959
627941
749310
946668
647540
968369
562295
520406
108097
269427
170163
437917
609243
767367
350654
721608
17191
792602
929790
9451
974697
773834
495237
526609
240168
999257
678791
679813
331886
825420
972261
127997
85483
553062
754791
827556
961273
659388
808905
602243
33659
875317
472748
948683
4574
642848
221357
729793
204865
404082
159059
337414
342065
665242
891810
90882
682381
229507
142284
829997
617161
235174
110983
262329
50062
562057
695738
234847
649789
227415
273169
597445
700884
56861
391792
595977
495082
823647
771
613037
462996
785813
837364
332447
362474
35653
655990
716835
51939
918654
468158
68959
35805
575406
560978
871555
904762
246433
631098
58707
222308
868374
560658
808338
422576
954687
24065
499276
937760
444950
533124
488129
327683
593111
443620
194729
553015
378654
401350
742056
376783
329053
168865
83600
216975
941177
264522
741965
722260
102146
303915
710193
339153
486861
852050
120221
231731
141040
781541
136904
628518
234650
7668
388975
46449
889100
484711
117977
283389
30392
811606
830790
160179
605684
736823
860660
824131
916443
965234
14157
82944
558337
88977
49072
797928
871696
886547
923290
722178
957316
253216
240241
957792
368831
264406
216237
706436
626249
827841
110883
437023
602152
377514
595440
907060
622424
141382
821374
296092
62632
452303
146358
848354
56241
792496
956034
821390
333875
273242
414781
761471
209869
289012
378810
803313
287065
314159
760814
284767
245218
402999
981051
81282
131778
201797
142169
393527
737373
33233
230499
130750
434164
889957
109948
342174
796198
692813
291164
512743
712266
486699
826939
719760
965921
80295
305112
107518
667195
11011
444902
650342
485673
435596
510676
953993
506459
973676
223927
421342
872021
234589
523415
387854
91666
72120
787923
771801
338613
851372
45873
743446
358056
543306
2502
250775
322196
724092
473982
224810
490747
324630
907977
4156
798069
336644
794723
893657
669765
462371
899325
446415
983127
67629
391245
669040
478616
860428
572847
442997
971122
50255
462838
790207
356131
845498
346964
654201
110137
136759
903457
2522
620652
314027
343051
885511
32791
123108
672731
733141
132757
180206
504608
659564
440180
583173
816762
833287
279321
514724
553285
993111
511472
130812
636831
175559
274253
968384
95640
528539
188324
418653
79349
49970
567713
250247
292321
322410
730277
659311
421233
620706
203934
15633
458514
745050
148418
333289
351954
705975
852904
625157
579591
188452
614979
24246
796127
2898
763643
385312
219142
266975
89706
280817
234030
806613
703984
858734
578622
907593
623091
265001
56153
124644
6902
617615
733065
287614
159189
371166
346376
457958
952410
518515
336427
772926
812031
987073
966700
331587
621953
554078
316626
229291
288734
210103
316095
765607
697579
292388
245333
306184
255316
177174
797702
510526
798640
233581
640888
406331
91263
82342
449873
76341
19908
266162
778276
462603
853945
626658
735223
144639
576820
720061
761904
658657
921428
212660
138012
529165
943463
158893
632092
656267
977436
476667
661613
638548
977375
684271
321170
840756
425047
275912
66080
21643
381176
166213
55334
958829
403333
680667
656503
774697
662630
949187
451797
19751
896417
393962
280059
437546
633912
795084
458951
146358
280543
221339
827330
33483
5529
988377
25805
361999
124078
721541
982187
780425
983691
278257
351461
590921
967414
521202
949022
988006
383276
714290
160179
885536
687832
633568
721294
193380
824946
595590
13640
609709
669554
174842
67128
705543
956848
993262
169565
701486
227546
750243
14883
800534
968785
465018
277910
879300
659488
412843
31136
461273
304601
489294
43328
278063
904718
481943
710474
379740
756905
137567
863636
171604
424809
192925
821380
78443
880505
171827
598708
157495
188335
529893
447039
256403
270750
2916
982891
506177
785112
44425
279987
498279
80003
798685
750959
139706
58646
668373
814946
6264
7473
777947
220384
684559
288215
623559
14618
504859
51017
876396
139976
882893
116671
240975
800689
713319
246341
183219
980442
912355
674673
265680
147401
106675
742205
594913
237620
643940
140549
896348
242187
628892
513310
595837
311967
732866
37776
979068
550445
634364
773490
922269
851659
719827
965537
894374
917102
138100
618652
482090
695126
399696
406079
97604
14870
216418
42650
869088
630723
701968
781294
282739
339321
236011
875075
840138
793477
72209
84777
622080
285618
336050
623753
497482
169523
748335
425446
729260
20330
645214
418678
139470
46163
539562
741143
496745
340112
970968
671536
426076
733521
341604
901349
953627
365279
388106
80118
107847
296646
926048
893941
658072
428253
761056
989090
402230
107635
447300
859108
671271
22424
367306
51942
535779
41733
210839
403020
360516
91753
447544
682065
409241
199184
216579
395135
382042
957298
58396
992201
125685
17174
946003
426248
841735
415201
705067
651408
647206
419455
987574
945455
723611
164973
381276
552130
232173
634720
303674
181811
737368
508309
548262
638738
22301
856182
504465
591887
333299
353702
243334
644434
778779
826857
800079
921079
722641
468275
979894
449001
381598
846540
719209
330842
163723
582172
209719
992476
423088
719449
405623
315807
859754
596233
869383
806344
810
24886
967730
45546
101290
761966
274091
11811
677243
619636
555702
184661
321083
407623
85030
948032
147298
745740
660033
989625
509371
200218
574143
280393
52335
938914
88113
602789
963708
403193
94271
546629
280773
698052
337994
970338
319684
64831
348848
358033
420763
404458
239661
250551
526855
13136
986398
61800
77237
385781
792801
108257
839343
911067
560025
495389
243375
985841
789774
15895
87828
193945
978929
402846
835122
581716
445181
972686
515012
638989
864184
290864
597308
860991
94745
964656
479163
675715
96963
843255
256413
556921
363695
227813
883563
696979
66345
446700
622068
877753
234673
369676
18613
237916
443010
195750
838133
32667
120815
977856
430894
511819
901864
228244
832677
642151
980572
105813
734875
531156
848185
578111
92444
882702
473038
295577
951476
29429
699666
584906
208321
45998
29182
7061
182500
983031
991765
905587
899601
889035
297156
936588
316166
663406
965667
56593
959705
943254
601947
718329
417897
465654
561442
665685
946934
510184
52898
73170
695245
702453
985401
937035
781980
595012
146585
634633
389924
102878
956046
598232
208716
132058
44000
308230
82257
535786
520782
912443
48987
497856
299643
627248
575147
120286
393957
767630
580145
306041
784079
355619
580411
874953
925505
362947
883015
728368
688422
80697
820409
86724
997843
104617
198632
22715
154151
611267
653394
334642
685133
861926
814000
291162
119646
198287
128101
152639
970212
678972
536335
627382
949050
226849
805824
129187
389711
998726
220551
861412
631689
685307
826983
899102
982917
744313
22633
487778
117501
979287
859021
570939
108803
899813
426780
667414
608362
567913
449177
46478
702339
532468
793366
114772
478981
929887
447394
254584
467654
439591
199840
31510
74790
260258
269043
214943
569931
704285
296277
13443
356358
169877
617159
133368
783380
330062
289763
736618
239105
863378
566413
309375
279655
241609
222152
798341
616597
322546
920292
400571
589131
495356
439829
831353
730977
550211
442528
44413
584902
658026
422190
821074
685862
128017
823491
960478
843173
949555
120072
528073
564553
278431
992964
989446
781748
276945
539305
520447
838542
246731
667297
958081
365271
892331
188929
404190
780145
858674
613161
275677
941746
729913
550532
552001
453344
851525
498337
812698
515242
989968
574055
98596
589924
635842
743574
91533
550239
422463
573301
164628
729380
707610
967262
16333
869069
271911
703266
934401
703937
136429
50522
769970
905546
878266
94795
527419
356501
274833
208821
846038
112581
843263
789368
891448
177267
943948
741092
219287
311814
53388
5980
439179
777388
201621
677669
57554
384818
832650
375888
968750
804678
357910
849474
446121
919750
294773
654749
617529
297348
265772
641421
994238
356441
255321
552113
186983
802915
520869
439075
704629
573980
536341
891686
417496
389208
471872
825323
354613
137307
422939
734528
587721
930708
374000
69142
892967
974458
41133
781741
242653
268866
667225
326750
915509
878842
734433
727492
584023
59205
976977
872968
184204
514931
613406
649928
308061
127740
621728
415076
600666
480666
207261
516069
109942
83392
220159
956233
945935
548730
232104
189359
546828
959138
838940
298971
97120
714556
332189
23655
985515
445423
344404
237063
586367
990497
156971
747191
87167
8493
981815
774467
634724
662340
796819
643634
431897
189661
900616
661840
246854
942170
749608
585687
480747
526329
562426
923578
454690
940851
278863
545293
666118
209332
698611
562068
236851
895544
671743
66982
883747
948543
233548
107325
644471
450476
563522
795613
513559
444544
733710
475295
781872
457901
706482
693018
596892
219034
171382
354092
123040
698739
862396
293738
127694
818921
793777
35362
198987
862157
992159
109321
71211
22980
400160
96262
588152
340776
330094
850586
817170
801980
229141
120682
622960
80649
41929
967914
651524
191385
453268
359528
493629
115535
881447
348466
589542
35105
872082
516453
721132
62196
309455
925012
364092
630419
512505
517905
191819
175819
243546
695259
990063
257637
395553
955940
516715
359041
833907
214397
951560
11
547480
715360
894494
863645
342038
27802
750194
843569
68571
760531
82169
895681
270227
264891
301563
15037
338586
135955
2131
180328
959371
169941
918867
58000
612727
496257
709444
430184
488498
159110
926538
8323
327239
965257
229350
816879
695563
280084
667606
889452
604367
640990
249879
496136
44911
561971
506826
664984
689735
90624
563572
23381
172614
246205
60448
603344
417754
643831
135903
150355
384587
337849
92656
792790
98212
229974
997562
310299
353099
825110
910902
705767
732082
792635
551849
827421
565862
579502
464207
550968
594309
271563
331092
231140
812492
309382
209659
146170
339470
660152
360674
15126
977281
395018
111068
521943
813555
485116
436798
817715
773786
754963
830518
993716
763912
90333
257364
310099
480637
375586
653868
692143
858711
128681
929172
273706
100260
287716
929353
961505
326744
171705
301422
473030
454746
276205
721908
919131
252856
337007
79253
108812
247740
852415
681657
762154
335574
679161
41020
908480
366072
548162
8007
758420
914177
655757
309851
322619
368721
788235
966252
18329
930683
591149
770218
675829
755672
219223
936090
67189
521272
620258
267043
882426
736692
819662
735333
486234
556703
258243
390020
812598
468251
116674
339139
287480
338311
811949
289866
747883
614166
562927
329098
770039
211515
186377
862135
622327
591104
736378
906612
829561
127030
238731
146573
206481
605383
675572
308125
478042
109671
850670
442256
97227
605161
814934
89859
970929
440366
410427
339592
351054
424440
628804
934405
27790
79260
146817
514748
640674
957718
395212
704805
146044
830071
697371
785591
303269
181753
645030
295877
21694
587699
572399
219013
394065
13479
20659
538349
685971
390457
536107
881911
174328
574011
587455
267331
240307
97443
166792
947610
362313
106398
106816
710672
526737
683517
328393
23940
592330
756942
216790
593410
589593
363142
560186
804807
188125
521561
514443
358052
498096
347116
241202
777467
758269
995170
598482
126502
569145
753299
156947
403448
969024
420507
16394
842779
708044
101006
339143
94168
274900
544905
660730
50870
757759
178724
192834
921849
931075
568451
908116
18635
892959
325004
155396
868921
328369
932595
617843
580180
690548
870896
792854
154872
546074
912978
679390
598441
637698
378477
972553
394073
914327
951023
713605
250694
300420
785297
307964
902592
393239
41
451585
671944
11953
897436
824789
646164
979303
506736
708309
261104
7225
843583
387908
812798
479533
953223
709041
253598
719943
627359
521989
127208
721574
833028
724203
919318
16382
237138
646684
187711
414317
293006
509062
846526
149692
122720
612632
486897
755317
911518
745644
970781
619420
9347
21650
416751
704971
227326
611381
840285
160813
613159
844205
62635
869399
554572
516064
577738
185598
750122
71765
607707
180185
621303
799319
110801
673428
919772
132610
116276
277357
988160
549741
204225
26031
910912
443316
826863
385865
895355
836960
578124
737099
619913
955637
31814
897148
645579
611481
343174
110362
315549
719388
706295
545583
605160
854376
479397
786124
667541
956486
994752
233637
47772
25930
336959
297608
666042
779869
479521
927035
531009
791077
690958
632690
89225
930579
224604
144234
575364
271176
34991
581029
295088
506149
331064
980994
196965
922094
435294
646072
606542
141721
990393
384239
4660
149497
314234
815867
222582
986562
764841
483189
160277
158840
906439
214968
448684
399033
673362
921397
714300
862563
817255
262836
189605
249507
331329
722024
86129
341915
80671
911917
595019
196975
528452
592672
176653
476717
486168
99547
207351
716438
931308
188043
82427
639693
438875
264112
34996
993627
987084
63473
55415
978269
210963
876442
101698
881867
39607
419059
208146
880869
903566
546110
183569
318524
443653
109836
559659
48154
494140
131388
176129
285199
579534
558417
502583
643929
295278
305967
820968
749039
757293
219954
248441
497706
191960
593899
208587
925264
729469
793209
870730
287999
254990
560127
913570
31859
375135
564807
671122
302132
721354
804147
6552
120415
68722
971739
135948
686094
424420
816072
237193
999527
344793
657868
335302
882558
109464
32124
896002
59688
471480
276172
984158
63773
892803
148933
32196
653256
282359
208037
351365
864111
311014
318675
593985
789754
159421
802173
336191
871202
58273
461840
797597
163575
174645
220691
52769
735437
43128
945441
98669
821188
416460
303553
810577
447923
686993
603683
431227
542065
569072
279610
682889
248127
846772
250096
755711
29909
536274
310026
646420
110536
347401
412122
656167
706516
26468
734171
254799
821388
824093
613740
72848
138907
476828
879532
399273
302134
6173
162734
35145
885536
360943
695321
867554
146713
920920
566047
921751
903588
468950
993560
808911
750388
188736
972346
712811
343090
767563
117239
196372
319853
200233
446068
571693
289311
49740
23905
540904
113048
134665
157241
249524
594506
325847
341464
156308
18416
528374
280308
33995
310043
967532
759481
295540
126618
478122
319749
101358
868933
146766
554301
642675
375974
214466
665354
805514
205701
393025
326964
342291
857423
985274
644121
505856
247970
647821
622025
351267
714744
799346
640257
748321
787181
559737
621251
747910
950382
424427
760398
514099
395520
482064
241791
486962
45866
825354
724932
386602
852097
755487
935801
934637
954894
777236
235489
899375
762973
510964
196354
294930
921061
492400
753501
295964
52751
464480
634312
421834
685093
255720
373738
621054
148632
343542
679763
710099
959469
708071
420661
26257
305222
160009
681155
155132
762761
9851
480869
792519
498927
384177
1941
284582
735019
924308
977241
745985
902516
518086
875485
541508
525617
248643
211628
293075
23104
842659
119499
750683
410084
264955
153074
700036
417225
744804
570280
976450
962164
466707
413178
576779
603595
717735
820503
833571
509886
111234
165067
763475
847505
431438
691990
272504
179400
241057
15721
919671
962734
687931
7100
347662
161473
751020
401486
696006
800957
470035
969402
360580
551683
384769
647475
916543
342566
858939
292700
514380
770003
346718
611078
965078
526490
734365
961927
408233
86301
343974
809459
948909
932948
945060
132154
113647
714362
288925
282718
385947
781527
768122
152207
860550
346795
333927
225252
85928
703092
26769
378040
763047
940188
958284
400479
639438
988355
247191
657092
256988
407652
940535
106529
38393
202278
47103
223321
260612
159681
868081
452597
592135
186763
108479
505209
744588
374175
97898
364322
918409
301544
407500
747071
896182
179983
566257
522921
32255
135231
43295
868193
405973
68497
851574
542980
526432
314713
58162
732653
507215
622028
749582
477607
128015
136652
505923
164557
188313
902674
330991
568705
718630
761463
891088
716869
860414
482783
553903
261497
192494
35523
455193
165105
907928
954585
500808
27698
481572
821793
703457
164938
524053
289870
887959
65673
352694
671696
361773
211615
22067
401850
732568
127764
270659
329813
863106
537054
357955
396160
843563
377186
670623
561218
735146
452234
508265
777006
17682
865599
6923
156529
456688
948611
207705
454204
144304
381550
964736
380232
863071
365379
775196
71754
513738
426287
4645
898421
572038
735453
639176
7079
145737
732472
327060
182513
112118
544446
327499
960774
888886
366462
639193
332479
73665
498862
460001
683016
228797
606891
875186
766571
132733
750029
530200
267575
283626
643814
998287
394444
781055
814296
220371
548294
350638
514192
123475
184836
535968
885283
420675
331860
678362
942851
518865
817340
764987
756893
181615
487847
336481
3155
189071
297963
519596
577553
106541
560947
325978
879374
365637
928846
282578
587809
654054
269651
843644
895549
860767
75886
752589
953035
988309
730060
197856
759075
236854
584543
36992
855974
418056
158862
865282
964474
266139
577917
24911
487267
636061
728820
811712
51003
317196
928366
730018
190478
904326
479616
708504
977236
481660
833316
295200
612875
300805
485730
713262
738417
805135
568282
433396
394459
687280
542960
507139
860789
569946
682004
483211
833111
951725
248172
270974
187967
123687
476449
881363
373873
643959
720899
43751
971496
836335
473242
28606
934839
888855
273290
150566
735873
885597
67618
814396
737489
426986
23105
905032
485399
432657
169061
814212
947968
818913
816401
66554
661297
463706
121307
192651
474143
640188
698063
395787
312461
365498
230467
707722
408803
865550
312249
304878
36456
659238
586730
20092
507421
41788
957045
650421
743733
608195
738532
480029
519284
980029
893910
773975
94434
348009
474703
274219
569964
676698
953689
756138
394968
540835
321172
768937
396387
579887
624865
663529
437241
404525
369511
169495
939409
233576
735488
748462
397474
773812
112260
176954
974405
172484
723312
850360
408424
623897
663410
631450
409260
400789
583955
60902
305053
412206
153793
841406
176075
885630
314296
552378
818505
232438
108685
762097
138305
415411
946839
103511
729778
401769
947962
118080
297352
698364
887185
209987
965463
605293
571383
882746
428275
968369
800882
417893
662574
75742
122365
105646
290671
159806
677361
27015
651435
530694
832911
480431
135299
696033
514220
439700
4218
997669
558906
485075
986129
778151
277039
317531
814274
86697
679891
196591
186581
803442
566699
188810
488225
281399
527933
986524
775395
34677
272384
538099
27636
146400
164642
664373
682346
758581
422709
12873
106446
676204
214327
601622
925109
259913
731644
475427
33853
646354
822266
754910
214565
802587
42161
413560
149962
732477
304437
111789
851834
428389
239897
825249
239671
565320
206906
682662
75274
564660
164133
568282
299712
619906
631590
759662
881606
563496
21166
694337
760796
267883
281888
886442
407673
784753
623352
89621
203004
367988
519832
990532
437130
125587
676529
683191
687176
574851
604618
328999
616566
18018
994096
958828
195814
973420
532731
185534
917528
176390
984312
757720
249588
316536
321144
259128
316772
640760
210676
113667
669003
624417
296155
669766
602661
205763
130938
792920
981180
792787
463751
631707
525060
584387
4682
943649
938004
522669
105321
724331
457921
770152
462222
836812
616473
703101
341047
193452
403513
858932
197146
856232
332684
98567
275890
431063
978784
185080
832810
72296
857638
647102
445029
269735
648838
707419
42088
229022
984861
325897
331493
82392
692820
384850
516197
397825
165342
16895
733456
551145
257229
717736
623452
169703
124818
902379
638096
530714
331087
260664
945780
509899
223771
352328
421143
271406
43281
148077
439932
656903
138837
129605
188578
984234
217765
652296
409455
110490
815447
846401
651384
392019
842229
952666
503280
643812
555377
353423
693546
561715
409734
464581
488012
34661
79022
689779
700946
483029
803258
349054
564796
701185
208465
769059
881430
658692
974919
218126
225570
885309
692889
938183
635427
428175
543107
959308
864456
778114
749374
710201
898804
728456
290457
305828
891174
966873
19763
431557
104586
189439
793171
559122
595675
497134
882532
321001
364595
821259
432848
202663
930800
722829
242167
739670
543813
926209
371276
921602
58458
336551
402060
955692
63777
292282
439580
322008
710711
759693
618623
921217
540210
53457
729265
884397
860941
793011
270626
724571
412525
600098
583250
213464
491343
495406
115973
649393
305873
504908
936804
254274
105881
749814
467632
527597
429158
478831
434211
217127
392753
67300
969317
912684
144191
174574
28967
361170
663942
336757
73888
252539
430585
729326
660002
11109
499890
442884
486936
134748
724412
86613
516063
192463
342970
568979
734589
998719
486390
458123
275650
843667
774090
587202
524346
500425
275749
982907
45195
792135
731515
217558
520242
803599
330443
398547
191508
275729
693582
927795
653955
655323
807161
940287
15504
244588
783983
32354
552840
900262
569415
884529
423372
254433
122421
483916
614545
824220
42391
383196
133104
538766
249246
740603
446186
626715
695319
304244
709948
863266
628437
61087
70491
871987
212541
976367
449485
923230
588398
167239
61924
429862
287051
960454
389527
598677
327910
848420
228798
897897
810570
472436
970986
756972
905189
93193
463198
899233
493264
259317
891950
809626
859645
332653
216499
726951
937084
838984
765160
757480
276649
521254
538277
655364
178102
27181
54005
120690
314897
255343
57366
663604
665393
703783
393484
458084
69378
125794
499618
704359
80299
618939
807102
275518
885880
432511
375968
227835
404585
995247
730487
1552
116118
912227
727264
217795
207101
777547
89084
2686
441386
545233
311724
719106
371906
558683
831788
78524
465451
473516
263625
764272
169819
780906
81536
173778
959228
658554
192693
684467
247865
105543
816460
304728
772008
807650
745192
209959
548180
414019
39230
793787
118694
998894
128149
656150
285423
214321
298844
842102
978068
661706
663463
285184
706326
371493
234760
351833
626428
645762
197062
616980
721184
161973
848125
914053
964948
206343
31505
194484
78767
428602
26832
199662
66039
736810
878628
300789
214380
653903
497905
81943
501487
199135
665105
361820
672717
120272
349801
423960
390444
903995
45672
534881
641745
718492
329692
387419
106060
731446
420016
110063
743169
877204
694854
425562
138131
798058
679981
335842
363054
223193
25151
2211
858545
557201
9050
559239
736503
936785
916601
576916
848641
357130
862766
583646
994561
209313
603838
970206
873349
127507
645849
866203
175039
210420
579188
847301
369453
124176
581381
858017
95977
858802
113882
752285
793487
169410
880919
635845
444038
545353
139530
90766
853165
207121
196396
415120
582756
326312
521591
187985
569332
452547
971423
662652
157020
213246
946862
915505
493433
91713
48191
480694
331281
533823
472790
489803
518844
833240
604699
796570
671919
387166
254641
898509
696998
217653
43703
892730
308525
164564
495451
946170
714316
321384
444374
611799
724813
854039
965832
158883
358187
145953
673264
240549
239385
858851
280263
337903
303467
34166
642618
701707
560997
178612
860099
213715
707743
871771
7267
85920
48593
714313
161214
100443
322817
713127
