12328
128653
344909
617855
666454
390426
964681
622400
252717
878372
593853
219663
205750
427542
130665
755104
237742
364735
966577
753035
263138
505206
454081
878532
883938
816424
376779
179314
956372
367808
846316
649069
733412
885041
691116
541593
569945
174115
870116
950810
267267
378999
668282
354610
676816
854457
773000
213502
915199
667617
122203
783498
390636
373638
691351
270156
232713
762656
879352
784516
251437
455800
917555
201902
415430
217454
553979
316832
726315
772967
728095
773382
1740
77585
681360
64952
683915
637076
972865
482997
481507
465878
816615
750463
675846
438955
772832
183378
493445
243480
86896
746050
191529
436802
106150
893808
116319
145976
340061
799080
843087
916378
169246
798811
7181
384804
865827
224564
151592
476827
249782
516056
761889
328466
920504
666239
254006
525401
325694
386090
18779
12291
92694
453120
658698
998227
839591
407625
142897
262018
617334
948550
396042
556400
273029
644202
116681
403173
943382
803513
289646
401858
568717
175292
928058
656840
883059
117662
190014
43972
550807
224167
680846
790550
860751
409170
256405
982237
196636
129548
509315
552066
768747
605708
699681
476701
903864
770249
915972
163399
301837
222429
932960
591741
43369
214964
324468
490989
212795
998320
712867
578913
658509
288285
969251
349573
124350
729676
932942
280086
957224
427662
673814
43113
415648
586382
741078
99285
453083
697228
904259
441471
17837
40178
629249
838848
735469
746388
485650
236981
664565
431241
149801
869922
352198
611104
682909
691139
648264
229697
936249
586865
913646
226786
755760
527982
705720
543906
551661
688653
244882
720390
87113
865601
859418
749389
183830
453632
200703
805169
537432
149075
514821
591165
171155
735677
944932
823430
957568
774405
210896
653703
416793
52834
308692
745373
105555
792195
76440
281627
440492
884536
119169
971595
455834
989440
650487
585154
886883
159407
646978
245727
854666
700668
379533
390240
800359
974821
40205
618720
18000
727167
15483
658673
714675
795166
214909
45074
936582
208156
530211
799757
118293
984906
711116
45744
898874
302321
647849
343461
263147
594563
643097
959664
135533
906019
283892
775877
767335
691918
165860
914948
749521
185188
690413
743250
7371
757207
73548
775061
244618
347247
901373
243531
650285
655671
973015
358984
352558
591303
731091
663754
20468
640751
570602
905082
85188
301885
111132
408386
12568
84524
717452
939269
830664
534121
333064
60991
445477
75331
978407
663611
789285
639086
536780
167467
45048
776179
811079
202535
932921
756600
506906
33797
906304
423911
658712
721361
163156
428990
950313
721833
116350
622515
789355
977336
815992
279490
110067
179661
263556
629780
831921
335255
461082
917901
615409
86463
959609
358579
95358
848418
855903
527862
69665
964330
861204
788448
697031
376904
391008
587866
757824
626319
362332
237592
119076
594480
361830
999138
868368
142862
378990
201216
180750
646269
579629
950658
685331
924764
524214
537577
621089
30668
887716
568437
251277
631308
145651
698956
364059
533171
223787
996420
852421
528073
242615
905037
180955
521537
238612
711166
302724
510423
384165
294906
309154
91010
577507
466751
35923
268119
446833
52299
541268
445754
387341
94955
239873
589825
51299
696865
684408
490726
449020
254577
887515
343785
531731
202952
778611
881728
67912
824330
232114
217468
124782
54262
593617
79418
295167
718520
156632
964738
590191
445708
267004
530367
591773
205002
334946
373851
749094
866386
585474
171703
214868
177940
493479
930884
416628
780092
237714
794753
780677
732857
301758
477649
573388
776617
762431
769016
432517
830755
547332
529458
959348
625312
708283
774768
427993
883654
711571
880239
787201
855379
229981
880503
536825
938530
978956
642862
97438
801181
679259
125718
898256
215744
794061
890602
387141
681861
154896
447952
775097
877234
445754
481923
239547
178742
927967
404163
619988
550009
893266
496888
791064
866221
486460
384494
672655
251246
587963
960596
366239
376818
225749
50988
676690
61379
44506
728091
701568
499944
759958
995168
713561
61090
689200
362401
382737
510034
189411
805537
251496
239800
106006
179023
283349
839702
901081
959480
265038
599475
594686
771803
194807
194299
301074
607005
606757
322435
68151
185939
390157
308843
578463
194685
438925
906140
246887
229075
83031
346545
678030
806070
967542
785715
151440
780297
388414
704252
559011
775385
665492
409404
462413
859575
545815
525914
741088
767527
822250
695026
481875
94129
85472
74749
689919
703060
163202
166734
276531
142490
602559
649721
84020
852039
860849
837262
581332
186539
143560
174403
30061
543383
898197
741040
238971
416748
336949
447475
107603
256015
154264
108723
448964
883000
544237
766210
708041
871530
17452
104284
777895
207229
167743
899084
369065
59479
834254
985454
116470
620217
29606
882895
282124
990709
538117
608944
495899
727166
787076
337194
501312
793944
619105
937515
38492
244526
859624
996702
699153
802178
306238
415465
518361
332606
348298
502864
878210
850922
473728
35959
550346
105975
4555
561220
42450
288504
429079
321571
950786
510320
68856
93347
785658
817606
236602
963389
725104
530325
370054
553525
103851
8160
903341
221530
725531
80355
866388
938023
885714
122308
727612
745740
22307
73064
948461
254214
744406
477987
868991
72363
152709
707527
739141
435906
926294
14237
780246
608910
416597
863154
301049
668140
304364
975880
469164
180306
779266
341102
701649
550839
454446
34730
133878
405265
42263
444050
810368
630650
637994
571386
36723
360940
129206
418759
343072
837739
933223
484706
175211
500738
783837
318152
529143
482341
4584
756479
264369
331893
605346
483363
44598
505123
23593
16223
369954
916908
754040
474871
453878
491394
485858
520385
886117
862283
867434
182900
246907
376258
722305
725528
279146
302140
602141
562845
398963
386693
902962
393864
785198
681513
872335
233224
447797
136270
982872
773927
768819
169854
48412
532124
851972
438979
874002
55549
732617
60587
920373
572177
30092
927211
161209
884611
408970
392800
780520
566899
727777
489392
916446
800295
511383
581455
733469
255455
956228
191326
589518
516294
608606
525678
300309
588996
496799
97570
173391
713392
339733
847473
814507
450147
785926
599051
132834
705512
217725
686803
598612
476303
994037
506443
893505
115681
541153
686670
626464
269101
468118
605686
518943
251073
113750
18653
602872
174773
27898
43393
50861
701729
247163
852161
615264
92910
399709
542148
554257
745418
121208
977785
500660
884341
804
814968
329134
514425
757056
356615
101996
929910
395103
714873
594656
711579
451664
117682
11225
592049
689865
350981
663614
730641
566063
703294
646759
137398
702789
678459
191129
863405
499822
873205
64475
652521
370336
215261
987193
365171
460647
630753
939029
345342
683667
323085
151844
456856
571776
850126
766732
71165
492096
784467
919384
903750
466919
186252
565526
163967
669490
28052
133262
367957
541396
674027
690975
546542
997215
633948
720951
903507
890828
937726
59886
160200
684967
370325
129280
502013
105497
872792
694501
28829
648915
88333
354767
607811
683605
135889
974080
171468
908184
86900
778245
565575
539102
941632
756114
36681
718164
921434
455675
741214
890912
672514
248525
922010
255117
972661
827591
155149
912337
937522
901496
590996
721783
537689
726390
658828
193709
839214
421176
333794
260652
415997
25297
935942
830335
912024
679626
298750
620275
8700
565658
502935
844890
860114
864772
984310
220219
864849
363149
417164
883161
754880
164249
958312
172702
424473
24033
217574
915045
624457
392851
969029
793697
601877
650119
544662
641644
179030
358041
92049
918768
256485
798823
168578
278764
105425
165544
656992
202660
928653
239271
555454
291496
899623
329756
68507
390782
901299
811045
92436
676526
960070
239206
273721
604715
493854
217018
827836
189081
741151
481812
27205
538559
680184
112119
994083
829195
309540
203790
927262
164988
509069
162088
273192
434672
401675
627988
199474
875274
761225
954005
262618
976319
870920
190083
498689
764798
329021
622974
483387
939322
219286
282127
456288
265365
301723
668956
850495
164650
541423
785352
493042
413175
332597
457381
503437
757605
575119
546647
803888
695542
58817
777798
305020
210570
602804
12159
210082
108494
101271
499112
701527
936898
19872
645470
752804
535204
860784
583917
977881
470078
774101
36267
654433
702985
762473
797489
831537
397245
434583
879159
284507
689270
216189
962763
557823
205764
316717
81966
926560
932175
883470
407627
116436
63269
119840
690581
952342
473314
234781
862203
608502
335035
129082
577035
197487
969255
74189
431073
26009
595178
800584
7881
33717
486655
806819
383609
155046
476385
31448
969508
5247
702582
844616
379772
966263
943769
313339
98695
626489
793474
701829
217181
201048
688980
665155
241915
717792
27459
198789
788359
714056
465504
639430
7713
864707
658371
987862
821218
765109
145940
916057
306996
354755
223030
671080
151182
621507
786384
178389
37002
372115
208376
363403
468196
929669
590974
28244
372497
642040
930899
257525
523834
681922
925205
477620
50324
255945
303992
642938
1757
847537
782610
510546
880756
331567
129922
780945
352725
674556
868414
309072
286321
148390
536889
377301
751078
685952
131949
227408
754400
434682
816522
309569
999819
738123
169083
567159
916212
954570
182417
977202
541371
933789
512718
747370
942839
594312
494096
360681
849638
946663
987673
849427
412943
229175
838711
30150
537846
80974
191380
304604
95547
502571
922716
342029
207504
332328
405318
641714
552661
909452
831810
502756
669138
975293
146941
868419
164048
461522
170708
776658
36180
703239
398035
940032
726457
905034
958504
358594
691113
698674
306536
934363
49464
55759
30333
760445
579805
122652
233708
940041
608717
595857
649791
861875
19126
395477
937171
142849
839381
841745
868416
776306
729524
8608
3872
270075
216324
415074
188606
355309
72978
996464
330717
211570
427305
411561
141090
866870
274373
331307
120991
787554
499695
506270
126652
655043
939066
881962
378820
513097
832984
248904
254537
965996
666329
452598
260853
91177
372546
563012
700975
109226
25094
38924
269478
623876
405860
189375
62845
838426
864796
81369
649683
961503
546831
327158
875310
525048
580722
660735
192835
558079
710126
128381
8420
242084
435032
631054
401030
369390
337928
112116
999598
432479
435928
584395
873144
310326
826171
850643
199556
464526
920183
489195
863997
130660
482944
503903
330631
664118
23219
412376
385861
802822
961515
79026
845380
884222
559876
769259
593223
948013
493482
798966
560367
683183
777308
331695
956359
570027
168003
776746
313514
548086
91049
254308
742097
529558
229464
622491
409021
322401
400080
88506
293885
894339
708963
189676
325341
699933
118769
648337
551595
234123
55292
191502
524135
329662
80999
839871
990278
9864
935056
77576
877795
647159
83590
488585
928963
256280
941353
179375
157507
543261
451677
50151
449312
189337
307178
722542
344611
667943
316660
321732
824807
444971
293841
584127
126280
743216
466316
91708
192874
7665
330486
905328
597219
284339
525795
559260
530182
772111
257992
102687
879437
350862
754351
426469
817058
626412
910548
205438
863306
796287
338016
36553
82415
410801
961023
384271
695816
928553
124128
893804
735271
912521
859528
211559
257886
143760
336404
171235
133647
57438
436425
308783
864143
909848
22105
893496
821367
461026
34165
478430
250503
446473
958601
846883
820214
421187
405017
372480
260186
286541
851894
724178
766320
913396
26204
845937
974153
154096
953003
430498
473938
969514
141504
232162
495102
908383
183088
738658
323410
415772
530785
960019
348684
257961
985412
177239
808113
78722
147570
3030
915826
798272
946978
998194
938746
644887
767813
483794
666071
42808
513918
663195
259202
191063
151105
234109
478412
495047
685255
600041
291495
628033
627435
736929
286735
702211
4965
300007
891539
228949
378080
127127
59140
437671
749113
814737
564216
173846
787286
673358
901563
939917
480993
797588
157076
929800
620128
755780
515183
471796
34675
269393
3820
980210
214441
808011
365059
655291
410686
410201
920913
512093
328309
272965
579460
809188
24782
153394
459296
945172
525221
548264
583531
740434
732519
887184
910395
757858
874033
350011
479770
491722
203271
555420
943827
325462
324909
380694
820060
567349
287717
712304
198175
729409
465798
250278
461479
46748
968054
421081
583844
239285
807748
143398
321818
614442
384484
680403
742764
620360
761160
621093
656385
512877
883671
112720
195408
416143
964748
59910
529934
650645
27758
908209
51377
60259
796839
311739
571679
101299
625092
449674
853944
170526
970568
441418
846333
857595
376301
978594
214043
983902
371064
879752
383448
773250
744312
43568
14361
989377
838811
187679
214285
827967
284972
246303
664698
61095
242860
351435
50466
577037
320652
588362
198225
517363
560709
473560
6918
660327
104981
909760
947452
735945
507863
771494
789011
603563
302717
785472
416032
359121
689196
173285
25998
470679
760051
37054
847215
900722
289897
816793
986403
54351
540963
952668
403171
740695
776079
216534
298027
479124
856497
23345
355650
158701
464183
103812
548391
565005
929850
287941
455578
583586
947924
392347
571523
478914
743576
762450
475331
959207
162418
435560
950870
477787
400348
899012
972898
252207
704762
961926
486494
712037
801940
366137
205730
170285
517421
712165
536647
588300
988996
122178
557114
498905
936359
494727
454242
798562
422126
488415
259499
179435
237531
107197
429295
998038
498828
204999
523201
870814
47386
63469
764117
845437
274514
732061
568719
574958
726606
426703
601382
888653
105711
749179
953717
968410
509816
863083
213534
51484
656266
518250
282715
265954
16248
445788
210915
911653
814406
311719
608309
659977
959363
575055
101443
166658
676736
572960
836926
260499
967916
594116
746746
914738
892429
171700
176318
96264
118109
94731
172459
667924
841407
832694
314247
571055
818780
199944
511588
440298
600799
951658
532849
207827
892553
782960
930141
751639
21297
468806
962275
208449
819868
798345
954103
459105
65781
424498
784267
787528
860329
921581
262910
295663
240545
156552
509602
442615
135005
193415
120552
803978
705386
805908
596522
549793
753023
759635
641045
116576
265658
677140
148017
549596
138098
38306
832143
449788
469496
317624
981262
658109
504623
767827
857481
515151
981637
459107
689504
677405
986381
142683
829282
2986
23419
383463
840340
854167
280251
615485
25249
46465
149486
568973
153885
432327
414402
104466
452727
870633
228396
501642
571067
258443
502213
745730
898946
864089
75902
532043
684983
403461
655617
93385
786182
344748
725286
93353
356386
782871
905935
837618
236531
185758
956641
235125
178523
321766
956191
961503
532516
715658
618660
884013
282248
196119
770173
740094
134555
266098
420897
903044
196057
747797
296974
184660
231496
359286
169089
55198
902922
745992
834257
941046
991169
805914
681896
207952
453470
889758
817503
813451
251273
784709
487413
301988
399975
186693
762796
996235
98890
187068
406273
474066
651131
220590
496070
417858
641692
296043
782493
971784
632061
602572
536339
559693
158270
204251
605846
418915
61596
524946
903253
142235
965017
898684
257778
63027
832268
258168
148198
763948
332354
744669
118770
946234
678096
950135
644926
949397
606903
42030
204752
870893
704562
451399
498858
398906
5726
992260
823616
9905
754502
531815
570324
10450
555851
923349
130416
709022
868844
563541
773504
895911
701048
931063
502729
387647
543437
732369
782858
257170
346763
203109
823149
294672
984475
769950
903210
176834
213
786297
730809
642046
641555
564289
205681
272118
611216
794482
354178
713450
988859
314303
235275
116542
919582
952304
185241
718630
686694
800355
834366
863805
861198
24818
857033
390965
6444
741429
42471
329193
230104
467614
430549
527439
845173
682883
883073
982281
337949
835257
78781
885978
361261
805659
836638
663542
371498
131882
191415
758130
222926
506446
665709
966170
72435
992699
836279
66657
735451
250095
636213
317363
251610
262999
934249
958375
478688
64658
513110
845392
207655
74957
374707
611890
263221
562701
502476
534482
485454
283787
906038
154855
605946
142649
120237
72684
379950
788515
725452
395799
468378
711857
432167
601763
172302
878409
28744
657610
623178
853073
6533
378895
885920
761810
900539
413431
871048
578296
179433
818647
925376
362293
474411
494025
645086
190022
937808
514168
43124
409614
311579
155163
429918
573150
771155
283967
674218
34966
355399
462588
692261
824164
930850
919369
409214
524331
24934
411372
289305
639232
710344
372298
885427
483150
253352
707100
199085
837081
522156
93314
395063
676895
884792
549170
739226
63323
693580
381385
725281
927139
541113
961538
697765
578161
827329
23748
645620
177726
341322
846869
599582
358538
62655
324461
100827
672441
832196
657125
903388
214679
625043
542286
113068
873212
535416
676702
423747
197067
270821
221638
681256
214100
737523
430815
354303
383897
857846
713090
937846
80686
957371
216118
598408
648889
227488
762628
577965
601305
169360
92455
345631
30692
525531
504480
124040
254024
391086
670949
803789
932242
445491
149369
174129
416909
499528
724119
797287
875715
563028
464264
579129
300767
693516
498004
973070
451250
276481
248981
523995
433876
619042
645287
889001
404835
380758
4283
148286
721191
823150
901259
22379
708566
867659
607464
423730
750771
268236
946607
976337
206928
728241
175002
20463
715701
219793
798322
813730
519065
736436
130978
413979
275533
753358
813031
394735
586936
751705
342884
878274
369021
691213
109650
298706
527225
534271
210581
106845
395816
578772
531817
629424
506727
99232
876859
779918
472340
938207
250516
465337
810513
23630
584368
290208
119912
492839
49901
625188
424392
267768
514783
730376
193454
524255
445824
974005
444063
228324
160389
911208
333777
323443
816075
612281
957162
238324
839792
246793
316128
770697
300287
748550
936319
261347
515971
264477
945289
450625
96060
644158
65911
400903
17648
427781
189854
772599
920472
666570
120045
342990
38651
65222
459666
485053
172313
579616
42749
877442
940989
57043
376317
888867
697654
422334
797382
124359
133471
703497
342419
715825
162265
636142
643368
927641
699226
345707
515825
996457
887903
768259
334342
538193
138237
938091
259344
598535
452053
217816
1925
280863
556134
330851
272655
185794
356541
244501
343370
99342
374983
68181
259052
850570
188551
951787
961024
49732
30306
433072
657099
445449
816152
148244
940239
134977
975757
230156
958317
846244
339653
764054
902053
588445
518703
743082
161466
173241
85336
594047
292209
190476
136448
534198
341303
744481
89226
55911
326370
620891
832972
347399
142096
901740
184519
903923
849068
538545
472944
815387
556559
12393
531053
946061
916290
815761
699803
161565
135906
817181
472396
626031
650396
139092
162574
200993
162776
166472
522854
538199
871987
515825
533020
551716
194148
201574
635888
711505
456960
686519
803306
396110
269144
809513
857487
469939
740352
187535
721455
634609
983851
569793
256988
700825
161522
572156
382773
82057
861235
272086
485024
189999
306454
170780
351318
337275
997803
955018
125655
929445
615983
271141
809407
620568
114542
162169
619249
216058
727490
193387
126895
757016
947129
888826
371532
731443
555605
50326
845240
265441
532204
291805
753147
660130
999664
815406
888509
62976
870089
656684
103425
850593
499038
274129
732594
332845
679795
58924
609686
48406
647020
427832
364191
541960
256624
149659
371168
288879
144873
724728
612381
691999
899303
109489
408763
464229
300964
712636
844886
484136
78562
863840
946033
387066
558193
857229
382536
252929
615117
34518
87618
815676
128355
250700
579715
220404
636020
332152
181789
109186
351187
278836
254374
234679
937736
538150
244580
318379
126295
220698
970085
748901
466203
798203
5100
191268
311371
114478
233669
501704
821726
867468
54458
31200
310347
617338
806686
324369
32362
34790
555526
456671
30838
511775
304088
460955
225459
2193
798075
179113
941676
379484
762414
33069
886614
433361
487669
275026
287889
565705
830637
810806
336396
71393
479745
195573
561671
310997
447221
854353
93236
590648
8223
339771
149239
108621
342838
983745
633037
466054
786179
673107
852168
122838
881652
260787
315256
103989
755151
97593
351398
642544
251460
708224
425594
274730
347739
765425
504636
345011
116748
377769
27383
216322
882605
517642
351097
248338
433030
593563
904696
187543
133824
200541
799759
825884
664316
463659
803685
698811
651585
635404
985455
752184
814285
388761
343627
688506
168780
830277
626381
119974
880039
309646
826391
811737
860723
941183
847777
300610
312458
626335
479961
750299
854519
428154
219556
216642
97675
807497
109826
564664
217484
953408
669071
595252
809165
560245
431205
298981
148185
853800
997279
496003
202441
379059
98745
956433
216565
952079
265555
262193
419143
883520
690132
953635
106539
488670
674091
688092
700002
708418
236657
772287
269494
692745
600427
734394
55176
843784
616363
664704
499781
770316
871061
5534
358135
23116
356159
844156
452536
948974
647538
412979
96065
886002
744398
916101
584800
537215
789321
588989
441352
681992
548823
27812
45506
59995
994214
645917
449858
862342
33793
503838
966036
465830
712276
334027
168053
384909
206607
544753
577982
295311
30947
195227
175483
713001
156201
69141
55642
46799
907106
300667
54207
569169
281305
331516
231925
314537
374309
473073
762238
236195
399370
820500
221195
196073
72767
621086
998599
140906
966923
655297
935117
112551
243465
279807
259515
142042
279370
880805
259998
362691
39385
292584
417356
756880
305881
445786
376529
724776
243851
713353
65345
815764
535788
886773
709933
3530
477243
643947
220848
514072
567641
311234
150633
929513
144136
306545
314883
373943
382614
985932
894063
675726
767763
963865
747891
710009
609789
528595
265244
924363
332413
672826
863247
337675
620682
181973
303614
326205
674220
428934
381494
665481
975515
103112
471188
184395
83334
458759
160152
26166
480943
948251
56465
607333
150451
78051
448184
301824
543482
782617
319047
384094
272729
177708
703742
102216
736649
843010
768885
379701
72322
350619
206259
326519
189797
871764
615615
970788
64723
940093
776586
411130
527080
740233
697148
738142
369368
760991
233753
359869
384100
187149
57040
646611
753912
172764
879392
984330
917476
629438
615207
320826
989173
664868
88009
190991
95280
580588
858169
882824
66026
205112
759271
827612
575943
758554
665862
629943
225869
497771
122809
550242
291620
255867
690265
777408
20972
960930
284197
936052
198651
606133
855047
288608
626289
363796
613567
483849
505722
246113
575982
794006
610976
75915
61633
24183
864010
682632
933496
23779
609494
156897
580242
829625
921294
458215
628055
770888
145865
463683
285506
130218
243361
135211
985416
105099
348428
570673
375305
441543
684697
69621
348818
11506
416777
718907
489933
61681
627592
795095
912902
872261
52998
533317
154074
500584
767287
450133
347134
753616
864035
682499
733225
226384
488106
981221
941151
501534
657816
402941
215644
858543
666657
645294
349913
54014
224057
684812
17917
623340
462674
604556
656803
549378
893811
881626
197444
526738
236658
728266
263233
29563
99214
278886
663120
50442
618859
726758
733696
329149
619626
823357
762282
808804
356004
184144
523446
847841
118276
910850
372999
405070
463870
663146
247364
73597
486640
374374
953668
408090
467155
859081
777237
182637
807774
146735
361386
65596
615479
107250
88862
393550
653462
689973
371177
208521
855353
445405
970974
720381
427134
4384
920030
135290
286176
174133
924829
825435
783824
179179
763342
219494
957679
64342
728238
141835
139174
810020
761258
892874
909987
614285
505262
458226
465392
844905
578828
314820
411953
117211
804997
906998
935802
517163
617206
580627
838667
738994
122209
435903
345385
445550
939095
554073
360794
832437
341248
787321
334204
812807
684551
688409
858370
567164
729956
420687
927756
787484
191239
483960
913442
937421
695134
789873
710862
141287
785923
664831
482771
509028
173637
104014
684109
197939
147921
629783
538854
853355
98174
937370
135538
967324
800754
119307
809896
2050
523955
174089
34110
967955
718670
512649
583520
551160
495902
937681
209356
26584
403705
737057
797069
927375
379709
470700
105745
851069
624690
235523
429353
12219
201564
458003
903390
947177
12832
614533
326442
996643
622928
543363
252890
149202
414357
689819
226942
821086
436280
786044
29257
150529
374605
757148
912076
842871
328252
568956
302474
17042
795117
324035
977655
673769
863503
171719
79954
934832
593286
698027
228252
230692
726127
103074
668787
389021
240785
366098
92688
874373
939937
275411
428698
613351
126449
728406
346148
763361
473975
363107
990538
902004
697206
477050
526115
90810
670923
921627
71523
32503
714198
694945
77136
629191
745923
389898
744863
574071
472628
331858
417259
922544
621709
711484
68369
567439
734619
596402
476778
448144
137058
717124
850214
609064
459329
598988
303297
5489
390532
16434
348581
112832
145798
938380
584220
659666
765441
29533
68592
58021
129140
614846
4386
465188
136751
197531
842819
39226
536190
780820
513009
737992
597104
17475
928178
416305
445955
933853
173350
989010
784749
700017
414508
145551
996169
898254
487828
679433
446109
905410
202300
982188
75908
668156
968521
782884
983933
158419
98436
548911
492622
722400
456078
560781
606038
741381
342209
575509
910958
147153
648997
843362
285499
550908
221196
833130
37716
810701
290507
35054
921290
496539
837653
471437
537816
396015
580149
683188
96488
534665
391272
877360
271744
546554
822804
240100
159879
712302
964649
471510
31160
443596
131987
388643
358882
488118
707993
173331
42073
647851
47957
113671
9021
420684
799824
708815
634212
217084
209465
183000
707047
486432
49794
212611
45574
840197
611928
77584
525945
235425
506301
884025
316628
717106
900803
665243
80533
576067
402022
10639
767181
718925
369927
728280
878121
179386
257601
303668
423389
834757
888234
345877
712492
800253
957352
123434
811222
963495
647661
623766
627037
887683
931920
544706
303094
154855
907593
619726
434569
501256
141833
867426
952805
964568
120180
807715
647876
944777
685052
505794
1973
430511
68123
55726
313196
322051
976045
618153
172898
860355
198887
706296
99306
285879
308856
862068
268306
422671
60730
238270
823218
364393
829717
763984
902804
13294
746673
714926
826623
711772
159957
360250
982818
923998
350049
527207
439514
543831
139364
226758
97952
116413
393819
277500
772498
542050
569031
425301
714140
271759
159977
305
947203
562505
856413
351004
657614
382133
376208
542908
265681
426647
897440
511971
674967
361846
926351
687109
648875
831132
2594
168259
3203
966713
910300
888485
823882
984359
638674
126887
389001
792201
153771
910506
602481
150028
423670
161739
171719
923023
473896
169745
468524
931935
505904
565504
511304
405915
641145
776074
293779
156983
245628
926885
364351
871004
43327
564344
772805
761451
997741
613167
912459
538722
950995
916398
527599
610008
768117
431329
630387
446114
299787
389426
251781
436760
190747
578196
309097
564721
116340
886716
578629
58379
466244
495280
302857
300360
48215
240504
796089
195986
574380
870064
103704
270526
267445
675391
265522
653326
119468
166626
320455
458001
897613
670946
957711
352549
418740
624868
647406
909853
12179
173023
403830
582909
709455
26536
532371
378850
697464
149225
720535
407167
101795
71344
428579
145153
346918
420003
396206
75220
461936
815890
509557
854847
429762
25893
953087
72427
242766
463220
142796
117313
418858
963445
131418
457905
121905
120528
249939
383694
793143
734543
918038
813270
359206
562033
19616
493712
331450
623454
299991
378190
840661
639924
977523
985170
77055
504319
614153
665037
538174
721672
423670
961154
349966
225156
203364
315146
956798
519085
615676
35056
311207
99118
910504
321404
744393
235192
945475
984717
440771
116274
389856
197471
726063
199437
556212
700205
604888
348149
696097
446640
252312
867811
806687
648389
399699
637647
485193
425516
605770
468163
948290
62572
566748
365067
361026
880917
828448
429385
922561
16478
800919
297637
292734
845740
406865
994785
805164
388404
206751
191114
606842
533047
794609
503050
802621
24428
854731
246427
658493
332604
46696
521558
574489
757735
945771
50346
160407
338500
307518
637736
857804
334565
180170
470650
597796
660376
637265
770996
597583
383050
916011
497986
98057
335239
309019
503297
389699
717917
166093
726059
306035
152862
285742
364458
943285
639491
108840
555341
63452
526125
224185
933912
899034
943239
243311
468597
939335
600776
632898
491529
554705
968469
811405
952226
409537
289539
570667
2188
985574
672442
810282
27075
882272
421877
731695
209346
845131
138405
375718
985146
838853
199733
265699
111582
185694
340073
229594
921499
646619
33760
935415
977317
194279
595832
725403
213741
249047
342160
797556
253039
637720
519528
928632
344807
572664
287077
531838
760803
994061
975794
549177
598388
485189
792512
331857
24446
623500
364653
763488
166447
891860
769027
527750
600076
992836
312023
360745
526951
225535
472082
151884
817005
625039
371212
454027
373980
972974
854100
872816
556433
485745
979660
952501
657151
411474
339057
16215
639740
941208
952249
474644
445429
692581
766357
334337
804418
260187
947158
877130
182612
281324
451948
541958
15499
179774
519305
466805
885220
624695
657571
792090
523856
363818
46553
226287
354400
265565
893997
36810
325019
222262
632367
783370
165170
993858
256379
651901
586123
215138
417049
787986
928057
283347
778114
662773
355981
973464
488834
70733
103686
403142
350969
307214
913827
964012
220091
535163
207897
727133
23383
547516
397473
751259
670645
560727
960808
735777
853208
154510
315562
102349
235268
458197
133081
358632
773305
886255
672951
952147
481821
981796
893251
212625
193847
670177
900367
817515
751895
50156
400816
334020
790548
235394
193936
237177
151854
823310
337950
320884
597010
541768
66340
314190
820027
813800
486008
388830
858421
324742
758668
321123
724284
604368
808225
148745
85188
455911
40664
979292
246482
644758
719657
854918
880135
76655
730476
482246
706237
851716
118549
550512
570186
793983
674621
717274
847138
267103
863643
503722
415193
195087
610961
813562
236293
852901
303459
320613
779649
194100
500098
170353
566543
513806
438855
728153
151189
133337
588347
362165
464392
958156
916115
673672
410790
874247
918137
918566
495901
206605
796805
995392
530569
519519
817930
337614
923483
493685
40909
787351
486421
416923
489873
606624
11505
38759
155534
563119
328417
74003
36671
186554
466162
30587
480154
224945
399562
717364
425883
121701
708368
284102
109754
715027
586666
61704
494331
96657
58913
683095
609316
990996
978018
151986
600584
510940
289182
412277
250818
995260
187920
382320
414206
534281
618206
307748
37233
458591
411481
83929
60328
151819
243423
364703
573438
628760
346912
436063
773096
833337
249917
993180
438442
434512
336396
896588
799340
311641
55032
672717
686823
898038
332038
60742
518906
370903
40178
381659
984921
218821
473656
701260
226533
874380
973166
979691
347094
150467
18574
648504
12052
964985
664466
764570
289957
856190
209016
618940
806465
524299
401125
465218
913858
268559
909606
669223
132663
542870
606737
398325
196824
308184
220426
302175
555667
880604
294241
318398
851909
535495
793
294054
392260
810117
742532
815909
132185
34707
382090
11800
652107
869094
527176
565545
760470
502907
572500
342696
710459
717372
878175
165765
451569
292108
856692
917928
966393
83247
748765
944941
949391
502297
419684
604159
878716
771730
748727
996944
304073
188674
667557
518322
128782
5919
459397
875797
335592
377839
214069
594526
368200
247996
63360
747680
185448
285204
83865
167097
715097
964538
440068
119371
584505
464045
152724
699926
474560
997202
744527
163567
30329
523200
238061
963167
874765
54184
853311
953947
815418
356767
492909
615067
34979
191690
502104
578904
787266
755493
599454
86055
209529
348912
527227
458157
668101
890038
189260
662334
354003
674875
369071
996503
225773
272833
693895
988531
418829
795767
328028
662413
373202
216575
269343
454324
289552
513178
245259
517444
216834
761331
428454
118918
425754
278853
998055
519206
38585
22377
94769
808397
321467
643711
203069
660187
585449
956921
643351
611778
790418
433727
433535
866818
26483
384258
147376
987132
590163
407969
990717
450998
682028
140849
377430
230826
506755
899181
102634
406091
48409
977146
582311
849685
567674
188692
195996
821647
480306
131355
15040
71648
640223
230388
731212
541195
561826
110749
478403
442313
410607
198353
149842
872770
574084
297620
836753
919079
480695
575260
32617
133295
229799
233564
383952
224107
915476
247406
356272
607688
269451
352731
236455
377825
958906
217546
762087
635967
278882
419972
52156
230702
449514
995168
884270
913660
624975
742608
254588
576529
677177
790726
777417
108774
683433
638468
647635
728292
166415
122495
53789
307609
738105
671599
857071
403801
626341
687926
324532
901423
459127
895082
151297
173631
745862
252673
207733
409145
94096
846808
860923
138364
714126
409952
160748
893893
480931
667941
666706
970386
67821
703420
807432
628695
82942
625545
455933
559196
304293
791466
705111
695985
686629
592772
809587
128399
736903
769064
992843
906189
856907
448289
63345
113851
797114
818140
603128
982559
855703
302388
134897
476298
897012
292186
979283
17365
892320
637470
928372
161981
545150
331100
473588
978904
213617
507333
531833
79603
353139
514697
108308
221195
973829
891934
223682
450532
7553
229936
64719
923144
695051
609701
119509
230815
986150
225803
888419
245672
837410
135713
606265
37330
662323
892287
910959
771385
276190
31971
119284
529344
55692
324184
493812
970695
612033
636164
942867
685257
805222
457423
263191
525013
598594
392812
756258
806759
93127
266245
118812
416291
743753
563015
273775
914477
914825
459463
968940
671335
36592
937167
891403
771528
296279
63370
299919
38614
996547
808711
890184
444032
715886
428397
457458
760666
623488
127100
531515
961717
582301
721723
24802
265562
373720
336260
532987
304931
35269
333544
862479
967351
312107
993472
209312
759392
468632
980305
481993
114379
263311
714907
944516
843163
167837
33214
55494
334249
530570
445834
802565
822812
967594
851810
848921
466786
171155
466123
515968
440328
875816
347030
677372
289980
577684
464168
264791
79132
864275
760035
975495
651258
178026
327731
43500
108399
931767
303671
853429
978393
331747
399113
421603
957298
298163
3884
906470
68046
586110
192913
914019
430001
462969
471366
61847
247754
657070
340476
138261
582160
570699
50803
357995
346488
920471
246724
828323
644432
258623
404106
549669
351995
207503
744494
597754
678345
841020
33422
545963
610162
74334
929482
451464
256176
333819
16235
515012
247670
204029
864879
220413
705232
792134
308533
961754
688792
185562
671361
898318
838738
169851
889133
857593
182693
340114
527469
928237
138551
704329
906557
45517
732003
931573
475049
160274
309018
568561
123000
759271
718675
421126
862390
386484
383792
727174
596381
636537
766063
800824
261536
926608
283081
863853
388051
860564
42986
633329
209978
471329
658638
175901
717292
415921
586741
868042
183267
33829
210242
620832
784675
709605
552310
19532
392645
436062
620483
803600
120800
348522
885712
209652
143314
901902
278409
823898
523184
129052
854687
216943
605128
184697
392931
518717
756175
623289
614650
130270
950252
481510
372798
40524
323552
912352
397298
998163
79120
932702
228639
470055
435248
11218
357071
470994
121934
231339
659301
624005
673144
981940
477975
903248
261835
405530
680970
30701
960922
38538
708617
617847
960631
260537
234657
314552
715489
678973
203995
467615
824586
178265
263639
959377
86083
119766
53761
157526
170886
322316
516275
174644
35424
411840
94183
526489
786489
983463
703191
12465
163777
953609
219827
514840
449785
110529
679614
83753
986331
238369
720902
38709
269095
168818
433022
412560
638668
486424
236217
123077
611887
868756
204933
928041
533914
801764
673186
554317
32772
716933
502622
933901
942841
938968
388878
694085
675046
381666
197611
124900
938627
486062
979398
608664
117853
652557
357993
72489
629311
73790
572428
332066
538236
191208
187569
523305
58460
305796
718173
713072
195809
795159
598067
221316
368244
6237
35310
439939
804977
947330
297466
94378
917772
301001
541232
228236
48094
136592
813676
420063
799312
183914
902477
976433
994466
575724
743369
129528
967577
341252
513258
336006
421635
543554
545065
530843
417704
808314
188901
362133
632079
495874
462912
553346
908458
426519
538007
882838
165727
675612
304412
765624
836595
745154
750353
269046
719509
117507
929314
973978
923205
973767
262944
758036
124767
756522
121046
675094
221512
62869
110218
824319
654515
655945
106321
303599
219601
435258
957071
903673
590035
249688
519691
266422
301341
151144
95915
295670
907784
916177
56848
568274
635796
799411
283472
335325
500969
719218
392844
650553
976904
980625
573038
14661
464915
566328
902209
939508
950517
290968
431981
227449
326511
316389
223245
530206
739072
517634
861423
706932
370289
521083
223015
923429
745210
203371
857104
223973
682708
463870
990177
769159
208220
80529
150503
433004
606305
115830
53028
259734
45578
961555
17732
737050
980327
755818
539128
63092
297874
524147
723634
83317
164545
950245
971835
626391
775468
181075
334516
521905
475349
35187
228775
308869
212793
780795
214089
569143
55249
274853
712718
378649
195525
145361
568681
581601
790638
375496
638239
238140
598470
771614
411527
780411
820783
188274
591904
905452
94492
405072
900111
300676
383200
153845
341363
817463
819921
540338
419942
63082
335640
613353
80915
730240
745496
466932
264751
995729
792953
651558
756438
206329
173840
44969
140290
806924
873453
676166
766250
975399
464064
83268
454645
614946
732648
823655
205465
737
302874
259737
522517
507338
710634
230631
753031
124561
482425
433186
413290
679982
465852
186406
711216
811888
547236
287927
883768
52139
472623
731015
185453
436941
274635
350356
258874
623887
437986
787758
146349
165831
734791
134486
512039
633114
488891
584066
224637
409230
429147
728254
726255
573
22122
533484
233603
450021
945143
417324
234109
931677
464235
506646
349500
890466
141425
516004
661812
402832
478786
510253
622339
347052
334092
349516
144690
883806
892606
115231
619019
118076
34226
399531
160466
913793
86136
836637
249569
445340
99579
686123
714339
578917
452115
916889
300205
669482
250790
395288
655412
866856
52667
457801
148783
405077
417309
742367
960138
110746
39848
193186
732547
77662
819443
218895
749541
677054
15642
673053
9375
692825
332518
631258
998273
291207
681691
518004
58706
239337
165983
463188
899408
319195
759746
455717
973573
775942
177902
791283
332034
238035
586796
600430
590651
680826
488400
516877
711486
800952
224259
292559
133713
146527
17067
988380
844968
652551
199801
386442
124352
330082
768718
574973
637979
497134
625995
245926
89432
873283
137908
473836
365614
278540
386175
656167
903365
569042
9151
806472
704561
689844
599336
576855
638603
825523
418878
93333
777006
362026
189023
537536
31499
22042
209193
994293
86570
504355
641929
701167
415998
911439
556385
581293
632035
861129
805589
816818
580534
400043
961715
650982
620433
588853
822396
846042
131809
183961
528787
348649
891558
156914
996353
692346
516743
729045
442851
52577
710544
593600
140209
822821
867721
28976
281771
870812
749812
17871
545698
626419
564834
638729
153952
1354
492914
801151
850357
901436
216935
645525
46751
144060
127845
506982
918165
199899
227720
650711
390064
567078
6689
221321
41398
649707
107919
865768
208197
640668
450165
351648
216409
980749
822557
400624
789754
195800
329513
48150
364741
464736
3633
305770
36884
907442
536574
17927
228557
274887
75042
991588
100804
890214
529394
730624
651214
114022
574178
244284
110307
659665
809595
849282
412910
806757
521403
736867
454645
945268
123977
230783
865312
722667
727379
544157
152040
478959
456710
926107
447645
358051
642153
231103
993171
266630
615895
560939
744170
455418
869783
17007
663801
486879
613529
205881
869847
55710
496848
586215
268165
13890
340710
751933
633595
980544
89824
993266
562190
197399
341392
818789
689722
308370
623857
193069
195026
272491
807138
184078
551553
189770
295682
887239
779068
243691
174628
278343
762502
46237
356463
619520
108383
852582
965717
789013
340810
708740
225070
162989
968698
375118
425776
92841
996632
783353
453581
100594
410419
46135
287850
116075
330117
512186
781175
494150
120542
678039
609199
82802
118832
219205
774702
169458
264822
862212
160234
644041
205569
247130
739343
421906
191584
321656
945915
24492
587499
353020
475667
914193
405484
117328
251136
40968
606187
58479
955146
856753
422805
197320
306639
757694
764040
209787
105503
281665
999998
257088
931831
462111
116115
98663
507417
372004
555252
370425
395780
61169
642726
351038
593813
302480
19120
609624
733242
43048
65895
133581
132367
180235
574164
226210
889687
234285
506819
265954
603608
105840
121131
8958
793747
92762
884085
70222
542430
423976
716395
3126
139104
273468
553406
975908
726185
634417
244083
426869
758379
81871
604460
880183
891289
504858
431567
16777
14875
291077
178261
533215
349227
957316
911409
227810
121551
803391
913754
682484
524339
53282
774007
297361
157474
61905
57830
580241
89505
414841
898282
361865
51816
379522
570671
718098
181374
586400
370298
299873
434864
930121
559601
751189
493997
398465
38724
917520
916289
684625
2807
8828
532588
289494
886990
635503
251359
442037
490580
726441
806162
996268
399175
705530
30340
181444
137699
501825
891088
331746
179465
839759
162601
973693
678988
718313
595826
245290
987481
390316
748604
260564
722112
37963
790237
435463
108451
671348
115753
133419
402362
946834
889360
315725
481216
680107
426388
880473
869117
203560
978149
400612
77809
862709
217498
597350
866266
201087
693262
790085
271650
703258
109333
987212
116329
178181
743130
921658
342058
41669
548631
677879
259724
368301
453167
489634
147207
569087
575083
481733
411249
445229
93135
682538
140709
454264
924376
534279
758542
578746
632277
302100
719957
302591
973791
824957
728805
703565
85111
586547
351575
433668
148474
943390
901055
747040
464131
237485
530002
991324
883997
594253
380722
490545
798051
201655
814808
666941
23351
699684
63773
514238
550811
809692
673125
493885
772527
182892
463657
792775
601927
346870
23263
233814
366632
657250
301383
178511
521568
908851
439060
388197
31231
501812
378358
151515
696501
733201
876544
760102
685322
68225
824187
844272
648436
774945
122438
799929
575768
584349
26856
156952
26592
973831
165108
147040
663221
645001
478999
119390
375641
692023
948162
302142
248100
956734
714606
154957
191513
364154
929232
84888
240293
873379
790555
881204
15667
755430
727661
595351
102574
540754
466135
613028
197076
193769
428108
430020
665012
843927
96421
986607
245188
844223
504462
188363
428257
536560
261329
259947
154979
863734
376765
584952
40220
707021
361714
548461
362862
220081
423436
112636
590854
212113
191786
311566
127353
829345
993306
964008
714297
440527
948450
682857
134963
365069
144109
116015
190601
625549
917009
580570
741095
867211
452217
425896
903876
712003
798452
960512
776055
384900
806937
175818
844915
275805
514516
877307
511585
428723
701010
588910
517849
135412
981061
633774
789116
429990
261908
486224
834032
57177
910883
561469
627769
934971
723066
822286
598129
805770
773716
189200
888740
875748
81286
436390
209290
647418
795018
236942
559905
804451
462120
113404
186855
244749
615616
816994
545969
332302
487542
639569
376811
799704
491578
995193
303917
973963
585906
444300
162869
127781
229895
572737
982471
254357
911049
206069
850910
279085
594240
392300
365453
60341
693392
233460
860599
281947
381896
270186
188775
414152
599495
480406
258829
884495
585483
986674
399190
436287
303191
21960
43431
256344
219585
727417
117877
207898
702677
824473
673219
391608
788201
815352
955833
626156
2111
577852
270174
474020
594832
41898
788979
630042
963771
441603
775659
312001
355978
279627
26890
880155
480412
463589
648408
329127
471669
69273
645442
634488
797023
270840
251214
267745
363386
755927
941241
682189
829287
113015
755119
209131
921805
621381
741671
328134
108422
596924
593752
749554
117930
464680
652955
955170
667062
302662
747678
867671
359128
522120
295746
424947
250329
16308
398419
479276
660327
785708
461473
75292
440382
773000
867263
902452
608115
523807
924375
696849
888285
466661
611880
690471
734816
261998
396382
70106
365335
109841
197709
21931
141213
284584
67721
42383
363768
865523
689380
707932
585187
705884
500677
337372
325495
834325
394785
309572
880437
511069
720985
782079
589298
3618
289264
306851
887456
522113
51943
99461
999093
651625
637880
551527
287225
201757
180011
896144
768753
38808
614103
451061
80227
658378
213561
351955
430726
97665
842666
290910
171976
196899
914304
751443
237499
370455
352644
992618
276317
333956
413515
223463
584898
145009
415987
96208
780320
261260
16571
997241
489719
982022
204352
772091
366043
84379
37584
868483
864415
298095
45933
507334
492896
320276
894688
761874
462059
831976
519094
887680
211788
400156
287004
290502
683444
127951
517458
862889
117382
210264
906447
375439
850110
260387
808242
582898
926334
984562
267552
730097
820087
805829
108478
468673
589744
141525
737292
492480
268662
373370
983324
674090
654369
454124
418350
862052
53054
40294
691050
536502
452446
780582
446842
228758
839482
16465
304001
938271
395265
444852
416187
105761
72384
71846
925618
709649
733805
833737
46362
313441
144912
982447
600586
320619
126479
493465
980311
296390
583572
871450
160015
476603
174557
969306
823887
63570
36384
381302
11074
182405
572888
496581
716982
279254
238768
298614
163036
671548
363851
284309
184476
669241
945262
272300
154195
648391
557835
22470
105130
933040
997739
2191
980692
850365
309046
960215
931427
240070
312482
711349
7688
271017
441270
725832
667749
828054
934330
19225
786769
194950
841469
440860
301543
548875
140674
88085
900427
361283
518792
627288
394235
348710
865653
113192
404813
469567
255134
715201
651019
704568
608822
615026
80359
494541
661520
184481
363612
777315
306834
738099
467812
365361
511736
99971
781456
104988
847810
35983
263431
315617
452668
592882
473821
779372
674152
804043
85455
884101
412361
10237
995353
676202
75086
321424
243380
762487
267738
148534
354351
241858
497580
996455
86825
290051
360112
691245
841321
39856
157537
28988
611290
287335
648857
270905
592870
483013
438198
860763
574125
22868
626987
821231
602210
356960
731936
904053
726722
772522
194695
629096
193074
526902
449789
113819
662517
391295
138200
602303
228231
460427
890131
173121
378328
11161
345747
554768
652584
915702
301781
553916
243259
345903
494519
539962
935226
726944
430943
264964
599334
806123
969740
148893
705465
233157
544695
223474
347419
532714
405861
302876
486845
598320
2636
735875
235862
168185
25375
105628
441784
266563
131768
683346
147022
27546
514914
23555
188021
748461
952064
973921
442611
441661
983708
885881
205080
689841
781392
598416
265584
563911
558539
238761
193697
998885
488321
938724
511080
194509
321521
620161
623850
289711
101268
751617
45881
330713
587551
121197
895142
269834
915061
515120
495742
828644
631725
16991
174498
588287
588155
656794
515783
25242
418109
910410
605702
960748
411940
348233
719776
38297
668605
431010
511378
527808
815003
720557
49361
430449
391587
387229
180963
788988
632244
192725
432986
879396
614769
10740
179949
812659
791980
839602
565684
976551
645424
655970
432000
640650
469803
542167
830868
672479
498614
632675
206852
316216
973251
412859
873513
297765
7970
304182
362558
884038
487727
542068
645531
21890
307356
21851
349899
987600
735959
684221
648012
953330
265431
815189
601762
245250
169288
374192
193816
588581
244241
991017
818452
760540
897918
111245
134806
163577
623055
757597
641485
601774
676252
432369
187990
902721
57059
718393
185234
804764
424048
155743
613090
341184
112104
852489
802498
469978
500465
95354
648767
562542
340993
927256
139990
331248
244354
769992
487659
657393
761311
439029
51426
349622
435822
27952
516894
200293
550138
374449
737172
935449
460844
239548
914187
648788
189717
540767
432562
443092
743514
8728
299613
467070
584572
220179
955038
78839
91650
325904
53116
264466
632326
566243
592851
425379
221658
153557
671815
224626
821589
715432
698534
852940
469693
438840
885722
682803
666514
137085
709703
531253
284597
497197
920711
708826
421811
364606
772479
917046
636914
654345
756574
555807
203127
466186
623538
952313
243154
870980
52262
274541
102375
94338
928156
593784
240409
239096
154275
268448
137556
357447
357333
101249
116599
584415
706384
777541
596893
164415
637199
977522
751687
271896
87460
932892
704935
24207
403412
870268
622027
8865
218959
748761
958245
969698
339594
75939
420723
673694
956923
290271
552655
121440
348720
594171
217493
770768
974221
452675
894636
367351
372192
614316
724083
520543
55394
301838
799818
479702
346189
77423
749946
322065
807253
948986
651266
165420
673924
355855
519103
889167
76021
245876
511607
997869
294316
72105
678978
631462
211153
638360
493781
83468
510279
414443
863084
982147
280877
523896
894355
88002
72497
948184
849106
218614
883148
734997
891059
915973
669534
729857
706033
164463
517798
701603
995583
871185
854301
175373
327217
558788
720496
274121
64523
794402
591833
956337
190437
988905
118937
730014
15095
194103
522644
419961
248647
665333
509576
806317
292396
726161
214123
3389
155582
995235
3617
163057
727452
923377
728855
937836
864921
102990
513663
873881
443331
629917
21288
894532
609170
364083
499065
829957
700202
976410
968969
652310
798605
399410
140830
868614
640736
467187
246529
571846
152728
664845
655994
945697
353793
640432
320814
561801
185387
268007
221073
271564
84721
686239
2249
472102
28903
676998
281761
16303
198175
347599
957030
738613
999704
63890
907106
844900
511300
934479
157106
538466
642869
913107
431878
427576
706787
395891
361589
501930
691548
693237
960315
896871
573961
128015
933264
810267
647640
179207
298661
299490
35595
911033
309886
826584
885149
649143
981926
134988
983500
412874
617812
774611
547080
928215
750681
720376
920502
346397
242178
606865
139809
339227
543632
675885
302270
881103
365841
494953
26842
967512
40090
233954
375586
459837
61220
356740
3790
145670
552257
788929
454188
383432
132857
500766
683077
116287
967685
886119
692461
453395
791079
20803
201452
673853
675364
592674
882820
559939
423135
685778
388383
115615
764564
544497
294359
793150
189933
840509
122593
182756
322436
696007
866391
688556
215286
195463
321120
95981
976800
925000
334206
431289
757305
11972
901683
100799
619532
941130
180177
18448
846288
809435
221149
130686
550053
427413
848479
362465
610606
658183
710345
911155
973637
367587
102273
289691
767775
155729
796557
470727
625982
341600
483482
658226
838413
339031
776233
150149
595739
492522
498775
102809
436023
357256
560455
862235
87332
333585
576558
267849
801913
298405
944442
675417
869720
539288
307936
65080
507592
869121
404481
440495
360114
547634
89080
660514
766453
831810
36418
329523
390502
549509
384842
962371
89191
783517
158865
768601
964130
426346
693559
215067
174563
781021
629736
642808
620496
432426
800678
101992
177541
4572
671150
511307
62096
326722
540938
912494
4358
477255
804595
606509
696896
366815
267232
791346
910453
475229
199023
53979
175029
906850
366703
142714
142592
972401
58696
91062
825985
965597
587975
159822
186602
633059
136458
593342
670445
4884
203716
791802
532948
948651
390766
780567
407997
942013
515467
932425
657270
822670
61398
744839
154865
661375
102217
392011
450532
502373
299980
652725
325248
912950
207289
464143
200075
230621
349640
909355
60508
879277
415772
431849
150258
960177
705001
322709
867570
689314
369408
862125
972604
877746
986872
87808
521513
645317
664635
644721
105826
188095
10090
316443
495392
594360
406510
318798
61307
845772
826972
481016
604081
738192
473348
49824
508662
515679
710998
104651
139954
934418
351538
250625
369180
629454
892363
403305
309489
719926
688694
691153
83472
26817
575317
286730
55157
159463
563482
499888
597520
983862
418938
72712
541697
122945
596529
270018
533491
662647
917355
693853
459218
423185
739817
419690
350821
499522
260648
978333
643992
340145
646158
832129
597489
293121
698792
631252
658312
364403
435097
953436
721245
992215
778687
516960
779140
913110
471731
644860
42302
426331
21679
410085
4196
422175
795851
927482
981180
714577
625248
879106
936494
87390
446157
741768
194768
883810
18576
287646
868459
164908
612789
20037
37477
387776
374496
719006
777064
583449
844647
912184
634779
486630
771776
325134
646147
443400
590624
259800
772204
843637
979316
639485
522034
696050
125371
757413
139756
519805
399422
103661
249590
121869
980333
338100
624730
620401
799832
152978
235739
803477
573958
546601
459869
561508
479157
382931
930036
845511
130095
247675
532423
953419
980550
206663
421088
993376
613100
561779
774100
760893
223857
648761
924490
724449
298905
276076
768105
946933
510297
287077
380706
414030
501166
527828
53463
835662
893979
924216
836518
445033
140285
84329
770455
27269
956172
873938
694558
922491
27824
676989
406988
209723
983677
208327
357720
174476
28877
715890
170886
343728
869625
669401
102066
5413
47732
996926
204795
979400
611651
150463
644239
886229
174685
845352
423374
809161
538331
737442
189149
591400
771227
250632
882122
482779
327415
432410
253079
716337
431837
316426
347301
179590
86283
500532
537087
695553
844586
246251
329919
725239
512708
18734
47264
883501
652002
307898
313378
221114
853958
215417
828308
838603
978689
105176
106369
14081
258227
38390
520185
518005
845597
115128
59131
941787
835492
616953
242428
341380
926309
206175
273366
673213
996975
69129
500688
164629
546529
594916
56774
325692
944673
733917
575669
564359
413686
386929
768741
991120
967171
976671
914739
432059
65313
519487
808954
739667
883223
798125
995294
229202
306809
953373
605364
276543
429722
527698
594449
66802
702703
112874
704302
675379
386625
796369
800245
535745
614606
369110
33386
629486
651261
128282
650233
509351
350525
757284
451992
967954
199289
681170
30744
756944
390905
949803
535054
971490
607000
870671
269528
272551
711902
884559
148942
954179
492346
342361
948679
479644
35805
143948
144645
789630
352437
981866
134270
425375
636420
847531
511752
394812
105117
319342
260768
529953
251067
368651
770198
36616
629182
664132
29657
394713
700867
626329
363163
653264
647134
392186
651936
682237
702711
436183
71528
448676
493886
777172
578231
44804
338316
481112
999806
827829
296151
995269
380455
612202
641938
150978
156418
210711
244639
414067
962695
956012
198706
769482
723783
457087
743811
46007
8244
131143
828463
403707
449801
448964
757420
693338
378711
316989
360359
389423
4782
721121
546108
227033
184868
511183
429073
600275
615749
909297
568912
561058
273879
283075
111743
807847
813448
245298
202941
252436
882230
974751
781083
945147
563483
552578
272660
20034
757844
603947
148395
171763
850892
909412
187744
349168
995017
383603
369934
289476
446483
748860
241316
681556
145084
893186
515325
393268
277009
223374
705887
448086
511131
844328
142989
641757
754770
870722
16457
340687
757151
110389
528810
159785
796748
185123
726421
966349
490763
556539
629211
473175
405984
702362
506095
153933
622315
213711
684290
437172
56406
218103
447933
868415
898263
460615
637402
42723
324322
664488
171296
116806
424879
713533
558841
126229
114403
133248
910065
367541
554718
622218
228173
746897
122080
431665
247366
161938
698392
794251
489441
345581
327627
69073
522476
860373
611677
750367
147094
231954
696448
840600
661228
996970
840502
607527
162860
63419
963396
129376
768392
329194
72117
979076
261048
342390
836487
414756
981308
581158
136439
884188
901869
841953
718052
217729
439743
382684
984546
149269
403798
156525
270878
883959
32321
297983
496233
635096
231063
838750
194083
308071
657580
493362
741701
881039
12720
539145
411402
217174
638629
202893
808699
953894
961404
341717
774934
843369
325643
828054
491802
898445
515244
687546
572146
34215
157812
341513
319483
80947
569550
919940
142196
563578
757876
454993
228097
384012
327113
261007
766236
427437
435094
873739
390617
614028
336544
496396
714259
778478
26210
196553
175672
109098
162861
89851
823919
415501
706008
962893
52321
570653
345509
977263
509291
455483
674737
5897
586846
931426
393239
887117
28465
900172
81379
37989
504836
543923
348526
773068
289937
905588
153819
9144
763825
238992
408172
609653
533513
344781
400194
777293
17167
431290
252975
555555
979708
375631
878457
153312
736592
771570
298286
19012
983805
81494
466527
515870
671409
687230
5114
105303
688643
300768
391816
154152
320057
369764
817023
536428
566772
44299
688453
232528
945145
706605
271810
41446
439772
907419
247328
229721
851083
464931
932962
691003
18484
609393
713438
364474
387796
456658
629336
710258
381469
473108
675517
408476
456771
445130
290617
251939
971492
663468
74677
353815
354194
117595
663600
765754
802686
479041
31033
162808
831042
256023
761990
471285
164618
610816
158900
425470
400608
951251
916188
911841
419476
285430
893262
342680
759876
211813
18157
949728
3789
639442
310439
340584
957134
612199
11727
531941
435670
856295
852184
163714
114090
84274
914160
875509
88628
659303
901878
791981
459978
855715
100634
162727
431322
421928
234896
31648
193712
186778
718065
727269
353956
883490
960622
240774
103139
474869
465649
50793
807256
733103
226194
699322
564534
394009
555762
383680
862629
494730
596472
256587
76358
999465
102630
523401
933989
602448
511255
567353
202042
843532
615255
799543
542556
273345
84639
26229
798211
959851
578411
350218
187768
776063
890362
595428
766619
648879
198050
605978
613456
338189
231373
965916
563720
212167
136275
856396
698407
860048
350006
377189
338135
242976
994420
216089
999657
971345
520333
360058
628259
967978
446481
287502
537258
250361
912932
456645
946701
579993
706322
568262
823851
583444
415625
638117
536131
544673
524919
510257
722518
467086
297089
860779
525499
948729
554780
150417
863359
113976
603596
601559
941046
279896
213879
775031
446627
616067
62309
988256
37247
138491
308439
826378
707498
18115
3713
372457
403307
146204
235108
718719
30309
604460
598284
799628
978521
936060
53411
78433
43218
778136
523377
568531
348977
800089
558513
272010
782549
156735
727313
445497
147750
730872
788613
922152
105407
774270
645192
734380
606966
728924
296368
424185
660041
934096
82604
216078
8486
621772
939357
692750
257686
253399
210511
53487
876296
422737
477395
989643
483702
545683
359226
723156
628406
675124
549808
315365
5215
135785
386226
752819
405206
237828
907117
881826
511156
594461
758517
292532
300181
51214
439838
706012
532672
754519
796539
97265
172398
326626
86769
198782
831865
124450
948534
736118
377186
874196
606700
271876
130879
329832
966740
225665
561215
787897
361008
687999
831324
615670
799418
387138
844956
657189
153594
128462
190467
792766
606344
467484
656984
473651
721118
963622
586898
922703
278169
309409
452255
161212
767372
966091
508114
175135
332993
35610
351079
577630
143053
523860
78515
594113
954511
593405
377069
561526
481861
859690
652626
569263
139018
443444
829434
954598
948976
363400
47541
906688
989430
6364
764257
541903
810982
219452
714700
328818
780366
610626
57664
684311
976984
388708
841455
466529
250824
363559
597308
161124
762706
878514
864036
961741
262422
322237
477319
87583
985721
140136
877975
681688
875361
884520
172060
527026
272397
969628
106529
324613
311566
74686
430782
319306
460645
515829
331331
863738
604283
192198
220030
642196
981367
910571
498218
82366
814207
133180
532788
331075
88591
383434
474666
128699
274223
91531
76611
714824
353620
761263
728517
726012
206805
412305
404503
481432
103560
327113
284707
243696
820025
363678
3687
713578
863814
210393
653017
978021
802074
171572
442549
531318
185156
575921
517220
142285
402995
134088
549066
143350
860432
120
619500
619835
580472
356031
329789
554023
50645
4773
404996
55142
821912
243442
859499
333641
95381
788479
105509
705445
174010
740778
505853
402587
33069
224803
124920
433458
790978
757923
793511
409183
298518
810557
867403
61223
960459
804109
660516
718299
142687
618188
829592
517058
983851
633094
656189
205333
210038
269218
795651
843172
671412
680928
856897
341846
227742
370402
713626
655757
71663
598945
758411
876136
445752
590976
123797
22562
657760
477437
409537
990296
212028
416900
102869
173991
559495
734814
102865
715763
800958
30278
967270
600325
55963
7836
382516
992588
577771
615411
811198
727172
292942
961797
566317
813876
83979
623558
705213
777489
609677
524949
672584
492352
616894
547919
44013
903673
697407
597758
615389
643911
819969
365295
86850
42092
197379
51105
284300
143073
975464
580185
736793
573370
330868
304147
26879
593832
370467
512787
251961
207065
242214
982745
954925
184634
174459
684466
382358
765916
718119
722859
424403
280180
649235
502881
321547
813949
953153
571636
543291
988216
504297
878746
205981
968659
141876
913807
582582
233256
590868
547434
555453
122780
609854
181643
467747
125544
652677
817393
574979
787444
715028
535144
248616
346783
876296
845151
893109
531611
647528
861976
578165
496950
139586
939064
185280
216499
53155
291582
690630
611031
748082
989457
746811
929983
587241
779569
809055
963246
791665
56144
391785
71653
646106
243386
980815
428075
259572
611630
892917
702444
734924
826065
773295
241342
104326
507576
868725
607614
153108
112483
768354
933529
532624
704586
817512
340839
370940
553039
32533
54193
851155
690514
297338
877011
716747
887395
102653
489149
495338
88210
554685
698131
899074
172643
716637
462005
949067
383518
223984
619545
458331
56194
58431
904915
63492
785241
468601
525814
582154
649959
715384
329109
105727
98428
83820
471330
24509
256297
628518
67896
978944
863247
439235
356916
173086
940883
791155
980798
607075
321133
693221
795686
311501
634144
410449
761961
945120
482436
677473
667538
581415
568831
865085
655165
545993
12626
751665
569143
338372
641615
98301
6273
531016
603305
625978
604403
273202
656036
508772
735358
304355
678059
110664
143754
39421
336768
211211
300734
742010
646350
273108
18589
384232
279130
759703
174541
814981
633368
59583
897780
460019
363226
328183
855035
117912
332387
751062
252980
273620
399066
681509
906200
961312
296986
578701
919401
292928
875494
67874
865910
253092
959546
98054
878013
919521
839164
143483
910250
481287
583697
518473
379262
137886
64717
563144
883083
988098
316226
84939
721692
44056
440889
753385
985777
253036
100799
142441
60071
261417
228566
156169
430070
523891
678861
244267
490005
758181
769578
970461
962808
580130
128963
440259
55353
210394
945132
387492
47701
770075
384650
456589
451085
93777
823302
165733
472812
971932
404638
37263
585768
438412
167125
935925
504802
920060
686282
810296
508488
217160
957031
921585
490522
811308
918768
430626
497609
785594
178363
135230
347387
51639
859007
766225
852972
982163
471812
687053
639406
303684
359674
22259
937489
778110
748646
851802
174493
742481
15799
797727
285756
450014
248119
437162
215221
717623
346013
420312
26003
68243
687167
25738
4772
887978
950372
246538
922461
848307
771511
841685
661787
921912
760984
352073
962436
17426
708877
81196
478284
936455
787350
561686
661588
429308
671582
71869
195244
905752
912013
689371
896185
288696
751995
668478
934002
823816
697406
345131
188676
23492
158500
852080
569110
159691
987132
965445
320550
323613
755727
136542
914706
440561
969580
720720
707251
333750
638177
816029
803748
763940
404934
946334
778976
279229
876339
972876
750793
811685
22161
420906
556677
984731
788814
614483
974147
385299
173034
246747
472412
492914
925167
31141
261780
80549
98749
333313
453631
441630
30467
804863
745344
222125
822666
302229
757549
537719
585003
329128
870734
578837
612961
28922
455365
652811
961273
802673
589319
389411
547238
873408
55752
671013
708273
946548
134261
488438
924557
952029
992475
912651
106760
510359
343461
976200
788894
430324
35074
651321
799016
743240
764709
602859
121458
921104
294822
482344
428521
743487
524614
107342
551539
850791
425104
526411
240281
718208
143770
213815
430367
362521
561771
912526
811317
739352
480502
369161
164550
973551
774533
109399
274285
693917
851633
274301
572295
766238
713293
347271
749411
231089
403555
803690
255830
698372
129110
880184
358892
18877
475943
376702
231289
880039
167762
338557
480461
565175
194264
572867
603397
784827
34520
312934
715006
943710
803031
831517
86949
69466
231711
218363
594986
14906
293763
592009
744595
659851
420160
919486
110125
327583
103166
832733
961117
101885
478518
273516
340500
745384
927151
106572
433825
800586
837217
685754
205536
170109
779258
449825
950992
229303
246910
636185
161218
513743
357449
384192
445806
744432
218032
834739
737888
432857
669062
559786
906319
446286
868602
589549
16014
40350
13406
8887
321244
812626
561282
14950
964182
387375
430399
135579
766604
375912
170768
41460
822768
497892
381914
723939
594986
144871
203980
458795
22985
15839
237473
7863
792405
500046
735298
280407
215488
789006
721033
830167
354811
389510
590817
631486
480868
319144
763401
127392
693788
765156
136951
835488
736887
932012
62681
500870
961805
486693
819766
878841
105837
473319
164147
88665
202865
636273
416882
296507
41773
130732
113493
474562
365697
532762
550880
81622
296846
529051
2813
265796
580613
535644
369944
814322
844955
73436
101227
614141
130073
584988
364436
599345
822159
16867
832929
742884
85097
637099
964206
337263
381785
968044
433382
666250
735092
293314
831781
24067
815449
18493
572478
386395
796619
537925
441816
332989
20384
509224
506291
967644
785555
450626
28745
579624
260724
913800
932879
114476
601470
841201
383514
113543
986441
411905
240479
879813
466454
312050
405587
101593
656776
484290
619889
452537
438898
944916
322074
810774
581451
801475
422358
414711
877310
320394
478264
469617
997598
69641
116256
720901
871159
910773
863386
305750
80768
98655
235300
280325
2220
935071
807501
103787
657887
592541
857721
5810
175934
869051
864321
581008
917791
587746
900087
67105
819552
354792
988615
40416
585171
203355
844601
812099
122519
606957
891154
286384
246018
505916
673498
709343
599098
867516
696889
522509
802467
75907
235451
127129
562226
989616
889779
467456
547232
289721
841083
4464
665147
941520
514905
911114
168598
331378
1213
307193
317985
282828
451559
505514
701139
41994
14821
746023
349699
238589
1402
12948
795991
134503
444506
330116
892563
572326
354770
672504
90067
793339
950021
413430
639764
248375
313297
503107
742572
458881
659025
174653
58714
221318
467707
411799
987064
232381
711976
166961
631949
270550
869684
116563
250239
660222
867963
997766
657893
335569
180484
39119
699
802589
115834
512777
843887
701967
143957
708958
182680
998077
131224
102753
994438
239759
873331
781707
468596
581642
234056
30225
433754
809851
43659
987742
768031
411836
265666
136946
828268
454182
970476
526486
504156
452179
545534
104443
119247
330318
829896
854127
433438
910106
726326
97147
578472
721116
90867
35227
271819
48741
99048
739866
392879
142112
621154
349642
284476
948117
485650
676189
482667
860823
521262
92132
708218
855504
778036
714337
763001
998567
528014
824202
856450
992203
367761
721565
778886
362783
362847
828954
39106
393986
304429
152866
875600
374905
721759
388330
726681
479036
329231
761180
618728
70426
187949
722314
116634
747977
319808
424463
857266
992206
290635
517700
800649
601029
688971
461852
134818
286670
234396
799197
570587
328724
701434
182907
639744
366011
412197
39635
60794
507686
475103
397313
792997
818594
75663
450654
252543
582002
742280
360217
766523
42487
855587
948017
783606
841404
574792
536908
318017
448604
758220
967991
414044
700176
251060
446587
634628
121369
763864
567128
43044
841222
557091
671713
39207
837539
536951
8691
166637
331774
466477
770899
61083
182999
308538
187299
993037
158499
890925
512833
908711
925373
785300
331837
177737
577130
707391
857396
352672
124039
555420
532813
841753
457937
300929
355024
100721
962321
527689
399262
22824
586210
976725
314449
895829
532064
810356
926769
850322
75311
398045
749519
291159
886629
756057
695106
373412
625493
764414
942011
285208
910841
525781
189767
461471
743355
363741
951842
810185
112992
203561
232626
601333
900753
590756
968103
815020
840904
327541
944364
279754
202772
403069
166794
861654
607944
733821
522650
465907
64582
81109
359077
479024
285667
435687
620314
972666
549751
134426
294442
914161
901380
989499
370948
395671
51777
855101
594216
110501
131138
911329
607082
268728
944197
209521
359365
94568
5211
167718
716954
34682
396912
671913
820164
648043
427642
548854
394264
510828
624698
785821
3390
594030
15666
340643
786470
659731
419044
366085
99306
605956
483586
881756
280639
421088
374263
690588
580374
18961
791952
348790
734613
527483
686025
920734
147821
451150
185008
987110
907287
211963
281272
320457
491440
268356
647837
910853
924271
401579
336174
216095
313663
347404
400060
207562
453693
899527
459485
243042
975632
265813
707037
497427
274527
93244
58754
698711
186739
776093
133051
988764
788395
303019
182565
835395
317974
156918
280697
994501
147889
974565
471060
996272
496892
366914
381860
692943
475067
426544
453228
282088
751878
264183
750837
674847
305421
686976
853650
752696
982828
673180
334094
524602
503911
579646
655284
780654
635778
158921
517754
277703
173184
615108
854154
777307
949558
385259
15854
876495
718090
478239
435992
698834
595725
40701
557196
293184
952499
123083
928427
197478
651883
876815
57757
366181
932447
718778
52249
887663
988362
558273
305364
608111
134128
963341
773188
195717
316159
326152
375375
769711
841600
765592
193749
309635
928506
782441
806551
900568
501411
433378
162626
664261
196036
878713
425308
479041
685416
880418
938314
189418
101504
363170
34235
714401
55062
628547
897525
550930
510572
645536
379642
209553
314545
228704
241558
719008
608031
486783
193096
81165
163252
75400
53898
200056
878986
588959
628735
351858
496661
529786
612601
227010
156153
570864
262116
689601
183814
672042
236242
458789
300113
694454
337187
730458
815216
900282
701584
821580
786385
243845
465813
146562
342391
641665
509497
241572
483602
712261
204731
101469
743163
261255
388762
667995
506505
99438
635969
940467
436946
200262
809486
32226
61122
929677
160382
403246
116113
798442
130166
135852
312740
253053
605296
974810
279810
321105
378560
340012
422641
32174
687170
710052
551213
260876
407779
725594
814020
128418
984392
188123
320337
391644
251678
167406
578706
321450
214911
160754
523304
139701
428222
678883
194092
374188
910927
575419
715624
246973
467030
476725
404793
443232
347210
841964
959
123533
627014
636898
757438
590030
191276
163678
125396
953838
480822
775277
181527
380049
193178
286600
703306
130333
700697
287254
248188
510678
871013
318344
861694
825864
973229
162466
568319
923741
475398
825434
14534
570318
276407
680281
995210
3894
141601
740638
822641
243651
463177
184002
757220
124741
237124
678102
129867
496169
937726
544360
167210
461951
361510
405285
942487
756982
726202
545752
817175
805546
555178
795664
342549
324308
72684
317216
383806
44128
513883
278656
361724
751900
847820
905041
233676
926284
634032
403134
885566
172506
455519
506814
871753
477226
144071
37685
980616
97932
491888
370234
879445
886347
527467
421044
587008
919266
384343
585885
801261
998926
30287
887721
250567
120191
376435
700927
359204
488040
729042
998438
50615
765174
511793
520827
791916
121757
274426
277982
732388
118861
631108
392109
764493
388035
77435
372520
969756
764860
671020
357556
292010
380805
200560
969083
926505
686127
97586
918576
497601
86174
247134
512816
609995
524544
615527
582980
726121
66522
646581
58499
318975
523261
596458
777364
295251
757592
848848
794322
555581
595751
775520
426504
366026
363913
974577
578523
955571
462320
807164
575239
205749
981170
544392
840834
169805
156092
207478
980284
470418
641317
545451
530760
974894
555232
944533
246484
137338
313996
196956
517844
286262
46374
555623
528126
423010
986462
306952
680814
442043
225607
907781
389865
277077
121127
752388
834110
388177
791086
838802
154504
796604
572932
400720
947985
106565
538811
703418
329809
903320
221348
32469
858644
403867
256765
15733
92473
625220
729288
277416
128406
880597
425590
814467
436281
149301
950978
688327
154058
731756
113947
818542
329420
651771
388601
418328
855298
370070
140241
157389
468462
721087
791651
975150
607540
750400
153137
483965
89502
182789
212362
959749
531321
251411
850564
459176
160028
228969
578887
305475
353160
848626
100678
810176
329643
419235
291977
962231
976639
542647
225830
84993
447951
328325
244623
729308
55770
391290
112324
518004
380816
571321
300137
977300
949369
328972
465586
308904
729589
162053
15866
393006
312158
299509
142899
27833
678730
237384
966008
879202
245868
511484
344639
348939
873562
696508
600938
867025
345065
631581
850044
274638
293940
325492
390249
290695
410172
946385
73350
868153
169513
276061
739871
234363
356719
421771
168487
701712
823436
961662
299274
959435
83629
990839
290399
455711
76528
730041
614265
538946
688260
421372
242077
542654
768493
699529
78349
24980
733156
924344
212611
276749
664411
811588
398521
96798
664606
486280
500645
692215
800789
602713
908419
889256
916518
807423
419082
950640
284023
396816
385792
854436
529297
572203
787497
468345
528672
256526
522651
274222
695703
471957
748589
457432
906480
129168
352653
163083
417745
150591
458865
504098
867786
956716
263910
470444
229435
77605
365828
299059
867091
450261
533891
123882
573747
362687
586598
133682
540209
37206
668245
749321
537976
670459
799048
711632
934028
640147
194975
228983
310187
41476
632912
769479
122959
777293
964728
37323
56464
789375
681042
217372
15911
582812
882757
254024
144270
536843
928151
539678
395522
559412
589376
952345
195434
945150
352345
963111
78930
909091
854835
973716
670160
633772
702468
778008
574215
8782
165437
402105
488586
276129
767735
195870
616920
268985
869707
940018
86469
658979
391360
442417
434298
397054
887711
292178
98963
234675
90339
966161
405094
865746
449165
381720
3428
905738
707795
828745
362071
142853
668536
448939
972747
742366
188983
765806
851593
425408
955097
108636
352510
246812
524454
881695
824955
73414
12344
530473
990102
50413
66795
30852
223149
606773
883056
253750
634378
643571
669825
727312
134818
636484
718255
641747
242232
615818
472855
860096
964383
276804
620083
641851
651484
424649
554316
373019
963306
566625
766605
881489
754838
684160
106995
458098
645195
986912
131105
451042
768424
587834
792080
686495
291661
936928
812452
762535
71093
820666
156633
852871
686909
555291
563228
769794
875651
289407
770870
112346
283050
194915
154851
795069
115897
953089
317569
713807
150371
734503
719332
548944
684833
196339
430278
143210
861435
535341
346780
563482
561767
524353
714051
758072
733192
421975
321433
391268
978967
796689
295337
229711
801695
401440
416062
942563
500194
994884
579160
894608
804953
774686
502333
1589
834521
347059
94694
175143
151185
176447
760602
231264
773104
870899
950745
590535
696419
270926
122414
449175
213244
294291
39592
866287
627374
664172
44578
434934
797493
600155
567549
645225
329747
658713
542895
938051
551924
493965
416437
284680
161139
613226
933412
536237
979701
442533
700957
435175
369587
575570
775967
200782
267542
739290
212919
555054
331899
690907
768722
662059
39510
111388
175859
105806
952818
135531
352255
633072
671830
893718
433910
168065
606020
419522
213820
473717
206235
871339
345301
31501
369564
813688
149616
673726
281545
366330
823642
457599
121193
190273
680083
847860
741289
342811
79678
343602
560477
476650
651057
576559
727587
252577
457645
564423
866280
478491
502823
139181
811332
244631
858693
295148
446657
369428
715748
918745
278521
203013
277206
486296
355613
509618
222569
841095
744786
164907
670562
978122
666293
779753
589065
152244
152383
862402
706270
926478
480260
914504
231273
899336
444566
980480
97583
609465
319622
932154
330304
997205
406858
938385
99950
282602
482106
365249
979288
105622
175669
946336
67044
643465
96609
58299
936523
78643
545551
353102
69901
171146
984508
249951
195398
927929
85683
627767
453849
250344
908752
3134
337672
765348
215648
154866
79462
949932
348965
890500
606627
233751
935030
274959
559431
676837
592194
407989
217914
681184
778421
705240
611967
866286
425843
103602
770177
553782
391553
136402
525958
966637
545347
800948
37952
262524
157088
495035
112386
289808
736193
678029
246032
986109
402425
503563
132111
193295
610047
795692
366427
737327
361430
977205
198455
464623
672525
852247
176991
391794
92642
888548
476922
693819
383042
340143
94892
641424
90220
512000
534215
210826
399283
368881
50273
109308
993954
574697
903296
288574
394170
121458
739058
505685
618070
390648
865594
810304
364464
579168
449252
867938
278972
945282
409530
103111
596210
359557
77263
625961
650838
25720
157264
394015
588612
23899
261897
29781
670204
158623
726244
508119
255836
750531
713669
505625
483317
314955
921559
760637
953186
485012
461816
670194
956159
42825
473156
100342
456584
71726
406269
375355
848208
517722
775892
267496
430171
756161
816214
973046
656216
204079
720246
440315
833918
802449
990771
308164
620161
696046
431526
996634
780081
346611
343210
840551
87984
242347
593383
543155
522062
945485
59965
555463
164931
836015
955274
628338
800200
722841
990553
396457
836498
525364
685415
703817
188204
380322
515091
558073
218991
418215
788833
566443
66337
98244
791594
362561
943528
531492
538980
432140
962857
582320
928266
531183
134850
697469
750440
517666
312095
95013
184261
451091
952189
537651
599724
557926
423737
380408
719961
731741
719956
799098
181757
469075
238918
472332
944238
970979
335931
842169
863087
369318
192366
866522
583767
747416
728417
380871
614624
741020
624246
665770
963278
415702
620717
256239
334521
158838
50299
120791
828281
141077
236867
807788
673070
95799
844660
492047
876329
63728
503998
730221
660603
135012
326961
607504
588184
466343
254581
428818
516390
386627
677856
636716
281320
846359
406647
590316
563778
462940
920389
680389
119912
729987
599505
546432
574823
527482
503806
889937
493328
255822
732228
411908
630973
682603
797511
728662
457601
25854
204433
958944
847472
468091
961713
104174
802439
290234
298991
459502
157690
879293
175210
791364
353817
452236
397904
375611
1118
147393
761402
580821
689941
368352
993506
748803
947176
80414
3329
815152
587974
354051
869641
424439
765040
589929
676540
470582
557344
567012
16680
115258
253398
256508
431039
608538
308800
586965
999383
745439
307972
572912
127418
898080
452142
823306
414763
955629
90993
880930
528374
991330
202844
455832
288178
565659
808346
286577
958999
424774
184741
163511
524278
219667
130185
233277
522649
999496
897233
700992
698359
186802
933200
190122
210964
400566
94989
506160
699891
870982
657996
822682
367161
706159
228597
770019
226464
811022
433444
998710
874452
978275
891980
614168
375853
227198
376264
178021
487114
358869
495488
450675
577286
73719
352308
523667
879706
344795
508904
616054
506447
467346
448940
639339
98462
266524
388167
884102
841638
836310
822271
10461
665608
939664
647880
60140
981667
876669
892743
721112
653735
747076
847361
546897
180248
931379
467109
274896
513377
858579
58098
918336
714194
276822
79942
5241
199544
794861
993349
250343
831192
89590
93474
703817
573703
477651
964045
859669
441385
84310
58361
745401
810820
618648
635145
108669
897664
64361
332374
97156
413309
198177
520159
501042
196497
154261
911758
268007
759133
967398
504611
579624
877194
441843
303935
224863
13669
802094
555535
729913
947285
528780
829523
2029
707509
522198
623690
179869
581906
279581
609532
686549
691586
223242
481572
417392
385439
54227
530551
186777
879967
144010
985749
302063
996113
901327
982859
401794
936310
672102
8259
489082
753978
408355
33801
249944
919886
62914
537530
601875
906723
347667
743947
929956
316228
987986
454259
832222
888848
916437
482358
973876
316563
762334
31695
417951
699585
355536
162234
172887
250126
603839
711259
395454
620013
602656
951566
406236
150242
680096
380172
500293
441222
108112
320182
532055
217751
484733
578882
87136
966457
244894
9983
505628
547854
705254
303750
88411
642541
311482
201471
717185
659073
552573
991949
537640
979521
941126
770967
769248
505095
589107
715380
774742
565776
829207
722610
601490
486351
634510
624003
269594
508910
246450
690757
25908
888802
350886
988909
779913
500521
408847
43023
546085
559971
65507
516236
854427
938570
745241
716568
285190
977424
309440
161702
555562
971667
629996
875891
716024
114112
717451
448108
118960
326849
630357
978621
796833
102308
112290
801207
181196
752586
251605
131357
363047
257735
621430
146316
42365
968861
706398
502276
854834
973072
684235
332631
696292
551718
738771
454316
528622
409597
730102
208432
50950
942856
999948
647067
660422
115496
692381
423514
575944
373283
947087
442783
465962
272963
277626
808641
903600
171405
939416
654160
683721
688540
806040
349753
331178
391003
297233
523858
238039
859356
666196
803716
2688
824279
421658
169106
965640
589121
312220
105802
602336
364808
94338
145926
205074
483689
536307
303199
352538
975919
757259
994032
188783
951177
434026
310978
370335
697606
484841
169433
214808
276271
77160
841754
683587
537153
553475
514455
537226
271237
589091
605753
788474
616462
28976
242249
114372
359503
681828
443099
313694
991958
268539
476567
464839
296297
931911
142437
543591
669947
188832
136628
909972
296715
268664
677352
555633
275610
401676
752926
362737
491399
35126
187740
219961
218760
353823
418970
131236
480775
592147
749927
474592
393879
147181
834362
693045
604817
566513
889110
963750
951311
994424
876888
919216
615492
613382
975072
376111
345079
767799
787610
452192
151706
107608
709416
303489
490379
307795
496494
456853
732006
151874
126585
380803
326724
257572
445708
789086
526869
327021
741961
656768
537302
753399
156217
911503
282158
597911
440504
986081
602731
291210
763456
899580
760276
781711
603152
146230
590570
453262
892024
439483
780288
106869
791556
738861
394996
902820
43011
862502
433225
752062
634611
709465
74274
374752
518282
647702
55261
855086
527267
922924
851722
502025
572931
502504
928839
903837
428744
162044
262649
136278
292141
614843
580713
618546
386876
675777
655993
863089
709329
432112
54593
663018
994758
351445
905034
840888
409152
314664
817957
610321
279829
49714
29161
665846
102489
681801
461832
936582
837316
260791
646605
265262
792513
900153
330421
128891
347541
788195
277799
285968
552042
550689
746832
388787
679608
974680
760223
380481
25615
47402
182362
531586
119363
525017
445979
220631
92468
508355
393259
967952
753656
199051
739130
477018
795624
330840
900536
925206
248388
951927
120082
137988
893571
522204
476748
929502
418876
897990
262391
768769
890538
283072
508112
346246
412575
887619
467701
645616
705096
899065
582340
79485
289881
448540
20882
523103
859285
401853
716741
597317
255803
84641
914127
540882
492048
175494
819335
160751
507206
872963
173862
431676
184518
688589
691418
672225
434527
899925
985482
765763
156874
469071
904103
142163
393881
487566
51307
945408
754108
49739
568690
227212
746224
21765
45553
316156
762693
116034
290071
911337
553226
334771
777406
95604
771862
920053
368334
870743
918198
22644
458863
906518
706222
134890
802536
324052
327214
864901
394201
684673
569875
788391
900753
340337
643926
574471
838157
832648
61845
181301
74190
48850
412604
492538
262358
273775
433808
152029
855806
146091
710616
713538
846903
836908
509288
759342
955035
91140
328715
268454
929071
396455
416396
772980
613368
72950
474657
955595
375030
931577
520757
678018
672769
85932
726800
66492
916479
330928
410534
242409
56000
248738
81145
292069
882102
242825
478187
96446
77396
338153
591204
850003
427841
601908
722331
730135
731257
879136
40453
969397
435265
801748
974744
502862
462149
147196
547707
930078
584911
253756
52300
150780
294
909120
907405
79040
912577
374194
491052
294463
964006
627013
423917
620145
229924
676846
710262
234548
582249
610483
875703
183721
386177
514012
729523
430588
588396
5893
698800
817090
869466
97813
746679
155899
971013
293001
546056
716598
54315
804074
506398
149844
799399
522589
760730
550244
986411
93849
822543
335470
424732
782579
324393
702475
805578
760597
586426
318321
873227
964877
673123
613645
915123
754625
118427
777609
713777
769281
293791
730541
846281
328949
160118
468385
901225
421621
305056
162833
502635
51703
421531
562345
552998
795939
431313
18624
863345
449923
319265
59025
924149
389078
653320
969891
812974
584580
374636
334347
194878
699371
402373
691208
764654
882839
652328
726348
989314
675153
85937
508890
813367
357902
440589
731274
818523
696584
258210
402090
145609
924523
664795
738559
870528
951461
846483
660073
714272
180704
955229
401316
514688
473612
553070
198442
723566
305173
698600
126198
951556
40628
618115
953700
225571
633057
695002
228725
178191
956454
791888
949934
107431
34447
313885
287199
820223
661310
97656
778689
208092
867419
779683
355193
333387
118312
48654
497849
16734
926258
771049
697606
201284
9251
440585
29460
593796
350133
339894
481613
109398
858881
630095
622384
451742
415542
612506
236630
778629
24229
47084
5136
24566
232056
413553
721389
936370
666179
497497
790296
631121
104626
272991
694941
433366
946658
775479
932940
628525
613837
340884
453686
568451
256733
193939
908437
783938
976033
99911
905992
484520
951773
566114
449723
772803
620283
733116
287717
262923
548320
600771
303531
936092
549274
232384
7330
69902
559797
114498
606258
339059
389293
91753
877333
848556
517373
947024
542719
61928
751510
658520
209752
126522
900907
89678
371940
200598
984425
26168
824388
803496
233284
431745
991638
38930
593773
732606
414263
588288
758880
892956
109864
189224
856409
659304
897230
464739
938406
363131
335571
805475
804696
795328
541803
394641
246739
325540
94577
939780
277445
623640
184879
165919
534835
916293
963900
737863
804335
862030
788352
408063
361894
58683
