2455
564077
787430
86810
127378
353673
229326
68279
585626
950391
386213
895068
969310
722086
240307
924866
794564
471361
659476
119098
469293
945104
168527
910806
166745
914478
704839
892280
965994
617315
830346
878197
834881
508765
696198
39845
855813
917712
305628
560905
786242
443623
173581
169177
255213
851813
689106
36522
899590
84445
145160
889529
444950
942474
250439
511703
544472
590924
442259
258928
24884
971072
303403
514425
236262
92602
488319
173494
80189
415970
751551
709797
532736
997800
134351
882506
688043
824741
511382
693080
116311
666319
85878
508281
700983
294297
363478
528122
436030
938725
882074
402582
586335
754663
448564
446750
641516
659799
71700
50305
256416
327506
447355
624382
774008
579790
119725
392931
77947
535736
708101
457664
13659
84460
29218
461869
4212
654800
539263
688757
33201
114446
246817
444958
837070
952428
694185
662550
988471
110601
324361
229756
195984
911798
56532
373767
912590
245294
923949
276183
808130
241395
737953
602198
171446
182663
784465
865931
707312
970181
183304
668155
520787
312090
403819
938684
220197
279586
572750
393751
10988
248803
184931
358105
871729
399072
771469
913015
619558
734491
853075
254299
493795
333483
349103
289871
241100
812853
229126
134597
237263
510282
134387
202240
584970
262493
80316
565475
154633
663647
77158
900756
370925
453113
676069
659981
991720
720485
311339
950719
249764
117866
891041
964706
713859
254642
804275
105118
264193
388681
402950
438863
706486
801588
807493
917945
458297
333676
252441
22600
214558
673590
157367
827649
115039
94048
955475
671627
664856
141337
809010
146900
755820
12014
943261
501089
655366
36573
175601
993078
703162
990168
696659
408350
2953
392663
907330
625688
334339
973978
678853
428126
706951
991482
314307
484947
264038
118059
12401
408584
703782
15889
270309
997483
718754
780219
932234
147724
961487
45888
516461
513869
893337
310260
779123
7590
708651
357383
937965
358675
286286
43579
993796
627034
258217
446337
621583
801724
432230
599214
875396
291384
888694
150879
53130
336502
393770
433830
454316
81815
492226
803375
37674
120790
494595
315956
619242
204763
242305
826840
734028
744220
620605
652324
493850
368944
668071
992285
720542
41778
259204
7166
818382
603790
515626
617687
369827
106667
454441
420290
968392
654837
772356
945533
258797
655238
560541
653225
828026
298608
281390
128222
755297
187305
152883
885929
967756
33876
837926
281699
883382
221864
773986
122543
306902
545535
421993
493327
907573
329405
719297
530212
414881
158235
835705
488448
614714
316495
960137
733801
95401
5082
695831
886957
468273
353453
533206
456733
736285
517049
966537
215335
664089
457490
603942
923348
328221
883007
296597
599130
759428
147040
929687
469087
915707
717180
723972
488651
4628
979046
449580
180232
849082
300300
669791
997465
942079
496540
846537
791892
251538
792531
852853
989309
780940
847268
148850
216897
847145
710785
270675
684620
702291
293384
222607
220999
871898
54221
414601
71729
829057
952064
194731
403737
8178
343355
942699
328245
949585
667691
393456
529762
357229
701336
433421
249913
357907
801170
17963
889930
325565
843834
538694
961912
654760
956586
40334
240497
658499
28162
501293
439688
550979
988304
362024
958576
638739
384347
885535
746519
995433
572876
680494
35484
141108
771194
361590
228911
495729
456401
497654
191684
335005
222429
194770
346932
998213
586745
767734
18224
749817
977422
140052
696994
130527
833290
610889
160034
507811
588767
343518
171537
169420
893365
558121
161238
415658
875246
952084
339507
201900
20819
314741
602435
651150
45856
968029
403986
594159
292008
224621
311193
860224
289574
813281
106324
918424
23906
203696
962562
88485
847101
19724
202168
475838
418393
699140
123811
339988
340647
36553
334552
650310
687630
332302
62041
957715
337077
369800
899047
697513
401453
49301
779519
580701
808062
392121
744754
168244
194573
664387
905316
561566
147942
403086
256801
504514
411756
610275
175895
670004
928794
798972
121652
348868
510325
541156
940573
646768
785232
92602
768967
533433
812667
806355
869558
547283
14153
467775
73296
811189
534717
727588
612189
72017
289169
557447
483742
61470
372386
918762
361990
117072
298171
489295
297113
956905
848892
663706
467040
581225
568166
370004
19526
188321
408006
985612
103507
105254
529724
46488
325122
849696
531816
130745
195712
727298
668976
487708
987716
690324
545199
904701
420870
785899
757053
18855
533021
272187
161815
340886
63736
502851
805611
137341
653880
844262
288259
823458
451881
825370
297163
931751
356188
144377
571392
114981
150050
686965
447672
981489
474023
55209
858632
177600
1576
368074
146005
597543
232210
638780
81914
480506
844345
984193
639571
22486
13489
713164
140388
400891
308685
293812
210922
502865
929010
721668
920699
187211
344086
477807
854748
348009
594331
279840
547039
565975
411522
734960
297655
121907
872845
622641
641754
286828
795638
895207
330897
817350
502277
765271
775519
178362
484050
623351
877132
213433
295319
442116
249229
140049
340081
982003
768593
796009
742835
664447
199786
700198
96359
966113
338838
121392
235362
689822
397354
869775
508483
511930
146586
132271
17608
255498
415463
160194
185100
656487
275813
486212
728225
287486
140456
365658
877830
683525
441483
94420
168517
358856
560604
292050
429932
129889
439207
553602
802661
988870
152413
535367
977972
107133
550689
531125
502861
527786
633136
142969
243216
602377
649258
197078
484066
8502
565569
911050
651689
456745
46269
937487
341539
282624
688233
205629
359908
48629
885854
125004
9962
201263
64489
204855
665438
117620
284060
561917
723178
100923
492462
593474
616945
71391
711247
751570
550256
711536
119501
343685
318511
678692
335644
559933
217507
197547
416389
28748
592419
914144
251566
264435
733317
45083
482498
933317
15125
924323
845820
424683
875377
516033
891221
381696
723076
321455
49736
201500
953629
551216
153535
776750
249387
948921
188508
540227
370327
994509
109605
599203
246846
175206
209228
432730
529674
846735
453594
138708
716396
659983
732856
312866
257528
498239
136090
437721
108764
287549
530248
274265
789374
780217
382794
253803
446898
551276
203504
952004
892117
387433
816507
31526
173512
987916
119724
405286
664652
86031
575846
381320
969655
498811
564674
261190
674577
847291
73456
616496
788302
757579
212868
638445
777767
708752
743140
874847
336983
490562
146957
56421
129007
632260
588157
18746
101270
807253
586113
341690
408225
819998
618395
919109
497803
202667
580751
248764
616209
93303
615946
970153
633517
978591
786288
565755
188652
864633
755649
150958
726318
369214
997031
440777
282106
71266
840990
830849
800827
123269
846720
57211
667163
334785
291180
198959
495995
985699
506898
259624
654412
594039
792030
326311
781645
245821
646271
280232
97505
317752
173203
198460
954444
871588
940401
247125
877066
571591
819410
104608
528908
756704
232604
787021
754576
225340
396621
705578
875995
151848
114240
984045
900694
652033
544159
659472
515075
601959
811302
671063
74650
721488
552912
579885
891268
342969
736224
650924
484339
370870
972173
584828
102620
815595
882187
348498
45266
284947
163570
262682
546944
148925
408845
738928
362883
171351
795266
350151
452898
806691
162521
176300
885931
682054
692394
17189
580267
754175
745191
142259
758985
915189
690051
402231
189247
374825
971198
279921
866294
724426
316047
110051
245437
748391
866797
832724
910631
334207
551225
655344
469054
96308
906379
259149
332199
648542
508247
333512
661652
179132
260476
442638
509151
940614
277417
204663
226250
5982
748844
795468
626192
299300
4121
530985
114599
772520
750867
182142
395221
849915
369786
197551
373228
729950
296177
211739
780132
229020
163914
620026
88403
43572
340241
257056
822475
645166
285106
857630
523984
775438
638343
298375
793844
635814
338754
222928
799761
914566
636147
406097
156067
674639
381815
567016
96319
580646
837950
296765
831860
27332
737847
213087
975101
533865
752730
145293
221151
555312
658961
965458
613093
92734
561924
161351
50614
628436
854208
604028
195024
524549
402819
171442
34339
303489
97254
909823
475148
741903
977255
667540
587820
905945
108370
929179
255973
195233
259404
228474
587505
31954
733308
445429
709214
347313
395607
581488
324842
872690
541702
510033
320887
586151
405173
950532
740587
598803
861498
760024
410918
211805
852064
11463
695585
736800
927888
561107
541152
690079
847131
80267
954707
470934
941990
955245
324239
10027
615731
186085
417827
300292
359688
343476
754650
110194
722238
128684
860301
27274
998375
726807
339490
880085
657373
135416
344741
578205
682980
115625
331201
843816
76411
355235
2586
528577
472452
922524
158410
72049
493517
229323
708407
267853
700922
482375
257294
235561
35601
523469
566302
145834
218018
458400
977299
690809
396049
176459
80461
437844
491009
795970
782684
170942
313247
118183
647515
721623
670088
878568
589926
915846
710296
56197
252793
364242
983312
206639
953126
812112
490723
574028
132594
430967
64157
559127
444493
755215
823153
787173
112173
298312
949917
889346
348358
368487
397180
976058
141160
921371
803880
230644
830900
392750
291849
640952
995708
253271
132159
883984
156854
978476
381672
171149
991517
225972
789838
168737
598309
894875
776496
397225
22681
794174
593707
686734
648274
191590
872837
394497
812374
771283
65942
730979
328010
12461
479764
909127
958549
71519
120761
222607
335187
483456
688531
91955
174131
646118
658088
978528
678254
782175
766083
547708
743460
282362
597344
373064
986581
780096
173999
235167
383352
482433
481416
508187
796796
273736
183532
519639
473432
992304
16884
168910
585041
871504
372825
395490
810248
118097
154655
556921
357757
511137
786270
170882
61220
916928
472878
564181
779106
498104
240366
92217
830820
552426
84977
926207
984284
74306
9927
626699
976026
828428
22179
937395
377091
862752
205486
266303
978992
877369
756519
464656
911397
216484
452212
589854
456044
568084
531338
167002
12173
28306
119542
235058
435949
378513
458630
652851
934465
294688
520278
487304
713453
252024
533818
300064
783229
211573
771077
491886
102654
968994
514356
195786
435770
90349
6203
849205
856335
392761
303145
951865
128555
626450
132538
964719
732134
310524
19769
228826
276412
944868
777616
15857
560038
602232
199086
230010
871251
210642
906451
518930
272840
337167
641723
39113
120529
61694
484772
798250
307106
700404
789694
931736
526416
630589
795567
511123
255973
48941
219584
173402
753635
484884
729255
282475
329880
277263
475825
582502
263322
157179
995532
274255
505440
5
49006
634610
991293
324317
722982
505249
456954
470281
189821
486297
354574
999638
50632
827587
196092
966441
942669
976086
325130
773683
657232
376665
131865
714307
153145
483078
181798
948341
567715
270219
476956
18696
335043
417578
866259
396750
682995
456960
89193
582268
842970
260194
51579
237537
121594
958947
779777
389044
366038
10482
671171
610118
915134
763744
188796
502870
25144
236800
822346
704195
752397
736423
804110
813532
174445
888595
202918
292371
5375
605480
340868
313617
261706
257109
632043
346723
580921
855958
106502
218961
986638
948626
590949
353167
118310
973924
764372
955149
394084
108023
501850
519849
651581
421450
543179
241604
646240
254867
609418
25202
401024
36927
31327
516491
315519
904216
618673
520030
787192
116160
137504
902598
591913
97498
321281
814164
300348
267784
521591
38763
693872
392398
846186
630699
954153
486293
461543
374214
89040
799244
827796
676846
814888
683625
260430
512431
536687
50830
852385
90841
886124
818182
295779
34581
980635
268718
296237
97432
359411
248880
439927
570294
8401
522923
236431
288590
17282
904303
12598
683108
283058
620644
865495
511692
783148
109066
403749
216641
577420
551898
13520
992725
600585
249804
91299
561667
561369
406898
925949
680224
568960
321921
811113
738480
841017
951856
582365
149205
673151
116345
952076
926434
191352
232957
82408
587854
340159
238276
573624
462852
690956
883810
726801
575448
264002
631349
840308
655379
119446
947402
103748
55535
345623
130783
630178
666206
968157
452227
66983
657796
502802
806938
723133
796358
93336
986301
877146
703802
824534
291774
444506
623422
109219
214217
671736
93988
544653
896357
24297
249931
657797
318298
379670
65161
81451
842093
646836
458756
322098
842375
669249
626016
868016
994100
31900
364498
532229
215942
943298
69652
398501
83162
929697
750129
150083
504178
662298
677824
413339
820418
612248
765229
759132
171718
280520
730226
200625
990416
844852
3430
343403
64672
108799
708972
344909
181675
642751
936204
530867
377086
510450
863198
917343
36668
836831
690082
384737
678787
699339
300269
351011
272685
153364
913406
54670
857522
427117
386415
862301
587243
450934
739079
846140
138225
634295
557036
464604
243620
847673
891957
876182
874632
736961
765342
512121
601033
309354
205973
600050
215647
90397
195377
218007
331916
734960
206786
279632
11907
634585
251267
404258
177123
18765
78892
418201
563872
651962
547748
921042
76419
704413
133844
122978
780679
571136
27415
620582
317925
312148
456973
75753
801834
927783
529615
912299
8835
710849
163837
788116
904667
391585
779826
203765
987
460815
901209
752630
537744
746846
930841
405986
859563
916032
551852
895308
828769
182405
550605
535132
835763
870450
549392
401913
572232
699450
782731
754773
283957
392988
503986
785552
966815
904344
1409
540873
746872
220687
660882
161224
100773
126006
200526
558337
887936
479222
480768
678214
361273
24420
915525
13453
578071
320216
997024
29464
638365
774508
350698
49031
817159
931859
752998
20534
593203
258003
612019
329876
571357
262432
535962
241154
711235
258199
946311
507939
495911
6740
693269
554246
390003
304624
5634
471597
389942
828122
218562
328314
976589
956113
661615
368245
972701
643771
739101
612476
961980
986149
564236
238728
192047
363928
711286
567255
589710
582676
283913
500987
684164
753196
998063
430335
708083
634813
933640
174321
224564
472076
846585
345809
443259
974395
226270
663700
966937
526888
917915
887701
776220
496035
896400
225689
316177
96393
246443
308413
585194
930817
281047
701695
707386
380371
759761
529573
147740
669920
274332
393421
873268
75010
237131
687251
665613
530432
168955
420504
880546
871342
817059
802293
571448
32799
542916
529340
9448
657032
47930
902311
362683
918771
61429
395680
430126
425884
474753
118636
823956
829676
436864
759541
317403
468367
692730
547698
608678
247540
45771
249461
728026
378209
80635
987857
749109
466672
481963
592165
400984
485930
909354
236042
948389
85630
903655
631253
610819
929629
981377
336585
491326
524854
859834
483868
25612
221449
853323
833124
985195
173610
274001
42462
973477
888916
182437
318619
823093
4712
249865
724936
73796
23489
623101
270616
276300
551668
371122
66192
470302
861673
497174
808366
533950
531792
927566
289655
840236
185987
931458
916508
890622
256182
430737
367816
587304
237981
902566
3337
392222
503515
309218
933592
947984
415650
225465
334855
928852
389419
600345
219718
253922
642515
937604
941457
421368
322449
160126
180922
874526
506576
533602
548686
666692
335853
417296
207079
934727
134415
792897
329358
711314
928477
849083
937866
45665
843296
378655
634249
558817
965751
5856
191594
463668
530225
480078
745573
313872
993675
91856
953688
97095
446341
260337
436846
120865
47011
140049
801006
401445
715517
373244
964190
151735
28483
857175
770641
781339
701329
173686
141780
374487
94891
176203
975729
116599
485461
474874
211614
264682
668370
489032
60742
698250
645751
474417
814257
359865
302314
187864
255250
720295
514876
512601
713005
129711
189857
722234
667171
3169
565448
266369
121947
724315
97051
284639
920783
706000
550549
52298
919344
924330
175738
739688
153527
758028
843832
429479
324809
142640
200856
215273
353286
969648
233569
959325
546223
473184
440329
42985
404209
108760
845080
336067
938642
39183
667996
560095
268919
221538
124675
44035
786064
358261
974488
968118
592032
794224
901725
337686
382444
651179
36417
34825
645440
985380
892862
925580
468568
740077
664977
418215
125234
977251
773079
910273
241518
128856
654209
756495
259806
774034
687732
731560
625776
464749
387840
66805
17333
514011
223226
510596
296333
329804
82231
931515
745137
313768
724712
500585
658205
491449
455821
25208
452056
943206
696023
577343
174561
319706
188063
845876
443576
828292
100156
326975
234886
924279
212292
707753
892137
831089
673891
406259
870944
305848
606673
588291
770448
996192
90931
503673
29105
97834
173392
728353
82520
488711
21422
336129
544929
626490
212232
546321
911864
589595
122479
666442
386501
749239
507387
885719
718450
315349
315371
553320
804569
198932
214496
266342
123663
541935
394867
198849
449032
755171
191022
812580
321765
75367
563630
144458
693857
118234
266003
139114
835923
383803
739809
864974
704096
463185
340982
957186
674177
809963
474792
159335
562733
577026
771834
112807
416163
700090
734331
30914
962518
295559
802044
861447
936052
727213
612076
891935
549845
416287
791634
186116
922813
321929
91557
536655
640014
684202
199179
145838
796045
382872
890989
948916
50062
252071
754867
206922
247679
419557
96097
92291
636751
