8385
616061
353834
478009
990683
457847
462730
357316
224103
48572
771989
465922
619020
644344
108452
973611
967490
206286
860259
75748
641957
377613
329116
282563
573774
641665
185950
592814
424973
639462
861002
219745
152836
290808
171577
435918
589091
613286
924237
426910
675579
956196
949267
990998
485313
171039
695442
903573
695202
665100
147315
906553
43837
73818
171852
959522
200066
606598
561227
215374
574373
479692
719227
804643
325118
306363
655286
687244
388032
126370
459816
147579
40531
684134
537083
320844
672657
468213
56356
181130
786074
929685
67849
406026
926805
562070
338766
464757
944067
932198
775035
214244
704513
18499
130187
493668
283546
48715
895124
105240
228358
53807
925070
810174
547012
39942
552129
790922
382095
333886
688527
268078
261312
218605
333403
311099
233471
844933
525525
210465
497959
429094
104612
573714
985910
834062
160750
879301
405101
944491
541447
314391
920266
402577
989235
451723
451296
681607
808474
424114
280592
636
552903
33702
55846
34839
354012
980784
89490
770988
817046
75914
3393
430474
17273
621694
465047
148017
474008
375789
830987
944865
52547
25387
739168
296653
929869
832200
350972
54127
183992
557994
450279
455733
12415
418197
541473
311065
742336
877261
41375
104334
246725
766547
845348
451158
196654
762634
40441
815152
895356
544573
591881
349423
17980
130490
229915
319334
879182
160470
636844
912192
230865
118868
117672
568556
137645
698977
915141
576501
953596
678262
735228
607919
710933
571168
553829
558413
627319
277212
860655
246032
347599
965852
51001
300506
743334
653926
904591
256673
969514
638300
570756
654463
198999
866198
512232
760229
612162
75883
325030
17968
737730
49999
680061
300756
915195
95510
653337
588788
538056
348823
631373
69780
674885
907499
472239
682918
910582
429973
150545
852992
708439
433404
502231
858415
887168
185683
603002
545957
70581
539161
58008
366285
472648
214908
641333
728960
93867
746713
103826
854671
18006
124126
697256
213440
802961
729425
840705
177751
696095
865001
450228
549257
834759
725274
292795
495958
939776
852718
964594
70511
840056
311055
785006
807698
891457
147233
249912
90551
245144
390412
107685
500642
556884
98519
581907
74329
755560
895984
808322
237936
669908
616520
491148
749888
560750
180059
330050
415030
454985
344525
906789
967367
761663
668272
867774
204289
331041
465314
888411
628797
172279
660628
737126
316849
29109
823077
818979
272482
490749
593004
55365
668854
348875
36053
940462
588775
138690
727138
651330
501972
522128
638995
413351
341810
447936
919841
854363
757663
701660
631587
498609
591895
589180
474964
731369
365695
863663
649004
626923
12447
109765
887466
580832
163373
47416
627123
658733
223748
682805
117588
336973
560820
652234
78564
213642
979570
973101
184069
872472
563376
945190
136713
378830
846728
450458
653552
630594
934737
494326
244496
136511
861652
434868
73550
441445
441945
734989
972744
643742
983066
184699
169877
915065
938777
39722
139044
663460
646733
64890
255489
825994
608632
18163
703990
935111
26260
894918
776014
112388
368299
28348
501940
684020
752582
861566
110395
33962
445245
772927
390583
733588
687533
529482
993672
68504
868616
717219
361591
889481
713287
343517
918072
522118
111674
559672
830735
709743
43583
929844
658512
697669
741649
744566
930110
755293
950584
710678
148117
728001
837534
723395
606692
752420
890050
90900
868177
255423
942790
639659
640576
95756
867938
382344
283023
405406
788091
953256
349944
10779
779854
597911
519770
691800
766726
228185
305873
126287
81966
207601
112833
42175
922305
939596
960690
317344
610908
229069
484117
246402
951636
563382
190949
133825
509412
913839
507433
451367
105983
171766
492438
335262
982276
81124
348945
815312
220304
949464
876305
392861
742189
543170
543459
203448
156071
711758
760327
957151
572287
498026
938360
91381
820601
919926
355145
914749
425232
857224
635627
52533
722762
16216
707659
877069
721510
189263
347992
233346
570993
315559
722210
409628
262455
110782
873054
798848
558103
325181
167494
251954
961200
788575
59485
872555
264375
452129
605840
339475
499819
975045
821368
64028
172447
39490
246589
246715
379254
269003
223060
274691
30574
329786
770152
85343
278419
694297
445591
679595
914515
575949
135507
892208
626226
17440
2345
501434
318036
295849
355550
783704
259127
286042
58293
841648
538372
380390
823438
824828
5946
948493
870504
935077
869578
174981
933191
472890
653506
963014
42673
22989
616673
166003
41362
889450
417161
849824
173567
269173
258066
987524
511127
453919
542714
237756
356614
988484
958139
446073
588515
425701
528757
982472
75449
168189
189899
789820
932835
379330
269770
819322
47569
744825
490179
653985
205735
902646
729529
66388
393348
924719
694710
204773
318752
330620
299768
602719
42510
61358
663049
275888
277985
398281
264300
285681
990507
993631
347187
565460
184288
623370
493486
602473
799066
906053
709117
703693
722422
487335
486343
218351
937243
538942
407043
47296
372059
113540
159731
487223
340273
920384
686257
368062
962218
717116
961506
517756
725153
712735
510151
355264
362915
878310
540978
628679
419121
19011
635477
953706
77411
911314
612150
639591
199785
831156
767614
599881
623341
525130
675953
743543
593492
234576
301625
318615
683620
928979
51099
85341
166208
621200
222475
252020
648462
227819
682714
620039
313977
446025
292877
635564
175506
154762
977034
714157
950673
347046
622380
453941
296250
779555
696757
945684
383451
336240
483
596079
143985
56738
392539
434055
294507
280520
585282
31076
3334
660012
151403
437085
345303
115817
798186
329479
91175
313380
996423
886328
81976
98984
662094
478455
448742
893602
958596
252225
188457
525749
748148
390074
634167
489723
292967
437551
510662
769882
89393
524484
677679
372478
437416
151103
929518
783224
394736
952239
743302
120563
922866
573242
817090
25038
118187
163906
502933
614043
904736
250932
940387
45236
262000
79341
660441
602421
990914
494664
711734
496857
937308
46600
362989
15604
451733
99935
487011
155786
894371
464409
359571
552459
473486
140200
672337
943084
629958
633868
679916
186915
627919
853983
671212
535359
118362
126458
845882
653985
993776
690951
376991
439515
113095
201637
892645
746851
781879
21937
754138
178099
335558
162551
701234
388545
214815
7477
716812
225494
952610
745928
663117
325006
489493
76854
56745
226411
750135
239191
397632
187157
683829
864544
149860
594482
778486
422541
656377
157918
560657
853291
928758
19527
435870
821567
241032
920488
570730
688982
617557
616096
124036
892971
68509
402798
509684
835118
501309
448972
436748
409463
914574
740708
457878
925703
650986
660211
613100
761014
176142
45561
878823
668863
711259
186970
293231
872996
36087
681941
783986
347967
48400
702302
701360
795687
110657
365977
852594
239355
152333
656885
635802
702606
244552
708451
135446
825967
885588
638770
899119
957907
683337
186121
679742
508449
630062
53568
495997
884378
553956
744859
886395
62564
204259
496803
292713
642609
42907
64611
565970
293520
939516
508156
627176
858832
714705
799205
253433
231949
496391
476611
484673
666648
53644
208417
361496
91847
328019
381644
252876
721750
193651
938638
106249
895800
424367
707141
773237
639614
407889
973855
415704
156835
576623
39924
858553
292145
444047
839551
276484
234260
414631
205626
138854
604218
645117
601174
246523
902947
133293
647124
611551
816970
276169
446467
964257
191792
724762
598486
279958
325185
62149
83617
40521
325477
522441
483120
309072
901478
381989
530372
628410
957305
36502
737643
72868
789739
461182
916923
889515
548201
493025
619818
729851
249004
697288
997453
28742
741823
988744
609707
276433
7726
847581
110334
135976
763341
518831
40389
521714
533986
527223
644296
122975
458928
117819
413930
114429
161569
831349
946916
56618
484111
822290
98020
39396
930030
598934
83137
104636
242010
713756
431833
527082
223353
167803
328649
507705
83405
473477
401800
497187
522201
970665
627872
281143
276204
324920
371658
819382
863758
318724
674278
190078
698950
117732
251796
76254
56454
637397
286130
983624
940981
154619
454258
624932
511959
244037
790614
55873
129114
403374
223819
896806
324287
922527
611936
465927
97570
52849
214433
851027
361960
661585
132756
609578
50949
953789
963983
302188
664743
819178
84084
562669
644547
703048
673355
847300
148346
145117
132090
759683
90023
435598
731619
754049
656392
661565
924826
485458
113798
219915
368961
845720
261410
7166
592771
970099
626110
505214
518249
945747
968518
450042
798492
170863
41209
663528
354360
630286
577176
144169
766664
76739
599209
58122
415460
44150
760808
533863
948388
948252
109771
911274
262144
349960
405297
597745
783878
70939
883302
559758
284854
801240
800469
102631
502461
101138
704779
167358
802828
887558
515555
718604
666773
146245
136020
656838
850402
631562
166227
226625
960466
119402
6182
613361
766064
439977
191559
297997
633841
568424
139121
818767
949706
727420
900938
730007
40620
481115
515948
64815
791261
882544
595921
458537
81396
217742
737627
269925
446577
206272
100158
222319
836534
45311
370955
617477
947046
863741
235481
25589
305753
327198
905426
220645
28537
38662
147799
732333
73404
832461
244625
439134
611646
493967
774677
585830
226490
654753
303347
497611
519013
499870
426140
946069
835943
81247
766125
595977
984502
832776
668956
55759
686353
707903
599358
290613
87895
948664
247474
783948
749825
387628
551214
582256
815874
67496
183012
381542
526458
713026
724112
792798
673553
39526
684065
609751
567414
367310
548097
413025
491956
270992
301891
294526
590638
624273
73320
291298
636791
37463
981710
548186
208400
160509
115958
559689
516671
497215
776176
289420
795656
991797
121061
292607
577739
214429
589889
331097
137273
27345
85115
944435
7860
909527
969346
844134
548483
889431
1093
268817
208815
352743
104799
119866
549949
709059
219934
818892
507207
122136
72111
247934
938233
979775
974695
96212
498725
298375
801968
269631
25988
898027
846350
295584
790474
642402
159053
955371
693092
462422
665673
416038
245713
821868
58202
904591
278810
815362
486810
354077
294063
721719
910547
476319
104352
470371
363146
116289
193461
817511
499618
266542
500266
529952
973615
446671
429706
309941
922776
435632
780518
853136
472424
782276
138738
978090
786545
258431
477565
661438
10845
849121
497932
777375
563090
227539
397458
457189
862081
696873
180365
906947
810060
305160
982399
71732
175634
328737
148551
775700
453592
992923
827356
492875
478421
947343
424295
448420
789274
982637
835706
504252
678364
991356
684016
512853
700255
609726
972513
866058
397121
968369
781506
914397
531233
57138
209880
73260
588586
261629
954199
849411
561472
224911
395867
779658
130757
362156
784514
657567
855432
62397
379108
395519
810058
181713
625584
4381
258543
407236
783396
865429
528958
550717
546280
221626
702997
765584
934024
171979
606380
855429
478732
85189
749379
805552
366454
89170
439275
751807
202136
424351
452334
907794
700623
302603
643933
899396
382752
135099
229876
904777
106797
464266
789099
248432
961939
534942
925148
730247
88739
502102
448267
404637
185852
360351
638615
833122
488386
427750
390972
250603
305853
257831
411843
707986
662544
339620
590023
77371
781715
233714
187556
776561
747984
721005
382909
191918
578327
491596
556522
515193
654910
248463
827005
554
750841
362197
223599
245001
483282
18314
445996
886997
773
415101
656056
803936
378170
432335
96828
34263
872735
910279
963505
331360
637537
174595
910568
134172
837704
349706
791731
856652
321965
759804
452468
848975
322904
371754
599808
393865
697914
659138
530030
62112
223939
855011
802370
756128
436321
446095
649265
868030
239511
608894
316753
18810
462773
919311
651551
448477
900538
863258
324652
875106
681538
290336
374180
175281
411693
890084
331836
272390
473295
852051
271800
149233
952269
339102
775254
750966
986714
943785
698458
53204
672846
906587
465783
258915
722848
418006
219863
412310
143680
756992
667527
693217
152916
980608
420930
883892
721612
176005
261913
415716
546724
801600
704251
217707
917302
879410
264679
447430
68281
792351
657643
918140
761114
980066
448599
303871
367605
475482
651971
675883
589104
968130
991418
234091
669492
270431
283074
837819
126665
11922
762313
837960
137421
732685
661806
943219
56017
431586
223976
998900
314704
333943
444375
809499
426765
851350
928421
717426
343752
401249
159833
533247
201244
873507
909688
131046
384440
616513
339096
827178
913208
348367
591746
228244
130527
915646
288451
380844
54003
934900
279759
998884
968310
569140
56147
169429
765180
317628
925206
272096
692078
332398
120395
828983
402329
832614
626229
464884
170099
674858
59447
190502
424876
405567
744695
697133
297517
140632
496622
669755
788209
48490
566800
183674
558588
839387
692306
299980
378619
561880
182108
882158
617402
294917
246541
183798
456316
814160
830501
612667
300090
238815
605588
157715
811899
941159
192156
684471
778508
383070
216805
84355
247581
201800
991325
91610
536248
972462
360329
491175
45214
29486
301165
568958
462400
876075
92628
921120
332439
142308
375549
793181
212576
740003
620770
780500
698936
491276
811558
548438
19215
402069
114266
820841
451404
955732
50092
348456
637309
894451
642860
901704
268601
567361
899452
429301
366741
733347
94292
181787
626687
973608
899055
887424
38010
857722
601558
584334
990006
843183
175367
250607
969803
980863
998402
391825
747410
63505
397999
458441
104608
384622
818287
835987
777056
632855
370941
636151
215628
518193
622721
354184
610056
377246
161969
890375
273435
756648
42852
389668
591946
964951
398069
173156
287443
165602
215568
76510
74883
424002
69596
835871
122996
649633
723845
93997
452327
346930
897764
377001
691898
799898
376974
176141
883782
80587
715702
637781
155863
531122
130944
789371
242249
683014
521699
97498
219003
662529
767225
946228
352819
185772
416422
178895
628302
40658
455907
913658
495394
747926
485414
955373
781042
920609
921584
119566
546892
850739
450418
98832
665859
597851
693725
344374
771781
816770
312581
798710
552856
684449
960624
174456
22389
743507
796353
149245
879041
655236
812796
404253
152740
209737
665589
699177
281672
203274
45850
381423
454384
639514
857433
9243
262898
426023
731631
821114
504595
930253
694735
834074
250813
922885
170347
693262
877983
434234
847969
910478
434593
16636
542085
88762
294019
576909
837447
613951
285265
287001
235713
353682
183941
651843
238112
684698
767289
666779
722092
277994
543559
253419
561781
914732
116479
551281
648732
748697
568900
93286
484219
521252
699907
703357
846770
388151
321297
144039
760143
842964
661344
553683
25
19742
413406
824756
626873
462129
424811
169146
406598
611883
709428
122402
192811
889678
143729
837545
61623
737214
807863
728220
183681
507236
589242
539787
277686
763637
576867
155867
618369
774093
93706
460027
243989
346165
974097
327919
46234
354052
634268
780872
998450
568097
849392
974900
112166
960038
417959
722225
7602
490080
831949
248733
353961
627
691035
671594
270342
349978
49934
668013
239185
117069
925858
797333
627819
731707
511088
180408
155830
526966
406817
133833
709603
530543
929870
93478
455065
505686
246518
104142
680767
871523
988571
667376
894566
960179
2745
267678
100694
599562
65508
542881
979955
496695
688317
373030
292684
804501
139472
634325
135361
796589
455501
279746
829006
906169
720801
224124
424312
913220
227441
993539
615122
694061
606579
774488
577196
893450
683176
139564
968985
64680
272186
773498
218524
16433
565934
685360
702703
341927
322053
641928
928815
979852
918453
114230
120039
740516
525823
40826
154743
794258
580077
921749
605216
111071
57834
578264
945647
790362
440189
889239
600644
92505
161188
844413
449087
952413
769097
405369
403270
571348
612195
507863
788020
845495
457580
749289
638625
992980
438522
903651
54282
106982
577533
767431
61213
679392
5780
957429
516772
493577
870476
523492
909835
240000
367925
518638
45711
803361
8483
531909
666501
11776
265278
624899
628421
306962
663878
772256
484913
945068
30120
11901
330725
86243
12085
741213
671037
513618
877189
562675
729981
763833
434727
629397
565601
536130
857667
145296
664258
536352
390031
608662
314658
245456
649898
976531
233236
344705
132568
355038
426571
301072
726747
883466
347965
175020
827818
303259
464243
561369
37265
675989
387120
782096
417572
950896
300539
464003
155361
844265
697483
606717
282657
875826
783503
263080
11323
723082
818903
589033
197686
635367
586466
36198
3688
163855
4421
215399
400687
370053
150260
937562
704267
638881
520752
444784
6551
591929
638413
372070
779682
793275
983007
788254
835118
803933
330945
608107
518340
456555
219969
566956
820146
209983
740331
642767
269219
794127
267952
157239
305945
257888
440115
961400
18441
205785
236465
964991
904915
555250
102666
990799
753948
810251
80816
744870
171274
562329
649131
290942
244123
55355
180550
773103
266082
736299
358682
32689
696224
508495
504052
59072
478267
530031
479014
670616
883165
80834
16295
783136
899948
973217
105511
927459
804897
70813
574708
765369
979783
33324
491010
887748
365074
854910
199834
822870
226074
129646
324130
543664
579890
174484
960517
24933
48553
96951
909566
554782
927709
798047
898054
365366
677687
157897
285208
848133
252806
670068
753949
501307
684091
564761
151290
343714
810047
770999
902386
331525
469933
385356
713080
568943
192239
462752
757973
564236
802360
671162
111282
347629
274907
850294
599427
311399
495047
761391
876752
990682
942304
737814
671713
704463
457786
915428
641734
91771
611188
673580
60608
71777
778863
127241
350928
585171
228138
941239
742553
691352
798651
958782
809076
940329
495852
645321
197840
735638
32944
369941
177924
946694
413569
430725
518323
385627
467415
357138
139099
294004
254214
7647
76602
726476
864117
101034
431645
509439
231798
335455
40646
644461
413959
271111
537913
386487
173284
128797
624291
23143
237639
626497
434280
774380
146942
961606
953032
169218
248102
420582
996588
463920
664905
337557
665235
370731
308306
943282
910868
101592
33001
343898
443087
245999
390255
323863
58228
511739
364567
332534
163887
407934
794015
401526
983023
896817
47914
603740
783314
487464
51900
994084
191471
662356
711377
301906
447551
261731
780634
26022
897960
179394
680149
586925
909672
366018
948488
456436
947610
647768
58905
73368
384808
860734
456269
845113
103246
265720
456475
568781
569990
454065
100012
869904
368918
525188
473394
8217
778098
645398
758434
864328
886991
264480
513871
627100
582981
157962
618405
71521
143263
519987
985086
511814
8579
831757
272164
3661
804920
343270
429540
990555
481753
512001
454923
225199
125781
995490
216768
256431
998944
936169
718845
246814
52090
786454
606636
90283
693594
652075
101338
462050
856951
612463
609690
475845
241458
753870
435769
997750
226147
931230
547737
266059
239038
440700
796396
1476
505058
305749
494543
234904
378558
462657
91520
379947
218208
972489
342910
792797
72731
350153
300220
440252
277205
784625
838657
546329
47147
498917
615519
19320
1857
654596
995277
338849
176489
973830
719267
833171
312046
664511
273394
594264
993727
521024
943102
820724
478003
360477
430746
165559
687101
145224
964318
608754
644013
332508
360262
391238
782496
463606
976170
602584
724422
874302
164182
633952
525582
325508
967813
260257
26736
676740
88703
961075
812694
543308
193804
325052
549544
161205
537555
488061
584947
595404
370388
309896
176181
916245
273215
992336
938055
706661
996207
34393
408423
836206
498886
706254
685025
392536
740965
973617
54234
501322
453768
731244
270393
57095
631165
451783
649331
982453
808255
33779
929713
686202
749363
439107
371167
768575
421566
22522
659859
264598
724417
620095
14616
667384
897906
573101
711319
701543
999512
24327
571425
807666
650531
466761
397723
727447
70373
795033
720583
49282
105713
476380
477611
848884
233103
452837
608544
802303
916632
533897
343352
289837
152052
703310
461709
59649
388590
891202
476962
261077
582513
804071
711673
789602
290786
990412
57393
739230
180953
743223
144152
851648
35452
174654
659157
499999
932218
920437
93227
580536
333026
25409
557611
596367
540509
795915
279097
865772
326222
105168
819896
478726
587333
218390
960213
658238
258906
567481
766509
745346
492716
997220
706588
124690
143606
849051
490147
902367
632074
41652
265845
636815
706158
141350
976286
27742
930000
141817
132945
899294
284454
152925
40460
15903
526182
16599
207722
643049
490463
883542
527621
188070
584435
66148
730693
870813
128049
973432
733770
351001
136211
904296
905714
174376
622097
233083
802375
36415
571039
874588
640392
97979
600906
528299
226066
773058
550059
798190
47275
857480
583301
396645
762859
539117
451777
973243
332424
165380
59267
689240
310396
942127
195240
609427
700949
533542
141599
231493
970777
732566
536929
59833
860883
439910
581390
835071
537854
747156
645413
757664
925709
319934
662752
714539
805589
592701
574314
619246
323928
4204
516286
336769
442159
470918
50461
587644
27539
718125
783787
186440
8200
627911
775399
782355
239142
706883
326597
410781
906821
568634
414570
73136
760388
322928
275524
280876
527862
677305
96387
126912
406442
967352
477623
90613
110614
10435
79303
880996
359072
461026
958475
182344
154504
365367
275847
281582
708916
902327
184709
762121
913945
877910
149006
935266
57540
343169
825156
504684
361859
207877
223391
6581
813106
957453
931074
630457
183781
521160
604537
648721
107439
512361
229202
18888
10573
78280
806549
517326
150258
196390
375521
102790
825072
865037
100836
416186
45056
397910
650614
264238
137006
902021
830035
753810
790692
590798
303923
981457
372625
756219
772616
958726
257717
466789
737491
653390
160204
800927
636643
751096
40276
943795
338604
735641
777085
681604
596224
847933
176045
491282
228204
337848
212972
205788
734962
169946
694771
859168
677406
455360
405964
713534
595783
450055
466725
198907
425124
375580
671351
959521
828104
623151
104590
130755
540411
988230
988020
48477
765239
426414
744958
794330
304060
790796
977394
416176
572880
794641
211219
379047
239831
499595
551180
671095
481546
830169
857653
452302
286807
391223
538692
398128
192341
245111
933331
25465
619874
90769
765641
670398
113628
684625
325416
693010
248056
92974
574067
496868
431170
512251
256570
297093
458545
941431
157123
547144
122150
46975
311063
905859
100737
7331
136358
583217
587872
821013
245015
774009
574710
91133
958192
330058
711043
315306
804255
406365
501813
937956
544931
590684
633051
623005
586458
462881
170434
9285
288103
614551
707886
942845
419263
589949
993334
291619
579281
277705
13437
120396
598608
36329
89993
483344
719966
887140
802945
26366
851734
858207
470151
47472
767926
774332
736176
702522
468456
610717
325852
232764
765611
703622
984055
34327
100578
649057
678091
849916
414841
877274
9471
192416
138992
731114
103663
200140
751750
375090
973545
811152
340802
478717
121090
389911
145120
993512
645076
540566
644759
455902
971221
668895
301123
210043
795284
839250
131700
388882
946834
946994
66515
732554
338682
801173
535915
304419
383486
220917
790683
35542
667024
571621
751575
416155
676474
286109
201174
142212
389979
606518
293852
185607
179391
490737
552996
493145
342681
780465
19817
800693
704287
457929
313489
166267
7682
134768
694711
943670
922697
798481
607699
417782
939657
352575
622984
776604
782211
863750
948427
904116
215706
306653
896491
798780
538799
353143
241728
726467
895643
538872
727412
370157
33032
999365
522281
378131
600429
751924
758598
27975
248996
177251
319777
997621
890345
797988
826122
888293
867249
562582
47858
352668
722468
186383
453495
553250
590393
186293
320141
40543
347309
146604
704138
748959
540128
858601
725006
691893
821900
253285
948172
425723
683042
734062
78970
246839
322051
734743
466513
463129
982168
857424
883841
84320
669582
924304
124213
647389
888753
315438
456638
699728
675620
947728
869470
809006
348602
331514
122612
108356
968053
772040
143423
544821
863129
545015
174352
771103
859627
11165
157137
299164
375563
581049
353003
208549
576363
303909
896665
943568
494635
844904
835015
924090
633555
364520
320678
526719
468716
629372
983823
135142
606011
574752
753873
132122
866523
538433
27097
480211
906102
979321
854973
945684
992
883093
501477
452813
404176
395345
514838
991584
26299
950053
71132
974272
508494
884088
507924
249910
552456
776243
648915
85950
115123
128689
880310
505358
47933
426706
467655
179638
284279
715759
35593
876514
179945
468711
39777
58877
904847
329304
888609
610224
240373
15274
60593
652488
78058
14085
618332
311094
773092
591650
282037
493039
503664
664895
797348
919796
311123
871404
69584
325228
749507
304259
562090
76909
326203
342453
575252
728665
311871
731902
891629
285157
171500
163578
943291
680949
20603
877010
8947
441635
473490
598415
728359
538271
955590
175055
662157
367408
391986
780116
151015
101081
507885
987834
761236
236758
793514
315521
271219
426886
370929
686280
190896
59554
605302
886939
351788
561835
620307
257251
266893
728546
488551
113852
217887
728177
947274
583972
60389
92519
378540
451022
316417
693281
285513
768278
193979
259268
268298
83664
707313
298598
7548
453305
719004
273740
404453
878927
521850
53070
959624
352124
285725
143191
720055
266158
526928
875017
218192
708674
810977
860093
242389
300126
829520
919528
272364
522142
763986
408665
252975
35749
682882
829086
203249
235350
374309
764871
4559
419035
941528
1730
308206
910242
99801
194405
771158
30632
633390
936331
24170
844077
575413
202133
705219
887175
912073
538258
231657
400723
906062
355129
643373
116614
221594
602323
443430
470241
429184
497397
214086
246723
58618
531627
31896
171992
669426
251633
578584
321904
731629
709531
859054
815146
242261
187796
534985
655055
259297
430019
353045
779195
145315
211593
364056
2357
519086
497959
569966
11680
871841
588157
798559
699723
912213
39469
763610
517475
809567
894366
908241
720456
773826
286876
99184
41148
116148
786077
693498
320696
677387
843871
402115
136921
219844
49516
646788
715447
26416
774335
427550
159958
750588
729537
336110
276662
789915
355884
512521
629125
265554
898897
364884
960821
436319
365492
959683
550056
849287
752213
495468
77574
388667
163210
548295
290673
606886
471943
334212
683088
607382
622720
176393
964680
869892
654437
308231
431241
456321
871628
551480
714628
834240
349485
879671
250298
932602
899526
759099
37744
726529
492191
971761
449727
877029
703912
423670
689864
579773
18366
761262
555524
217171
738380
365956
574009
841710
286734
10942
372488
276348
508529
791803
244515
83100
837783
64588
447453
963846
574646
397741
910042
176600
130848
342239
859237
499133
482845
540067
515616
184700
724980
308948
114774
687579
748425
413410
339565
684845
646112
733863
933047
7935
204672
387239
913575
278299
270322
691945
776800
352567
559273
791532
885929
153213
976315
660104
976061
54136
18701
257187
325504
297368
33102
405068
976011
648034
656474
137463
320680
746871
242174
145237
672473
358782
531739
792592
920723
681777
280611
393568
632200
944641
176257
905101
387362
127911
57237
631233
715915
668232
135901
690761
985769
952260
754863
779048
732199
258844
209506
664216
191471
494205
386445
559326
401396
826925
539175
698696
54443
220817
765645
615878
851033
96344
302243
387555
268231
632648
801618
23262
406035
121379
866223
688105
829089
398965
936123
98301
924078
407293
732487
159448
965509
337334
960944
344340
875274
821697
148744
258533
580339
526640
510677
729263
77079
913393
654771
94914
166430
832341
624916
733299
926041
5180
640936
645592
321835
463839
874776
891423
551524
68794
885163
194571
606958
807828
392076
696397
137952
905004
259555
189691
483312
731010
454751
360623
594181
722175
905173
346047
195051
65409
143426
543508
689632
322951
358636
73385
604043
409782
389095
852898
410252
65478
435700
808198
106478
574284
506244
201179
838585
25572
370778
364189
995493
311738
979086
461978
215913
129461
64749
163373
838448
577794
460414
953557
601389
404600
63712
838577
636997
297581
306895
983706
322731
153365
342021
266781
312778
522641
198333
565395
682011
742684
78354
562079
413398
950925
450694
20484
260485
896073
245791
534497
89331
61449
364972
282697
730500
747332
435110
122883
961886
329017
172017
531675
743493
376155
529858
390051
647173
610008
563674
168649
565064
893832
409520
810518
233543
671023
207084
86273
385437
399023
761296
240366
437879
33485
767153
717894
18088
654813
147363
320371
844057
175181
237044
767736
422174
747596
814990
222700
770019
717461
588160
497681
166469
964444
514966
853909
642685
918227
763492
408996
703799
874905
501410
802472
356609
372608
13105
246046
414047
932985
812988
871766
348475
704798
156986
594631
277433
814940
554895
270860
64745
341755
7506
623039
157270
188940
460458
725873
777467
760174
75665
843139
145557
735420
681274
382116
866196
310679
272975
499559
47467
253515
346195
620543
349830
246816
387431
573275
263195
969216
59048
921304
8346
318720
306421
172583
159166
935628
49038
452285
724229
325300
443416
911088
616956
245901
316541
282357
113396
130629
619504
486003
277521
573895
522446
171011
957504
383815
381792
134407
223752
54826
114173
72612
875834
287445
501388
896477
512707
822929
422568
372493
66208
611224
502428
618625
19568
275967
233805
532848
251941
541503
434103
714775
843348
839649
279439
735477
973293
50758
911240
756960
446852
922192
719090
465411
912909
735217
448892
663605
440551
635790
726554
75254
909263
665615
307778
493576
805557
249670
161552
462888
597163
86905
987273
691495
763578
63309
279356
467050
665871
328081
765508
880762
852819
148901
98027
126473
777176
815942
969961
631234
504239
424375
907146
403787
4054
37964
22061
746074
170702
331286
839656
873713
534539
99750
608137
391159
982021
849024
376056
248821
512620
442014
576376
236906
398008
220253
858124
962827
382174
232968
951094
166234
972382
919296
218586
173665
26617
185605
793346
750091
652801
777891
307515
748064
636552
625019
733980
549979
213946
777581
114598
34090
421703
73695
374855
494210
499832
878317
261881
764060
722531
829997
875975
619407
966010
259933
732016
345355
726461
216043
623268
162927
851472
11233
661675
526280
566183
470572
647013
354215
956765
589895
168428
642974
372452
326473
983637
127126
290583
381319
970838
27600
840300
828135
235457
818678
933573
261314
652847
556765
814821
321909
908600
267866
618751
372741
475742
370622
188714
676908
221961
594863
315762
394436
488749
528292
954248
871183
12423
828668
892825
644129
609863
224892
419580
771050
917384
833636
582980
706660
155834
12332
818549
846549
136481
536544
789332
16065
238838
610581
502871
729456
713707
121223
477884
124055
711692
579600
356406
396774
106753
46663
425473
511086
933488
668531
587735
985452
409279
73387
979771
178486
865207
117643
994290
395072
991492
865429
996049
64523
456345
594657
714866
509932
523056
309378
386112
500405
794031
896503
354674
337026
577702
999627
64149
8033
296501
558666
665025
978591
562635
8608
651373
817259
565065
764943
339103
26986
845316
130124
926908
487830
122025
723127
680829
637395
649724
313206
225410
215056
521145
501997
101569
608278
56155
946779
930327
890225
693882
179412
669887
638519
202767
906775
955616
716729
973076
651595
726784
723206
174598
217563
183703
47510
81356
919978
943102
450266
508978
232181
494790
134558
112718
704964
560485
303127
527939
323213
387596
424143
235811
307237
968852
469482
71344
511715
259094
83284
97275
216723
846297
607625
583406
604948
65830
59712
668133
769487
200312
927093
533622
323348
472720
369361
831505
657427
580132
42297
491651
710963
813879
79664
963093
253010
420484
179114
908817
867162
26964
228206
917796
807036
592943
671974
531871
318476
602863
292102
617816
575609
887664
830039
8813
319399
621475
621407
9960
822571
227202
890031
980990
675234
166302
972489
261170
181422
245715
620907
189655
568271
206238
258556
488178
264602
614469
804306
87677
791640
799732
547358
417672
635069
543848
74549
306683
987138
548356
526395
276150
957666
275713
287406
644377
273007
505667
667852
647263
998670
523014
801058
62885
542677
520503
535539
845257
292863
277215
510081
351022
881290
261498
995195
417307
400558
935334
517954
288387
275705
905847
340122
66719
7755
889191
418346
303543
688428
993451
832623
508929
968453
697376
593411
429088
423042
992740
347846
436749
408129
885314
812966
869715
619767
481669
609233
245172
308576
934573
876148
138665
58016
201472
939630
855495
226811
459511
11798
438589
409774
619481
601509
797498
961640
394022
133250
157291
351016
863209
417897
292002
440372
221809
619319
858578
92083
510105
901460
599927
111848
639234
608253
367827
174539
128354
364652
316306
366277
638582
772839
152015
402377
565651
824354
738351
499658
664154
304722
569131
889052
964362
688464
226796
168555
924592
262373
827215
663634
382585
761528
347784
810969
212648
929361
180834
455822
838178
510345
423460
352702
108454
537361
255440
568400
718555
707419
848901
333439
502722
423464
513860
298226
712843
615151
307663
668794
602499
673639
913965
718503
217386
44593
445643
992519
514339
176805
693692
47356
218500
458424
682657
65465
995213
670151
155428
620825
818166
106818
71518
750684
863649
627320
645209
120126
107567
164410
317551
117174
917039
988719
824465
846408
335152
813044
202916
511687
451767
500717
288005
164139
79756
959597
332269
792906
923183
702910
829296
48055
369896
765005
214176
647604
914364
364149
805454
444884
24763
539430
513712
887154
757111
558322
861918
540232
333199
294068
820087
352429
605801
777309
361888
762029
862974
972636
576940
631942
360078
666601
730840
819773
480117
879279
506029
616411
885910
71380
709448
999624
871923
644262
805174
519874
895711
197475
594681
211386
281226
556517
847720
381195
544700
297384
447986
155160
289885
936505
726147
402560
53424
663741
786047
954497
134944
351708
362603
346342
933427
18056
186795
472110
538715
439342
385958
152571
870443
839927
517445
846579
838759
838203
856795
409015
477236
873795
466207
353918
468334
582777
528596
473101
176152
684078
638857
344725
402478
985544
396732
687593
755735
789574
593178
687514
739511
806322
657058
172721
280608
77922
545959
433352
559400
10730
545844
16325
594325
11553
827209
28852
456437
932046
411588
714880
726987
78448
215835
123662
398435
10215
639110
734455
356103
967618
459706
922271
103818
984166
55119
813942
693633
459991
341827
543371
535058
472742
575767
137096
135332
627703
964951
646094
380150
928750
687287
785838
25547
825078
926425
511552
404163
291182
292011
349348
718726
936432
344110
652819
821849
900094
398801
173856
582546
223179
954491
233553
710632
886372
325096
118292
273700
801145
425643
228704
329716
612812
409233
92585
396830
552181
567654
432511
584530
999183
536017
156996
371672
400643
625626
441416
325416
137199
396557
428419
938200
848690
5878
392366
702192
407510
856587
342398
178201
72219
451177
805886
38452
93212
581303
467016
113928
124064
191463
545567
407251
480704
91931
299628
414593
480368
312420
609684
622074
313259
253861
631730
265366
921151
446934
214646
89388
471858
869668
841625
409864
223184
766134
873660
111482
992978
82315
684828
13771
147053
349439
431732
243851
136884
868397
825840
654918
66922
661869
794505
697301
965416
23614
679617
769936
425767
471295
409021
760417
747755
282456
155066
461812
673869
695734
255981
618570
48931
394035
149563
142189
587981
914643
907858
475838
791071
77290
356834
986794
788518
329756
644476
988155
42265
957885
727877
60811
832734
517206
533846
829331
422773
348681
464948
634785
874565
487372
297447
884072
509889
430353
836793
399025
599927
862598
333005
495088
777397
205880
255513
813105
105752
848659
882369
506737
254642
151876
3217
944777
5079
812095
261975
56837
493573
371484
41243
88275
732333
610268
489148
379351
846242
980554
436521
983644
173085
949501
557944
660388
1642
5818
720102
63072
664243
504438
508140
2427
582887
156536
487098
703376
89991
201629
996051
745341
422221
17526
998084
227343
67257
160588
556930
8540
970553
475779
821151
905904
927476
94876
448937
951967
10547
855252
249823
932794
228012
836266
15121
708508
126445
367038
796051
528164
37346
390613
576157
784637
377539
678905
907586
232344
651164
662909
237515
431355
253178
402270
678960
813875
665391
465221
989234
843813
360451
235882
100504
574211
771895
207698
34179
742042
626294
510712
196528
954311
716187
886602
370698
73738
195737
853642
594666
957042
759947
140693
778668
295608
401753
717697
473135
887016
98371
745759
954856
292218
765453
485024
661283
186879
318216
197523
121880
55415
878776
714636
267174
387199
174759
551585
426927
642407
56901
253838
887375
936930
177530
1336
963705
957719
815562
234382
951856
562452
366628
825740
717152
360354
479495
80857
174103
410995
834386
545297
525667
943032
175078
803485
15752
110991
916729
241917
357534
83418
364410
866983
966469
765931
942364
673865
376390
178331
189314
972907
180168
679546
765701
926576
70572
991776
268645
882555
570501
123234
358409
785839
347767
746848
795636
177038
872427
4668
837319
56323
483116
331685
242093
65083
768609
165073
382054
610285
288295
756873
140852
744251
573835
751902
167452
274352
638177
518073
872025
289129
971331
82896
316131
634641
529513
986229
948438
336197
6882
190984
273731
188502
645293
74253
299728
444908
472438
288728
890508
457799
172080
657573
637331
407969
291467
846980
197338
247856
498579
700977
20248
385864
885541
46274
804754
447772
456398
301113
311297
603108
5441
811129
68321
936859
242997
572566
81689
101600
940185
337285
91330
241852
353589
107122
281813
6083
824862
273009
589686
489235
678037
24972
622359
42170
588222
633211
395146
883636
481656
754097
370855
293585
519197
281363
811478
220725
4823
246403
169466
502585
307549
309275
194683
40176
355273
634742
496429
605700
849496
840808
331938
457470
413053
106125
412169
833508
681378
563775
704193
220988
168700
945825
561790
861615
592265
740760
228054
286409
853737
892122
549097
572829
594519
158046
707691
282117
378434
600243
213136
886535
789580
416557
503250
558932
925278
736954
763106
209066
801254
941458
420521
427865
223150
489293
137337
816290
26458
464590
965525
17850
220414
440541
50713
569711
366361
22483
338311
571682
862322
180846
715760
18930
675982
49476
836668
204410
737995
145621
929750
221872
57437
677561
329206
239598
856290
781112
258252
545421
40547
821624
205574
789933
736361
734673
151102
365458
931898
862269
350851
972329
796527
329643
505987
803112
169651
390450
975634
312403
119386
825762
555993
602778
69467
994807
109982
634912
321772
295207
911211
140502
737016
876955
775518
540870
924736
298042
266637
68268
141003
232608
984147
11710
561163
643757
98619
648013
943310
718266
35848
386051
681821
96999
60831
429580
284277
104848
650770
706642
171167
879134
12938
415776
608686
473337
854224
772776
983509
639195
474616
371104
170338
365376
419498
500998
585755
851322
546446
549701
581492
158688
763348
487280
911722
301478
225373
41899
891134
448648
716489
446889
911697
769057
311070
510415
656601
441688
759633
418487
755645
677625
175925
788242
908307
938786
745853
139557
405107
77332
476143
752756
2360
674665
612392
268220
404499
83941
239238
682009
886603
659812
584117
57608
866453
672755
987097
233863
129547
290107
396181
22105
373388
575064
186102
717605
393649
669833
507456
934206
148327
211968
919187
764094
946926
118552
321464
383499
644525
438630
948174
766971
514991
25383
516683
495764
789630
826009
154161
445228
456602
87463
267472
785775
351190
622780
316785
874495
271504
177017
248742
920182
392139
155905
72044
886215
179371
571825
892730
992514
843020
323373
44713
435766
531775
218646
752575
158384
266017
345943
409753
626786
605082
694687
116149
28319
509359
279529
836505
903939
852165
855158
674404
114928
898291
651741
949487
946291
81794
779513
167712
707972
419076
491456
361931
760428
71438
463987
752004
220417
414547
459633
315973
7885
311390
321447
579960
411981
928107
36578
938211
495253
670947
380229
192238
838993
362419
377942
836369
733990
345608
872114
741022
470902
989544
923361
306472
166786
305584
490116
56911
210603
827046
29675
516457
530129
155514
397827
56783
97372
961246
982444
86145
707929
618047
644521
169271
335164
850782
792433
763333
798660
959248
665890
19369
486396
34766
410901
780213
486493
91002
78860
342611
240145
811055
922312
715450
715794
508419
156920
618540
248305
953244
809163
885801
185267
151275
576551
119732
558485
830218
656946
650175
438897
456046
250637
553205
634873
556809
421088
143076
931231
473407
140688
599238
273175
835138
803341
809898
344820
872140
277705
486916
850351
244856
387459
767821
612039
46078
685633
926424
977090
500425
729244
636659
437009
843959
188533
997302
264209
348140
850758
409771
920238
279251
483923
537626
278946
827315
162110
367343
616795
27369
460858
172426
911995
365768
848856
358499
158009
163018
360381
190168
896741
523249
815989
884757
698440
893566
935072
474783
104553
965389
289866
258749
960812
432395
757849
543235
360406
225045
246943
773180
670571
573743
228367
240691
561272
770526
687629
402590
1965
752547
408222
481832
410658
152404
862655
248218
439866
977112
387409
471973
596709
19198
561073
405902
480255
842491
925990
436278
215446
747518
294068
691013
7113
892082
107021
480435
910539
637583
918759
85299
456071
6173
381545
787836
291294
341959
953151
348148
864011
298520
269261
103995
696040
332692
735295
241426
481866
181749
396927
263527
639942
17601
667968
290494
688215
852164
617463
509373
882136
982704
288426
422932
719787
301517
14048
825543
441980
59038
797432
385113
350432
354322
479702
9303
638999
997795
619768
315070
381296
553551
234343
863626
265356
840689
295240
722844
634682
7868
32658
101958
802178
253715
409690
340150
521533
406343
123594
35774
519457
255149
161520
102524
747483
589339
343922
491
283285
136640
460448
633604
19799
147549
155426
980434
436233
879056
233041
602262
54187
458272
955010
471597
17613
565178
12110
618849
376477
76200
994260
403697
976328
883625
806673
500385
217862
376932
991211
828871
109884
215034
806682
857826
237554
412276
666227
322275
714988
152412
264979
224336
255271
231527
273316
358142
416434
434959
311439
88188
281894
585727
49278
420367
550147
636456
636172
462231
17576
367473
581260
112656
462830
687499
972211
476340
264034
10722
200227
588542
28510
232111
588821
797770
134339
158314
178657
978200
231829
393309
69165
891440
306547
238228
182000
861535
558705
890097
757218
671903
92756
523932
336002
218581
802089
37015
472003
644019
644930
328495
813332
332926
59278
946126
839563
4714
101908
519726
585965
334177
300172
828776
407772
428322
996506
802922
772893
873478
339432
653767
971781
553310
93854
940457
403840
373945
442753
181090
84926
175810
638373
652575
960891
679877
84944
523325
692265
90130
894957
884150
673979
410874
20010
549492
790096
234678
463599
202438
107195
511912
173754
320048
669867
794105
955419
608732
795324
964961
404361
736623
748697
971845
162656
50487
401675
477882
353720
93056
964835
360807
954403
786886
535616
890953
111938
48260
852926
601233
835460
335083
73851
229736
618045
386094
96583
31250
704863
233594
836775
805808
726423
77187
904582
749599
890118
546298
177721
234943
961498
932635
259373
41998
548105
600866
422832
831282
85290
81821
858328
534485
497584
556381
348820
48554
38787
244614
741261
281487
109692
143366
932728
788555
681789
706210
912507
440054
461803
310444
596601
190520
771402
753617
531068
135401
446643
954766
974974
172824
957236
397315
798868
441832
614468
496288
641016
97300
642849
237372
263409
694994
395592
4036
51937
524949
727825
582864
23659
375213
492388
572497
565502
109130
281115
121511
810115
536670
213814
113295
688799
15200
64245
936442
800421
773292
24534
19320
971675
900039
326443
974675
573415
955841
515543
497337
809623
885427
839077
731153
390794
590568
499652
96814
345981
661336
147107
397921
753078
637904
115301
35688
404679
888301
224065
121413
113471
452870
348730
585770
950963
481834
51893
819280
162660
38334
260860
515239
985869
758921
741262
30632
217804
402571
402208
250310
209578
977351
525813
848835
412681
287778
223829
945438
420009
853988
990061
36841
434710
972187
571010
108665
637042
772830
461331
603576
392155
191919
21387
671188
25784
513658
814176
995994
914277
584698
261899
312989
30456
49659
202532
791696
738928
589498
946265
414708
684218
794152
707018
438698
719007
633485
603589
891690
425101
797706
567257
543884
63295
765623
871257
327748
41228
97003
26735
934507
323914
400281
143514
733432
327964
13911
955525
392269
880415
703546
394373
90798
620973
339550
692015
266764
936140
807746
552980
30144
453431
679696
65563
904403
947142
581177
852857
555449
245244
130623
540943
26911
572397
103116
186463
692442
533642
311552
191468
951230
766027
906504
693870
453648
31991
886889
700399
892947
736147
662301
938117
180286
555813
331860
405292
890959
693923
890971
4607
444537
822653
899418
700819
753465
923716
974711
761073
160711
969781
992345
430573
422311
806950
621959
71719
633630
628044
674926
33182
676866
608487
263297
994796
602411
796363
224571
448162
647238
53899
302912
103296
27784
462275
852129
951889
890622
739586
182143
65761
650179
987026
120646
415900
354764
558950
354651
816325
194973
59808
112337
896847
642846
949820
853332
481244
892424
419868
996840
204943
677050
60208
159308
764688
392680
96385
708280
433052
140274
480027
623494
547205
524819
650005
870637
654093
132784
439550
916839
663131
241104
706726
484725
502680
242155
109254
118393
668137
503515
482701
372800
325129
238255
104840
529826
62465
437407
850860
298818
48071
944089
872451
855537
728689
488762
712817
888815
580308
90200
889122
688721
987710
223996
965715
462462
738635
491373
793145
662675
182568
956327
480977
438375
179810
195435
714949
207528
119914
528752
751608
111204
725799
479479
892975
747364
221176
699260
724315
116531
638213
889416
554183
556604
907904
108131
618010
183889
744254
875879
545482
825544
134572
355569
848606
510528
599727
811504
483933
606401
318044
444063
190744
699009
676369
775247
210577
798019
266478
442525
227015
559642
49587
873732
529055
499596
709816
951051
343024
328658
25411
498655
38763
902587
548553
693243
845030
628335
755588
612547
186499
825489
763885
927729
18241
697854
319767
459814
279967
245491
77608
532514
249320
452811
302772
102159
5280
854053
150135
609592
859401
962660
406703
445143
407762
127056
109972
745739
600285
440409
209909
577128
335916
130876
956977
662505
458727
607743
210382
694528
315532
741590
325689
207182
309619
305512
43290
423023
77501
63019
180435
411756
114969
340395
556374
720468
975538
957290
700576
372004
418936
779554
562070
882467
572426
440742
846842
686461
763494
150282
288609
724684
883601
776885
264038
197340
989845
650619
131942
342634
299650
933344
19693
71187
929868
897932
977561
440575
771695
732546
20043
117419
182829
297595
654967
108306
940851
376095
923163
643704
718746
233055
901069
513491
279113
174001
209516
880342
62903
569961
250360
237275
993870
647025
225598
85548
493035
512549
562924
456173
287938
369293
405571
293226
549791
747000
499626
258809
506887
94385
567518
99020
72765
141793
489671
446037
16672
719041
680358
25750
712689
42745
904811
684740
683955
433306
938723
502935
257963
977205
385999
285425
422407
767190
595216
209256
229787
216160
262718
644210
904390
643526
109399
399916
808947
410339
748756
627015
571516
767735
813399
777935
971304
395903
744961
382233
836757
951408
588961
165065
761009
742671
877255
750333
873890
145456
614710
191770
280134
742601
24311
124913
246484
346162
663882
14477
174241
807867
957624
739931
247935
223145
887364
600887
904512
795279
44160
12111
509208
343558
721531
645238
166240
800073
31512
674759
565751
33583
527034
545396
636995
506949
709595
564266
196501
731015
512828
701922
390379
850235
686967
257607
442255
43115
945776
377727
715740
688637
740650
27865
429408
657968
73653
81041
934749
18101
409157
334082
975850
314216
682719
112553
973495
353961
609900
651473
395693
965468
412208
988513
36852
303865
432212
857342
958798
28560
240927
541918
310112
32925
292099
847851
918993
50051
744212
19791
774987
219753
673555
751522
677791
319662
564009
670062
470533
583178
359023
937755
315713
2690
641322
305084
749344
849095
203028
775668
760930
660204
44501
80070
674802
760195
856337
689145
267792
921939
361755
960036
524751
995127
217159
33883
318970
815062
677276
35574
242130
718330
368296
834490
139955
956239
208686
946279
557205
317818
843515
753310
127917
248852
311959
951980
333875
93186
350806
292791
433407
807538
476302
938499
346893
606580
742050
521250
842655
198706
392125
691062
673473
30030
364123
504484
586024
189207
250753
76951
987316
959783
570189
214062
312277
650459
844392
800515
37705
517808
289175
642009
676739
294007
753265
231329
307624
244404
896491
557865
114162
719833
279695
338146
27959
684378
606283
518988
502340
728941
169062
723776
454179
864928
11725
706842
635645
680278
591564
405761
43224
187039
562072
382484
555136
623347
521993
166194
850308
891211
513060
978854
758360
135581
979414
68589
770712
30386
404926
120422
497068
749157
313057
199574
769222
414394
564609
196116
503368
837080
99591
101975
694147
367268
445917
424922
335131
330428
610072
983273
488326
471437
222931
348940
983027
614354
499543
146509
808263
546025
867382
570982
700930
24787
81207
512844
34432
403912
250539
262674
890332
464821
132510
520572
977583
963220
6825
445921
762806
110181
983205
388859
40594
609550
253498
269839
548136
496588
144277
595059
961064
374037
198392
172353
882475
454220
404267
275415
589814
548704
889744
956551
359964
289794
242260
426722
27775
470849
412481
440284
737398
655811
219889
576092
537099
738786
118493
439651
753691
269216
711124
107414
639584
98121
459079
953065
729932
841700
712257
562602
345163
889685
808755
658407
841899
591442
159725
202110
959064
8832
926505
237055
375232
275241
242626
36415
699797
753180
7810
42556
24433
462946
27416
278568
563923
141592
362984
830740
518215
525102
865341
787834
780132
934011
700570
527655
589999
487034
199598
552131
678686
392485
425253
165118
460534
929516
465691
256409
511765
526482
520747
530766
94860
214181
593574
481566
490788
693848
850976
154549
393474
133054
921252
948027
648741
664229
248199
24441
349963
915405
355482
826534
159603
606404
564409
453582
286590
565791
68608
656286
459823
7062
66269
416654
242065
266109
532801
228075
951288
488219
834033
140800
108191
89321
481081
465184
515697
477992
769791
534739
256355
898079
376117
531803
529662
32112
533416
494305
883770
3094
333366
577281
283654
147006
672092
6191
86181
183486
876461
624324
610546
525878
813023
74281
243012
475458
773504
464159
866348
251097
110790
3880
906523
852293
179011
907925
169825
943615
361591
708397
605200
851046
74624
412599
398399
890844
9836
44453
20394
392125
959663
762333
638135
585725
921072
82596
75347
928157
382781
450409
630203
945546
688479
156844
98519
115986
212489
893129
177792
659843
812074
791205
713762
661218
970146
238196
987261
63877
698193
367844
626822
981134
603466
820969
634922
843844
555494
610854
771186
542031
813301
620149
794433
922704
70992
792403
360379
655515
540682
956779
324352
710290
507333
208445
646870
209567
696800
652523
989605
738381
371214
337568
271003
493380
152578
971485
988976
599071
366918
920289
805444
708972
436267
956021
816484
703359
388571
664017
45291
534387
909642
869294
276997
526718
348171
358249
929743
684464
901375
181521
987994
564808
606376
992397
198607
668019
103451
541933
82220
657186
256212
319947
640108
995654
985508
406109
773829
367467
312005
401883
832587
368494
216270
856583
963442
49949
425921
49758
250096
783785
395202
245401
958017
64522
3299
819168
745348
400176
555162
84172
115459
435681
343060
454999
729040
23027
919074
142819
214730
47976
85330
538083
663807
705889
762137
789610
653355
575297
97323
778446
83231
652191
249005
756089
720829
822119
671298
275276
565472
136334
963266
52591
849560
112687
360585
295417
166099
253127
231851
447225
229783
966218
452741
507487
149995
811295
393775
45898
81878
349567
68941
638127
576639
727461
209669
341858
552819
770099
900299
994309
587909
323361
487511
385418
710288
463778
636088
181286
758040
875989
199362
549396
838927
659492
959907
366210
479475
924221
75028
569692
422164
439403
709675
644148
468660
328912
821005
104523
301767
307713
691520
161919
794777
38526
806046
377616
449551
390092
817957
52112
708037
571185
23532
479719
984791
619404
698544
969472
600635
372750
280461
604052
750667
932953
176584
660561
717601
769331
931849
520166
660124
381351
438822
91182
374719
476920
425370
776502
366520
3523
868564
765485
658557
918512
89516
778087
906898
671444
909040
703501
650472
677287
820829
458085
394143
798429
579497
705786
713964
241699
522621
454184
591958
628023
84288
902
665882
685284
973135
168944
117871
919577
221577
116079
959332
585189
797446
344904
89509
863442
477287
389406
527324
608091
907848
691396
122227
174090
730002
894947
170424
549554
821102
254468
237146
382278
842708
58811
408336
153237
568449
820209
538841
238115
590791
911308
229278
227621
299582
51837
73971
448088
485784
675685
127612
552894
265490
621093
417964
217014
929223
760705
627625
292023
187615
377136
616396
680809
883940
398786
433284
683616
560565
961006
438938
502837
721363
230967
110799
686019
714265
657915
426465
472443
397320
471896
406636
936421
480576
860475
44846
415987
503499
276166
670435
794371
420244
770269
199055
228594
165941
115534
498202
571159
410478
755099
604693
544867
79985
194468
899802
828179
630809
740085
988498
363407
907387
583530
972561
466339
850837
696635
44635
626711
698980
576424
596490
558636
764049
724802
369863
748278
127563
266003
591478
60305
391856
715115
162606
756033
971108
657352
335397
235178
320133
576289
282795
767336
527285
224527
118925
914764
439574
336217
260634
309492
873172
545690
507778
427078
242203
352593
660377
970953
113770
70277
997435
660383
532991
184467
665482
664483
239282
604693
683539
568923
40094
624753
750991
287514
188794
796411
743173
209845
144133
186312
95501
38303
725280
70352
723695
716644
370997
178815
977449
363007
595221
413528
765455
190872
763616
849222
55309
5405
783069
604609
692936
199867
111978
275929
663075
443065
677645
577763
318174
611953
585448
454461
408984
957613
496459
92222
617141
98970
647716
394239
47322
978027
185681
449345
841365
200397
368150
799737
284122
675842
687786
56767
66921
549277
124396
717007
244171
623833
957747
582201
717050
552789
913282
202027
101152
732592
470491
909465
870200
65853
291562
25606
275025
175587
904738
406002
250097
632148
127462
622240
491286
504744
751581
853827
454744
724373
908328
297988
87530
201293
971376
424819
541951
271668
334424
265735
868233
61565
378962
245011
538396
944032
855565
962120
531953
850618
271052
173985
358855
346688
799762
942063
577124
488865
401401
870593
89658
769912
508771
748719
784868
635435
330119
775363
404239
983907
785517
116229
611254
165480
976053
529954
599941
626263
189649
318264
162527
595075
575506
383873
224251
342118
191904
258457
45545
974722
747588
866093
168435
892505
640095
446530
261150
286725
318270
917983
643216
362741
165317
715609
17291
323268
812167
470777
797207
851703
594808
136395
468094
337491
50298
978054
503601
478809
667923
453075
661257
77472
995648
860540
73895
137869
7203
698354
326716
158640
434135
799611
512612
553342
711588
566710
858925
998695
301070
413324
995895
555412
910216
458357
958963
882111
799686
658340
450189
254318
280688
171792
343270
176653
284082
696288
273466
73511
561328
844531
548321
377985
211095
250313
256561
984019
35535
957585
884544
784164
247500
859791
189255
545152
791428
736873
567330
540377
365051
245647
989043
566520
628217
527366
3815
681566
141022
655439
511697
473403
268812
89656
272114
638474
92930
659582
267802
873031
235465
332317
394151
681294
184646
880567
281644
920274
437872
615964
79278
47542
280540
209916
327624
206795
143797
413798
910958
226343
203399
843196
875022
491742
200058
507958
383762
349408
490779
791887
4546
205551
667990
373391
85895
518586
975872
613686
837258
563163
27793
985730
44027
87978
779375
235998
712430
177916
881829
886823
160159
814524
136690
562459
921558
805987
713214
292064
867686
198551
541544
672623
120399
184222
282106
661339
940931
771261
324414
175490
993734
823729
471658
53326
516718
171017
810870
672360
236874
807390
221134
992571
734943
811568
817187
905120
683149
765343
343580
758059
5329
969155
917099
998865
189412
149864
192570
45941
797248
165353
161795
724302
184322
112935
487487
8437
565867
566439
789878
597520
147904
620102
776565
760471
382162
239705
67678
465408
510424
57573
918553
495819
405240
836599
400361
202284
807716
746850
168985
274576
223457
291539
264340
869901
763299
467346
92756
319403
810581
590487
755059
24009
883765
620871
548189
611630
370715
764106
368231
655469
495769
766793
280184
922804
672190
337417
93925
389681
224885
689439
593115
70496
885323
944719
330165
719670
923598
761093
640238
656547
140688
951535
645104
432648
545099
754549
311499
382389
515806
687062
571329
659357
837430
80416
782334
786905
326344
785228
650277
648277
802810
936308
102981
50011
212257
244401
833322
335930
230245
52373
532048
798994
368513
446274
467443
313535
482727
259685
794242
828768
857728
149843
428593
538307
846929
838014
944493
621807
74041
908115
396203
163213
69719
204404
221530
736755
138312
448141
691255
215502
700750
28309
895870
299500
808844
780963
683006
70052
31342
781482
28870
746082
900517
55123
769019
909011
734096
663925
200331
380329
99702
481972
347964
470859
85360
989107
966430
767709
110436
192951
905631
343975
181163
584345
292221
100068
77972
612391
967126
60394
229058
796569
524315
504048
890672
484523
37859
387649
297045
7195
515484
176892
807459
119873
604316
400453
950377
505478
502933
679948
687576
815298
336615
206776
720034
436598
129168
905583
337278
328355
55678
773188
133832
895173
162437
262462
590342
934831
323500
476097
128134
797956
485602
436892
100259
90127
761102
406254
946982
455936
588548
954549
341640
131780
32275
244149
107221
483199
460923
959169
886701
15145
130876
271465
256549
178882
364745
118720
639626
49331
392156
730248
822981
396675
270947
573436
592346
192242
540184
38970
536395
947958
544430
222988
431065
331087
273191
491858
704938
198601
10242
124621
588294
99150
226898
319754
41915
