863
141815
73339
765792
147900
800846
64793
942465
34147
381860
657894
164760
468223
187878
740664
683322
510675
228327
190111
194513
359375
670494
433558
867426
222229
586496
522837
649143
590425
21691
834628
694893
266977
478668
952394
736540
703788
609981
821506
146014
473775
377599
306639
171198
542778
162975
311494
806143
136314
305064
652234
399302
391063
924886
61046
620325
175421
261746
477938
887556
669240
586127
634088
265582
193913
457055
189265
11958
79222
301042
153513
500036
574125
319629
444737
717119
946952
962083
646131
734808
705820
926323
877807
584689
33483
350397
185844
478249
502602
226018
334107
374662
583677
265879
969805
823037
967743
82181
403477
604896
664637
959873
936784
126052
182082
239971
960385
440846
304781
347205
338817
62266
903710
190746
613971
878088
383056
266664
42326
651236
259935
789923
193172
907823
538059
588584
550711
363791
101846
178194
332954
151312
634151
790781
94333
925941
293073
11477
454547
667104
928493
653593
116406
580249
136739
147442
558138
385086
564552
741034
865631
257671
471457
538955
520672
62197
34950
740629
581608
446295
761058
479387
268644
169849
188247
316154
489908
870377
868414
911991
197115
747239
546252
249972
692693
904168
230672
828367
617512
443783
341912
210007
171795
508105
746996
894764
13828
872523
61394
857970
221670
992586
963848
911857
705207
102671
164401
982541
193527
673525
467246
458141
923900
423384
964110
131561
364643
145180
377096
727621
837345
145751
974821
730884
149815
466332
10747
915099
540996
926117
309203
65940
688436
524380
323692
996779
851478
977478
862489
398665
821068
14029
180165
734234
223195
860264
829143
838669
896098
436649
268336
567592
27176
316387
768529
416133
227598
652853
977306
361644
214563
576183
818285
519310
258582
222593
914865
58588
389702
785363
434355
496258
245686
952932
762982
539844
893980
184586
875851
991731
365400
187650
64172
446603
924994
565661
804034
112428
586332
676552
58486
555571
535335
631734
359684
60533
45009
839532
808252
554776
963723
61608
742883
2701
30457
668975
235702
483437
115715
371954
175630
217327
947657
929244
481247
240708
641139
412731
910554
131600
626726
479816
860979
17348
572242
487956
856124
139868
637992
467217
666160
726962
497705
182331
948749
705662
69338
358113
648920
927403
818708
92308
967620
657942
660919
18603
197933
452389
672831
62703
236607
873410
638382
938922
885876
279795
344361
831303
156730
157464
940895
158374
392690
308160
309220
733247
83029
866023
531100
195696
184625
879120
317010
255716
812753
389051
14312
34018
381883
215300
616681
126447
194195
820376
486458
463393
237277
165268
238256
366786
71264
550972
763
854493
973925
616724
987455
306856
183967
266207
527939
717581
522532
282481
978370
163863
590809
936307
620063
347894
147501
876723
886
959855
419836
522533
632270
303458
827091
588923
915050
440121
52883
919580
902654
297387
922734
706499
967679
691882
99471
628791
988947
362031
57174
124643
967400
812831
624449
634641
674785
5082
972582
703367
331754
109665
141404
535998
491308
20001
359994
891515
63516
361952
944183
377229
756974
535235
782577
289186
550696
556537
722953
284997
872721
430536
929579
41336
731464
834290
162603
571113
502768
713795
142987
34069
161801
280634
947353
638902
190618
178962
330933
698282
963018
947052
437168
295074
201487
608346
719569
425475
36798
73098
960305
311580
584832
242125
648070
253765
174245
6211
605308
533200
386770
207269
189183
653935
52054
892911
641622
746402
179931
44712
449961
791002
859768
919119
145571
502063
61731
731300
853426
759483
272004
905488
162923
74193
54564
608497
850699
873245
670148
467398
440729
410010
977163
136244
638247
746218
359703
160755
919158
390485
307572
628696
883385
989793
251050
948799
260274
227593
878960
203860
29497
201822
341503
818046
677403
664311
729090
117097
42335
799062
86505
83311
570788
49881
472221
463011
601126
803993
567118
826873
578079
29667
70248
286101
85770
48081
917347
40943
496962
469572
759994
785567
813322
508799
675379
483786
508454
513699
194205
153257
826214
657027
261080
286771
734530
218083
925838
739111
413729
799442
854464
934456
101492
374433
7483
504276
866495
655423
476905
620499
979704
235378
512835
733689
508040
957428
366948
495591
451310
386088
98041
213925
757315
11127
421973
749828
869144
363724
326369
917299
629627
280232
664624
542241
775961
58914
688177
788233
981757
839039
491966
934943
416758
142826
104209
501077
394327
334800
190806
544202
435480
611802
734043
607632
788314
681288
644579
46872
52360
617575
188442
694332
230105
625390
256996
255273
277745
844667
809103
385063
157351
956837
260966
638983
375842
828605
919207
384808
960476
925158
644172
864549
305289
666894
541381
282527
108432
719752
734599
50786
382520
82760
595774
159094
505950
424506
926558
567877
501346
588927
467287
974627
506082
187269
96999
630399
622686
814849
342857
416485
289595
589324
426315
299822
811747
126039
166525
556997
91209
944525
17285
771286
472714
676484
142480
618709
771055
336542
924387
989607
666511
359426
511632
101041
277842
610674
808579
297084
238928
699530
692860
785090
567767
31124
523031
19416
73931
181962
925895
592823
929512
262249
716257
155240
882596
977198
776340
213644
682351
137392
461687
48837
602140
215577
3003
315717
265945
140290
183039
786289
221530
706858
310723
403377
167573
836051
343668
599895
702630
800250
378725
189161
568786
64497
205855
132940
582504
590106
187727
710799
456963
247042
997021
46610
596077
717975
400734
381330
317214
757320
123167
234130
377890
45176
200290
941414
401624
213278
266981
629023
426198
858939
268317
802702
360234
184569
787650
626359
904316
903645
518724
503828
113935
478185
508955
171778
199782
555217
726780
736396
14659
883095
302823
50003
735178
788357
242909
199895
236997
830023
370351
574692
796929
341730
638898
437723
208469
738389
340495
934172
590018
946058
101559
405901
162230
199033
535539
980874
984427
382682
907225
53481
660141
702468
992154
259368
114552
950247
378233
787061
