9116
665154
63101
303856
377247
170769
85370
207975
691115
902042
788133
474999
431725
724271
181678
70581
252098
866310
10972
160697
897965
300961
350834
683037
179335
403104
626476
333780
392595
131871
206696
715108
713712
554381
293090
246913
397543
385611
629848
857800
106724
834940
492364
603413
864706
953647
932200
206977
44287
746982
578619
640059
816143
655363
941986
761794
460428
744398
859202
982332
70858
323813
405745
632630
157385
452609
563252
793465
536067
660128
30051
488965
848934
741076
474601
271085
7708
175400
541352
770574
974661
402154
206585
967789
629382
443546
308496
209836
625787
73325
97726
458153
308680
437438
709073
523444
577421
804882
195990
444394
608824
913542
23167
270642
901300
702168
956255
371092
589758
633614
757521
830257
916377
484550
455417
48803
247896
464348
505378
283761
480600
301105
445383
951343
828560
409374
107949
748016
69761
706613
147565
696617
423303
252976
823312
108580
931602
905849
396819
107805
230702
469653
305481
236925
237885
990254
736608
748336
738375
574523
684475
630565
988200
867406
665663
80162
228520
254522
251306
341825
885992
925278
98589
692683
335031
219475
699450
299631
456132
672494
941416
106974
487854
714482
243251
267975
30711
447701
126225
588586
165848
260845
889920
757275
666734
928439
148938
973269
80850
182212
528746
563577
627590
48449
811785
592674
941002
347105
5601
124581
969615
916457
309443
392682
573123
287703
919283
969121
58443
783792
800369
325988
410639
977957
242195
989671
855086
301345
969165
253278
474131
171762
592083
789676
901471
245265
629653
632259
775750
940496
986921
735580
233526
365343
971143
358548
508209
326906
493805
802
364987
674355
416035
928945
826159
412055
285337
14750
942701
586560
321452
820048
413294
716535
508167
391726
800056
899523
206694
33857
111596
165458
70774
596328
948285
213699
797977
154866
852155
556430
995077
632860
734861
22673
81100
436198
68030
673847
755446
199700
468654
628231
49610
920830
630249
92807
55916
25684
908052
627274
701664
734770
925059
841693
966380
987932
714664
18378
902812
135382
416039
19143
488863
596643
329093
824255
367823
215640
182270
351930
348814
690843
348149
538155
70924
183677
834310
248086
301796
871346
355767
133340
949670
190441
352974
581284
249456
132940
895420
126440
52021
105558
550007
396697
848223
248907
624101
225072
464529
136473
250356
397330
74885
740041
772038
606815
858197
290530
340490
116120
901269
701722
660774
197610
28893
707257
863824
14811
173668
581261
569916
213904
201991
695876
999216
45625
603818
495017
75251
966041
625525
141822
620387
933877
608832
680242
750118
261593
269961
228031
72185
198529
933410
98978
99748
304043
159976
817784
337038
945015
614253
501682
552492
389751
91191
536629
135893
269081
714658
573009
534322
570030
988128
669275
302673
416086
549089
292008
490968
944778
85133
628969
556182
56774
657710
754974
156085
432145
196267
603768
471948
653482
173039
267984
569233
508881
538409
590461
374764
173615
681004
629653
326246
784290
106166
53636
696704
745577
354381
851906
745696
555113
787717
626036
710310
423578
320415
630945
177566
523857
348620
643343
72014
36778
768463
467001
753198
403153
731136
188272
579063
826990
512300
510220
308692
863531
366938
228556
998901
669602
185705
310225
86339
227368
506900
410676
623406
937265
203160
587327
691553
80222
501036
389647
44247
411946
132271
750340
10631
452204
252832
255586
453691
131849
873734
987399
394687
624762
124656
377673
680116
138102
296983
379499
566404
224508
305311
787900
193327
364735
884668
356365
635908
498861
277234
657293
921068
151454
660404
624387
221985
941526
583982
856742
478012
706103
735007
203932
509035
211974
619229
15438
3649
426519
912444
785060
963239
200600
73610
338082
208240
414648
261105
82974
992715
992178
214400
474845
613713
536570
137859
469514
535934
923842
276622
282386
407549
708073
263129
972638
720348
345153
840453
853934
900447
864315
201725
713807
239024
510897
805943
156473
285940
653712
550554
659335
337720
664609
138810
725011
8202
407474
432190
13933
825252
220581
798883
520184
798980
119316
537561
257442
676055
115616
915915
230206
786707
649365
94524
104896
681700
925371
449037
232404
707390
947772
317787
78683
80017
850477
197701
470979
923675
450042
446539
167553
137559
926643
791378
752494
489555
972205
91140
158972
213023
716630
124180
221459
65697
300761
323807
556876
231814
938474
583086
275400
271827
522350
450456
131886
330009
480074
92996
103169
945991
959239
590348
245082
111705
284191
222526
237254
197935
969767
822396
532094
271160
465624
882627
418879
277645
328315
308552
109446
972954
318833
356158
828138
882551
482588
893941
639573
457621
706350
422236
852000
41939
592012
575015
901963
232432
183646
857611
248534
661211
82998
668262
977214
531687
16410
778813
807575
999258
376944
715997
641666
906212
453
537826
244556
186989
567097
181014
477987
566215
206987
737713
826742
48707
629501
596414
721192
239967
360739
528671
916656
664413
638542
648167
110672
292975
928399
223653
272431
5774
202218
314368
628437
175657
533977
924414
922115
12858
844857
589343
722157
885685
969109
294566
132949
460315
261454
391415
316741
541419
606308
430683
480809
253367
769379
733921
692550
136468
73004
82720
373595
84523
539039
537815
964371
355820
330402
896181
46371
309539
515217
930292
935622
950435
76418
386271
966931
703774
347251
230325
669623
293462
57683
55078
572053
421806
355881
509242
935479
797466
651749
831249
584367
594677
317825
988997
309454
961266
726484
744363
877120
336490
749043
710841
224643
761939
200964
467201
239746
515985
748192
816027
947858
323302
699044
182242
6920
301958
878933
204116
801652
309638
247789
818077
929535
743922
904646
490349
338588
148989
580962
248261
259438
4051
182037
312338
438966
768907
777232
797168
243639
392120
38282
955535
42729
982559
361612
609459
349781
378434
763418
2453
382739
903451
874681
85991
889886
578596
459937
40309
963857
61139
757889
440423
545473
363172
867434
542371
457206
152142
331801
422095
331654
749207
884388
719988
236112
545091
351039
774334
632978
369128
117419
724576
817064
47517
640317
104788
419746
207121
484679
416320
271360
909623
787941
589172
192076
633055
429925
236176
298644
639584
880852
193027
574275
415922
288545
540590
806108
733976
156401
211750
911122
867770
478142
848408
256966
989137
891756
740615
197981
187835
968810
748210
103741
733742
187905
532753
514469
123017
97213
682109
352358
978886
712180
506799
11010
582860
950583
982304
58080
792417
851797
939024
391400
817021
888135
709283
889793
725177
360763
72613
279460
182822
145344
574830
906333
801595
121674
67297
788702
561446
998179
645710
687488
554627
38831
732216
911703
980906
9242
166064
581424
69347
932384
60128
816298
226869
527288
816420
74478
472155
437406
478546
274316
874264
428475
871066
447923
749922
686708
719113
771789
253561
920460
152424
709749
630363
618999
259777
952918
421968
452668
417793
546209
247072
973829
945273
102186
723557
224198
151806
368224
762875
960712
502321
247783
917843
473745
819737
59860
367719
476594
185260
988868
293448
171117
999725
931801
120851
698496
785967
567570
247682
358354
853367
192838
985502
595385
982399
648573
827474
6950
553047
315947
296987
941166
23206
729610
871260
291381
194127
847891
118287
318137
478575
790872
474069
413048
380738
762817
603566
17600
704741
725985
42371
318801
772150
328884
371936
344496
485783
772407
447104
886091
823890
613476
97985
447428
272343
313225
578039
579804
747040
422340
272348
349949
937205
924509
833317
284387
786315
288000
893104
42344
668168
275733
253977
663916
182690
84350
623915
401374
725605
591020
912627
840553
183443
968094
875057
39357
20133
527992
10088
210424
112368
51964
779605
693809
676963
290983
865340
830113
600365
969194
273117
292911
417787
229252
13830
901847
875359
92344
630338
623350
951116
284848
865839
68468
475774
849198
76909
38222
709046
235819
81906
703678
131427
917902
816763
336714
202524
53514
916957
716647
326474
622868
774778
929159
654307
224704
576974
21958
627153
58999
811049
474604
665585
874199
369591
244704
365367
1703
863035
153898
273646
784501
439899
987171
953437
725903
74004
965436
330629
646170
667597
840423
122248
999058
727242
335141
628964
836510
765111
885421
731420
78927
331044
713910
927543
506613
520720
723169
194849
751454
119774
334790
807920
685420
739685
177754
750082
402
70755
684730
624962
66091
277969
170390
448585
252150
707473
124285
453089
510066
579139
27008
430820
987090
535032
582214
772995
545694
890046
647724
246818
171494
393818
843926
985249
47970
284052
129367
884086
89707
791660
786169
437366
485264
302122
951785
961266
750998
892883
980034
482174
993296
297976
93556
126157
907158
187560
682833
278392
334053
309253
73268
831453
974931
419572
335758
325668
87405
796078
390350
626461
434799
31732
498732
264517
243807
555679
274643
582888
428038
231573
982569
483552
777932
845080
177276
168315
803567
711480
845130
646459
692320
870377
930029
680118
268666
80303
446561
215774
356703
520181
540979
393179
163697
800062
593801
678228
679146
361906
389128
817101
467737
564442
320037
845867
103034
26791
171276
877010
811824
453997
680806
481839
59553
272173
63435
197458
66414
381391
934596
743218
986445
876590
973179
530517
269574
14478
168129
218375
689542
753961
803836
694151
17699
499494
387755
88514
935533
587435
216152
528183
474413
467401
254489
187705
951485
862742
600834
470419
146244
439129
301162
800197
746828
960093
403288
972653
147137
803816
183115
310401
297032
473222
843491
991417
690041
270718
402735
445577
931259
168934
554324
149964
271291
62674
701654
839612
27464
996328
779334
684830
183758
481615
608585
583291
634030
239366
957824
578760
810870
617489
182041
530983
395650
21901
407858
601606
634478
512677
242661
135270
118262
956381
410036
901750
670445
616140
640722
343837
475223
733543
296716
847959
713443
734391
648274
166071
115208
904364
475942
891402
438842
844556
312672
610844
884617
962692
608283
626900
467095
110879
381952
318330
782644
907988
440621
549273
374936
698041
114241
589312
906236
241302
508998
238754
816597
514389
723964
180637
577709
479701
803134
443608
467552
272797
913363
73157
699377
789037
89108
169798
90951
425713
117685
323691
658439
572879
82609
71834
540943
101343
513558
687816
732427
438074
183786
392995
735544
594155
13945
473810
887859
216899
367036
36308
692221
188105
51688
707205
64078
493389
488336
333567
601298
814173
827191
752413
999876
493265
50870
561755
290406
577985
810566
920345
504410
535063
2155
168958
214432
741695
417662
774138
88557
40059
228117
113507
369060
84946
110224
710337
641908
804200
772483
886693
821005
74217
966459
143220
212415
645407
634479
27073
161970
409956
674821
739032
665660
822705
263485
864344
602786
628692
948606
595192
239150
401216
477883
526058
708521
664318
161346
83420
70390
506434
776097
202331
665867
285017
681973
450898
496972
144829
792784
35505
889222
302283
930438
311721
300933
607820
789781
930067
849170
816239
160622
404400
910476
172760
497508
974923
501345
508177
3632
341755
681962
496222
844382
796357
558369
439023
647000
988190
503871
277743
401038
359757
19126
143546
316606
318319
300616
657707
451173
800724
290307
756114
120514
609927
403929
384133
596675
777644
619232
812430
85391
734209
191266
17154
902511
205831
991458
51697
413209
245946
549036
927545
328923
333307
406807
924789
685985
740751
584731
180435
54435
707456
650441
189699
446765
329441
945835
159116
61900
314287
582904
508984
475346
457683
731252
852720
209799
367940
951458
497634
215660
209482
290855
294814
315821
338333
197693
140417
957666
257516
612048
279368
172801
123833
934264
627846
829156
9633
187604
268464
68723
862010
70207
864598
655022
445205
528946
445676
605978
437474
811126
455175
64197
36851
485636
946979
933686
938713
391675
929248
475318
344426
596028
623758
404213
841317
144549
326493
65435
729516
295657
562999
3372
560047
942537
468777
940055
404074
191665
457212
925979
104772
81841
913890
320919
102488
752790
808652
59244
79761
123557
952281
250704
365487
875059
782888
668978
997862
115364
212430
807814
903525
601854
440291
99244
279668
727657
214839
337665
107510
83845
89506
874113
254094
635944
355961
727574
664414
771443
867165
302978
31147
9167
206829
899814
853596
54921
70619
354093
285154
464328
337500
48536
250161
654375
191801
515558
591851
169907
88259
320479
518110
248898
560675
517693
187876
820910
82192
239160
667881
232045
302425
529196
880202
560590
577378
176938
879512
821906
955371
882520
658043
13285
348364
478789
513267
18424
514429
763533
639930
622332
660753
618277
386822
905340
146883
854532
740458
625431
97449
889199
721628
957785
913733
751135
768401
314230
191995
70544
996165
979106
333340
358057
222615
778960
452000
619395
546960
157252
608179
574743
724420
153367
97318
56905
879953
586055
991302
934475
375940
541112
173450
944879
825052
911819
970917
182541
580134
511642
195324
78861
820295
218765
661490
987986
44696
79196
265950
112260
120491
579361
248926
986167
145644
397336
97925
637117
681699
368183
29296
54789
659158
123236
470966
93870
620812
956056
715261
180652
570860
362382
98218
432789
705795
986983
692144
614025
235108
45661
876874
528892
86761
484258
316483
580002
791256
86804
803122
954933
59298
517215
451524
542310
841605
730800
888433
953694
463760
299538
480977
247535
251335
23143
256519
112988
54364
764355
132763
504705
373597
415656
718438
241569
787118
641690
232358
809354
46955
459551
52530
182055
501807
999701
93959
511330
173299
416559
420928
547379
80718
312845
401060
537290
760282
609848
861081
814293
717879
857207
70839
772398
758569
115920
559416
197092
336157
416606
983627
929637
870345
732940
639943
387781
125297
344747
620541
371757
395013
512694
212838
134371
399399
581151
635579
356209
656651
311573
409764
573493
939960
473941
578696
117189
511851
641898
343811
498492
77402
445827
991094
630309
802454
969263
52151
584515
331529
661559
730857
214907
472799
882840
202663
40416
582658
225179
798810
619736
971389
282707
468651
991599
69122
540915
665169
31864
927495
294409
272011
209435
435338
813275
530858
788672
44278
622940
975430
918551
233054
300107
709521
367809
480165
935145
428808
810014
166464
460821
359749
465908
293268
858949
751730
54072
680313
221667
87064
13629
773728
113666
86805
450230
520081
687611
516524
276841
889228
249768
449270
100787
684625
20668
837047
21362
787964
105470
927500
325138
501320
524768
790527
178423
597876
166016
358973
29188
468034
44858
762207
106119
289884
219751
633124
847361
579346
262199
932928
956181
482238
126951
304141
695307
728201
741086
338656
863490
722054
297834
193591
311920
199292
707986
106446
266199
143361
215703
110864
513415
162305
931788
624043
997193
136478
432207
655356
627439
104945
608419
532394
372086
189487
969771
82958
418965
611560
472773
612816
851557
273960
729601
946061
264556
851776
918717
702964
983367
527583
616670
910512
522228
536345
701805
143231
996090
974858
132555
901090
744565
433748
413075
633453
407297
392899
911883
410110
364227
638738
187269
899594
538831
632135
701208
743827
789881
916409
706166
617014
358587
361074
387050
104096
211584
116975
477297
225377
984587
196228
987698
847960
488583
970460
727258
796558
766379
444318
327512
778784
298441
659500
420594
843219
376692
766213
319682
69772
401868
711178
330065
470807
246568
166814
28943
516069
226590
372262
697388
743059
763889
84016
498005
318693
675800
806768
403086
118609
869671
880932
204712
785848
271900
423321
324512
559855
250761
897288
564948
166972
573273
159448
356322
487133
372544
797703
443103
482689
33667
634595
900401
574810
957281
641970
726410
202890
353309
576753
640001
208250
127465
29306
7695
785034
433136
56062
906530
919714
411008
923058
957089
310439
949779
609479
814909
670794
915321
80849
269040
429498
559779
50057
664086
180282
628622
51822
532068
616076
53065
225030
284361
8909
623653
125378
24799
504026
22201
303039
298574
432496
152143
892521
435582
994578
239535
953914
302070
832611
468805
495904
548950
545235
167985
648765
732845
100598
685547
535048
886904
67376
592273
331280
107768
720845
597839
52001
623791
47149
218346
960191
665334
347164
855273
239311
872190
327232
134368
274709
644769
73899
771034
211032
784356
32401
489122
23266
466252
707475
351342
458660
147673
580794
841769
511030
387747
472831
369628
977979
221712
927366
485816
169763
526832
387756
296194
679050
795829
601077
135323
271678
91218
15400
131819
956701
865646
323447
138858
160605
409157
230357
905163
943206
58076
472300
687877
372826
16223
772711
643134
180
416792
385770
421207
322318
982286
89058
896718
381692
816504
326326
311764
281878
998236
872220
562476
257108
296201
4425
225468
300689
535917
32320
621748
34930
124628
367948
831448
969888
393982
511369
704619
432432
449371
805788
582586
692452
668325
866434
562754
742475
130394
87942
317631
49923
626453
469452
414866
761055
387528
606155
775693
981027
328792
229400
332318
510956
173525
524957
296727
389933
754837
458152
451286
966676
373932
996639
722070
909771
36745
718226
145296
976922
854832
347817
119247
540073
268815
940284
846415
668835
716288
717314
918609
591415
399642
493280
766718
183224
830324
295715
359157
224996
922935
113481
313203
448194
429343
309882
581918
549092
628238
15124
422766
765388
411725
973348
267705
113707
650464
397488
56089
258565
35972
866928
20283
213104
43911
779166
33095
351802
762372
992867
84903
310250
434362
183728
588150
555807
251016
886830
577735
523222
469448
85645
608143
270727
93701
907193
915504
650478
80154
869163
280931
704743
966824
212444
92800
288050
723443
106196
297069
306007
196890
380960
838369
277411
477425
831521
669588
161552
183165
739073
110597
176706
949643
757761
606375
689134
456685
301806
508585
34837
422098
658803
465441
865454
689473
644359
88660
219810
546994
942918
212900
360433
234505
922014
434134
828082
975215
97376
556735
497207
982031
181878
570060
116751
467882
278388
567658
625061
666264
507719
542744
168005
753948
420554
822343
812735
285986
951159
534954
804516
679575
998138
423328
69613
601957
876577
642428
952508
676170
162160
421293
314
586516
395026
678671
326879
428987
639977
740045
97423
219547
10246
158960
279906
877900
240564
517129
946044
182751
178799
536567
913627
749496
616818
876822
363120
454979
995182
535236
253796
99476
519254
292753
130555
861535
722071
978306
854230
624464
350374
781442
820818
202569
56433
155942
250190
583350
884471
727643
816203
240781
886963
86447
784748
184231
712179
827960
957404
718454
130696
957029
766606
423075
830934
447519
604000
794309
64331
10843
492185
798719
93421
691071
85329
825078
361227
874286
778288
631853
534613
311090
467022
464192
18120
744901
884346
962234
204737
360892
139030
607571
408371
934225
848607
193801
47284
883915
826635
728793
627761
353228
454859
763738
702018
683959
427696
72631
85657
628667
595242
108103
242451
976897
69163
741643
474033
207726
313130
973443
448480
890261
275587
39085
316788
856445
631803
12827
45812
402889
164002
569391
84686
699722
850705
117302
185451
881118
450131
87007
116253
946242
877408
911447
387061
805372
38980
336770
428978
145246
12255
148567
778451
636151
345157
158168
970958
334876
964869
526893
795225
872718
795655
924700
251941
896648
475023
26023
36458
262888
397790
631235
943517
673207
381815
646128
750719
566551
449599
378873
612047
995592
799614
680714
529120
847574
513602
467945
67397
995939
464418
460243
425448
66701
151008
933108
118458
409851
787112
644609
559876
987017
785781
897398
96349
116494
136211
201127
182324
221318
894271
488133
228045
479841
337770
662960
559689
228903
344860
943795
723933
370310
573622
337889
789093
750265
184720
217737
389265
810071
493760
469144
899261
518966
13756
235532
789983
537274
981591
212369
394266
673661
191015
113658
331119
71388
866568
654749
381011
114844
542713
717643
429723
848056
148003
864042
994579
661192
396986
301233
895279
240079
128060
39168
830361
28833
350167
388826
162601
999727
538599
534656
216307
417777
88605
326187
935097
801646
867387
762341
273089
233899
292859
328772
330946
631022
663056
344708
365304
419117
111620
19072
486807
834328
554688
893901
474587
665920
387754
617203
12862
767843
91817
890313
695491
174677
683012
421740
445744
307403
73832
680795
873369
736711
201864
28274
208470
169564
367263
994370
435862
360861
48081
360009
825549
120358
19567
942675
426505
681670
966809
647340
2210
475720
996030
847680
940496
136220
835199
881810
411479
443431
283250
602837
919133
394660
254659
617322
340252
760053
56948
574263
341618
43402
118596
984928
660309
372716
609646
154917
834021
234023
86024
772696
965658
780498
255116
492665
942812
67836
11956
242608
79666
973237
580094
671014
427986
514294
368911
339072
310422
561326
345588
947448
761680
934314
937475
911194
484852
14047
257056
984473
212724
687319
666652
100107
916265
952310
368183
979208
109676
84073
931846
353562
755013
341418
941872
427553
901627
505649
66066
886150
932042
739194
522243
612634
222515
188079
817137
104330
130413
354227
218794
309697
474553
77259
853303
560858
641747
816040
701154
674688
224772
766485
52441
832293
479893
687673
577067
578587
131230
166410
673839
814610
698300
62607
904452
442223
922273
544463
214706
555333
387524
507483
2671
42482
978042
489653
782526
453849
347613
564700
707378
864119
251496
921653
189713
686820
582181
197144
292819
370536
477053
169011
129034
204280
471279
111519
296603
144396
562908
927229
698026
977886
948030
516748
317844
638592
858297
251403
626389
302298
637706
218949
608267
336704
916828
746942
717074
938028
865145
855928
627277
313565
167901
230882
828166
209227
26214
1822
459117
184133
604904
517742
493053
762281
827358
270458
406204
505856
894907
806336
881825
340659
828702
598488
955663
694702
170467
570979
347520
991120
312022
26576
266429
451788
172930
938570
594761
240159
316968
140226
68638
526382
915339
241492
517967
131003
721448
77528
561868
84739
175939
697608
836868
151544
634717
684873
719653
446550
489986
99992
273407
458276
948990
846994
970886
496906
576944
902175
694454
651401
917110
430780
852561
485338
100168
500580
835140
747239
843937
453019
933416
892192
267159
522391
119139
547324
833036
430795
61871
404045
544893
526289
660403
795709
641079
612851
787149
508586
11690
851094
417713
125212
796694
223939
665515
585183
517282
900883
269696
648962
83531
725495
867059
917738
628281
960417
715555
470931
620078
346323
863185
798373
190359
404226
982720
391919
46469
205414
572597
20034
525237
739937
259422
815404
241931
619145
609359
337616
6494
905044
478631
413919
288812
273311
310545
237557
181614
487387
878054
886610
497543
276884
838768
118451
721750
806559
425098
274124
536426
313568
452131
30437
121813
279414
698785
384526
208665
346435
775010
350976
398400
120411
957597
617490
709704
549896
594471
529877
964218
547767
984210
428236
979611
180228
342128
478795
138684
601117
995253
625642
855404
537749
621242
606118
739726
313863
477982
349398
687941
746853
446023
839813
158411
839836
694470
906992
664481
770662
725273
971869
30561
281643
381961
652054
666799
324052
854644
833601
604494
622319
55909
659805
34191
255352
917215
799515
768931
303626
30201
91286
21714
717410
440355
145905
358725
602955
211526
532364
945213
356204
702794
841634
955046
390826
221937
79683
140870
868155
615008
916584
784400
544777
312574
788472
272149
982526
416629
627798
588442
72306
988182
370661
296068
722159
332121
947161
170992
395869
738049
780731
768863
618895
800478
116153
970574
624424
110380
263783
873572
801835
515929
576086
91653
37279
188196
761551
941700
882971
670177
467437
192437
724275
678617
441172
168224
898623
458702
608785
850449
551172
804252
63568
597644
205762
772026
257972
772381
76634
880480
258455
341966
462041
493571
156062
197938
102501
490044
166519
529183
387586
545542
410290
254457
212610
278822
668217
771048
550471
258789
673261
626283
188278
900217
358687
406918
104890
151490
416104
572375
431026
667952
465126
673927
759608
766017
435859
386332
311567
45224
702723
861482
379368
707593
35642
345705
691729
57377
230375
953250
350011
232259
492609
148868
903142
105213
690365
920467
87979
414425
946473
655232
402598
490559
981288
983891
502590
597176
550475
782980
577170
726541
848392
621866
5505
575822
758233
526027
422358
80814
358131
760594
443279
492620
64865
810526
416520
298381
611453
776951
232777
167076
248459
635931
544552
877171
775666
820535
944028
393355
953240
496753
468704
865232
47705
216994
22016
598968
526819
572641
559300
684146
655472
671034
199542
326819
914721
557758
569744
790731
658228
49268
234503
458246
470050
997037
416366
255471
947992
722933
943177
259871
358991
892325
967855
439571
963530
318678
896410
941483
549676
261424
426127
276623
926067
5472
896100
700460
727445
224168
246323
87580
807221
342288
895258
243108
496386
65786
953067
487319
298861
888659
834807
923031
311428
418406
766194
362939
413744
469386
312067
905420
854279
24316
639979
976746
82319
190535
531151
548364
994256
773087
59299
523237
388437
694414
402421
714977
806911
852678
777556
162766
271621
532117
461019
726616
149195
667510
101341
998701
405918
231683
914286
378623
37450
888200
919500
98855
75352
196980
604649
847015
25448
511849
62550
575176
65958
57522
785037
305378
197676
878932
779547
525370
531380
223997
780328
281157
79800
860057
37028
611019
790184
368708
556176
469287
202503
110042
899495
887211
5987
797417
478183
890592
295087
313864
260543
985067
209535
966273
577430
904906
757791
767337
990389
221566
752527
568145
221011
351235
684959
10965
765372
140603
494115
634001
818909
134121
603220
191604
472110
716120
544067
966956
251900
577820
767930
746945
560274
657392
849905
465662
758915
817790
743722
436425
306263
99582
461610
245076
226192
362870
599188
651372
934808
563551
408483
43311
835592
58280
540227
139483
422167
439444
659597
135873
704093
738878
139678
725784
939907
750461
25106
711597
417098
519010
256802
959928
507252
348766
284952
425611
863314
50817
38058
167459
235
895261
887739
337505
553030
528905
898794
490258
170773
271553
211284
585194
198782
440427
797805
103376
804870
643124
226870
182547
556444
563353
753179
94970
157504
688450
539053
649272
658062
922184
983351
243454
500715
261079
319615
862059
264395
978671
971739
580959
329436
203204
716076
243373
754066
43270
924668
204846
331728
577531
238000
113266
761264
715271
422378
926482
735855
446286
938301
843873
525368
180080
250573
339969
457483
742835
923907
121297
579786
555647
858347
199108
264352
661442
590570
527757
980366
492852
321183
914678
97620
530420
586196
703121
905848
910545
398305
729413
98485
620710
998301
555146
55683
979933
795138
309231
183167
194004
973212
298264
700408
944924
795566
929030
569301
991837
540706
685263
277542
427800
176554
59180
213829
22085
741687
350257
333481
824283
708053
914455
884615
898286
589217
670389
636708
276658
737384
627406
596860
379805
890014
449347
418056
602091
967096
779625
548720
799227
808870
563381
287437
201175
271152
22228
195865
990353
676588
176728
951798
303432
216665
675212
992599
73418
701084
384872
577551
906387
208020
116640
630260
85940
634908
115478
294320
852943
179356
639217
543972
594431
281868
462149
154360
974484
27335
41777
886723
20475
37256
775688
411476
405629
727939
784295
711643
488350
810082
727654
133751
226341
559578
382314
590621
3196
69290
157142
754401
790573
629808
495521
786149
234060
292776
998211
688155
855220
444353
190601
502200
385321
96606
987912
135863
786205
597542
476398
793094
359182
103944
232051
338513
571020
554894
256367
483946
613400
609181
456902
942418
38696
509447
384574
124775
764424
316365
304561
8169
590810
44724
135902
441962
245246
482946
514841
884882
691532
502165
643811
661004
605822
144801
198228
480081
717483
215940
374068
393103
400302
239048
911146
105781
508581
214004
170188
315742
58518
423823
504021
867799
273387
24818
132212
26447
141918
557961
659073
849754
333232
270054
988106
758498
633362
391169
584076
189098
716007
616976
305918
397952
963681
463935
740294
577535
760584
774861
634127
570686
209945
565635
838514
459929
150027
515024
146001
515865
848045
185670
286915
602115
803306
220395
516969
320826
453871
804541
619039
721169
631715
658182
372047
903217
974741
523479
604575
385891
973748
62180
200586
214652
334391
613756
170188
157666
378397
44131
697207
251262
863886
568781
336611
123008
468257
694905
513538
284233
472183
700648
366354
398458
782404
496185
848235
573783
198254
544227
5560
879959
101773
142350
167618
252362
258835
231950
654696
481255
985989
47869
610475
816049
720615
476019
261222
235334
355063
130981
301851
301380
481295
718039
40936
730136
789229
275199
567000
710436
94352
51960
75029
662540
22585
858591
958396
748446
807633
603534
73737
902172
676649
647091
672625
934055
28571
569548
886351
534409
950736
196225
615606
278110
321755
482269
406501
626464
123587
645866
812184
102222
134239
356905
584187
310201
841561
631275
944825
377899
172564
340111
699507
906100
357034
470105
265229
35218
365070
607018
686178
820092
575505
46306
566807
467723
299712
969167
797517
906182
81322
617424
994160
548168
310015
168138
307501
498512
351891
899654
192896
176037
945154
313126
40427
827684
575790
228290
99650
747111
325348
776420
56099
510676
653213
611484
897604
701055
268960
14656
285797
315773
573253
968643
298404
659398
31380
342512
188655
45382
550475
946820
362131
425984
553086
699110
635123
493215
649945
270468
181909
766683
413057
356491
905559
911172
71705
555522
282943
75951
438945
556356
890160
809338
473848
737368
81975
330620
510786
248303
344773
548878
696484
169849
108536
425521
973356
431396
440274
151451
154958
505010
494474
206881
126601
58997
894657
143234
891369
714218
752909
847949
814053
439984
545202
471152
818920
654371
145263
622815
19117
616217
323700
786525
170755
831289
380017
129834
333168
283763
972361
696009
618354
784351
424229
610925
368672
114806
827429
380416
692720
206311
427506
747663
973330
571991
47727
568020
881592
655800
849742
282593
400889
201348
748607
29223
714315
837591
993282
804449
238510
458663
788573
659552
191464
977377
841962
121331
84331
623584
205256
196018
690386
573068
240306
499368
383370
604301
245932
793370
260814
921707
529241
541944
688906
383428
150250
18527
467745
769961
488753
652169
55882
840085
623507
983186
361237
798538
509788
251175
189580
163658
616813
248973
133300
524847
425488
798987
51635
318119
271660
190198
880843
346000
296276
718167
880324
578028
801017
603834
938728
171073
652480
286678
372648
103824
766895
139412
705564
612271
41984
810110
761192
51013
124632
598661
307770
265378
608209
976943
294703
801465
917299
683995
741653
179643
240002
512434
295819
971600
638513
912108
254085
986100
61364
794620
475948
74156
326067
899481
754082
543204
259162
432618
935267
989287
455501
808718
441223
390330
43897
571333
748836
129557
219270
810878
874640
39871
273961
559485
230980
230981
158229
144808
921756
743254
131857
513519
944826
3326
16869
101463
245323
594365
644910
777377
616097
270788
834641
777883
176128
429003
526284
618690
560884
904338
957224
121106
983839
59954
538955
323117
478225
987678
108329
940068
648335
404988
675611
528996
711862
515674
937416
997311
169210
522126
548607
779798
508231
401199
9255
229025
911880
862185
993422
436827
305157
747777
39709
228748
96231
470374
70189
177396
304471
231216
342834
362065
411845
24120
24021
371470
401541
441874
419360
535240
107795
333611
105171
157437
278967
824380
981267
441555
782275
299496
220674
510787
596986
268792
256490
987680
159179
771504
757906
186504
782970
59022
738547
37414
524640
488862
176068
334048
40009
415933
182130
319204
263227
795560
900972
935882
593110
489088
380378
838246
886487
263708
662637
387246
366838
434891
400977
895490
967088
370405
154048
782876
482783
269964
623216
271573
820740
491012
449644
120720
976167
813228
728193
438280
463830
859993
774926
162098
827209
97550
546303
553806
802790
971033
29203
221072
831135
737548
792024
623717
616953
325463
284985
78564
126888
863487
332846
377682
513174
844669
188881
533970
272259
418613
557649
5863
341063
486865
947519
703655
172402
581498
833094
505023
806740
267443
461496
813981
319832
573010
100419
194238
325835
973403
499586
493140
542523
349690
763887
83538
561274
315549
491319
427288
822146
500972
9382
150518
321074
703654
284993
751775
318647
874521
524531
893612
273990
626365
827487
305353
55429
736942
156500
863744
130057
245893
486879
145632
580154
997714
538233
922057
257043
349879
474721
376983
873670
617827
437893
4073
401596
356266
826074
410253
625658
395518
4299
243338
852959
753357
231949
322441
854154
585462
448017
654368
109848
835816
910803
948540
390091
862362
679440
445163
805126
281185
531028
553476
729652
211953
49393
788531
325193
449714
443852
857381
293472
763070
86289
353484
920260
670389
195142
782735
843979
473534
795325
977938
881243
20442
469283
465885
53264
265382
385398
806699
605494
51117
185364
632018
500145
68839
688046
449289
857980
114707
351963
306331
85134
769964
468873
753895
707864
86986
915022
286545
72107
696216
4253
553545
260599
981422
282964
636854
184111
571339
894001
587006
595144
793712
909477
680885
484255
49819
52545
772703
530106
327519
262285
342307
48999
555933
480119
658127
614912
636513
714537
416450
645648
354459
761715
386042
483792
520055
191911
99963
854922
385436
765380
182744
161695
966398
507530
925473
472420
71585
993645
115369
645222
124971
707044
188978
244110
589603
12384
320055
420192
817548
186906
855894
696349
625624
705221
874329
728841
531019
185763
801056
877831
13230
937012
791212
279520
409835
5384
457162
809058
557580
791094
3290
490085
121739
143269
351675
948841
815957
969863
986708
999387
545696
395174
865602
460278
925861
826327
274905
225926
740540
487115
528857
604488
956756
679043
443567
152366
823691
112228
497956
441087
906864
348000
55334
878554
555474
319764
542705
454362
162052
618097
123738
492053
148849
867857
382904
116159
640726
956779
66287
89069
137632
186594
440026
468915
607138
642615
763348
947694
236658
152991
413668
46941
631073
44464
162115
641002
503446
197493
630602
890439
593799
446432
400637
555124
620051
99807
773230
738652
551422
876039
185039
800607
415049
949421
609880
531691
908205
4628
192145
782787
990516
573120
413692
700514
894389
926889
825635
637432
306858
296011
871481
341715
563695
416090
334128
418969
830169
332819
40982
624754
476465
468782
293484
770178
292620
339056
23558
349076
831048
189148
391512
606354
587621
463177
901218
746416
237949
523855
81402
781417
101281
560603
98931
356066
173138
623074
691303
611754
383705
874163
692582
153379
27203
732708
820923
840826
79229
212334
207319
229009
270536
38101
242845
913663
536088
74047
575433
595693
321743
514023
352382
300321
940305
622761
646954
579927
594883
895741
681752
35403
16165
178497
58897
370900
127818
58350
520176
509866
19056
764397
751233
393800
203712
689410
892693
808108
705571
966438
700517
700156
622014
569651
885409
195651
156108
581369
394964
203928
595607
938030
647797
644447
601875
500417
851596
371497
100119
973647
379390
874871
392825
546991
341176
595100
851908
904424
945076
27136
484504
536514
544875
28928
858719
535801
832023
684979
313255
758990
415011
248072
482145
694777
838066
378379
801461
277689
597129
305350
545536
742283
951066
712644
436011
267385
911150
922993
555689
521033
764654
151069
676877
241239
117965
239967
280389
268797
68373
262230
850359
848046
741069
911947
180534
426210
64709
442162
639905
601451
853694
567184
308248
361383
134456
152502
946652
429838
141400
329003
718914
905131
312438
259944
487892
650792
913857
706620
679044
744962
986575
125072
249550
646555
871365
477061
607913
939118
247712
676729
338729
351709
240413
808873
653748
314854
309771
711472
775518
306740
76843
597934
818468
560466
674113
67588
347266
782458
17786
951739
327921
443083
861625
933252
90049
118362
712896
143386
177230
494495
235319
761283
627810
517904
282204
936182
175719
922316
474824
276631
907783
334061
705754
713502
162978
187776
88194
627605
886827
196177
350252
806016
583840
997151
157062
286870
982372
42926
357104
934382
791034
904572
217215
538293
180512
184779
132270
60380
271174
731101
151714
933006
590569
254718
44313
640095
586385
385979
215854
680128
559523
855216
561547
875758
346979
24703
53355
84652
804874
571357
330442
667045
190080
888070
381100
235699
110199
88849
12167
917629
925667
700062
812303
320378
437529
620843
279516
851157
439555
351686
263417
184937
641662
813917
194635
996523
897872
225457
751516
53095
533513
757545
610691
761507
954549
516739
456370
197344
590075
938277
627612
726910
968661
844690
786305
319295
546604
174776
836183
986276
65807
704421
26390
299123
229392
637850
982112
832666
944635
786360
162956
221037
275828
544599
601806
762828
441836
822006
723204
157792
985343
787020
138335
966660
351533
543229
812076
233280
692916
39912
469630
607728
960006
826525
269818
122883
167468
134700
346111
397343
916599
958808
178352
565090
898142
242731
488991
284100
115321
270883
6871
861848
174105
172362
783558
171697
183170
49379
364357
300257
469446
306624
929606
216541
509695
779697
317593
438908
906856
817559
130395
398302
795224
425942
486267
567786
275229
495144
905130
916463
38641
205775
170143
777516
831515
274019
28804
99819
788197
51529
526592
183815
19189
362628
68130
655439
321675
252581
239718
670851
458134
744350
986344
340603
478835
456565
970786
881191
231299
604564
559203
240305
728231
88125
525519
800831
419035
869338
237517
918676
235372
856818
640209
924502
231447
134776
453190
483882
810496
150398
666775
253627
593868
991559
958426
69594
102875
136569
495385
550400
652517
994929
208767
352430
7856
902193
261916
825205
136939
793716
511189
827730
725098
203490
465771
707441
562303
689759
524454
190930
659825
633854
555165
869961
695836
85844
788965
38111
639269
615911
978388
277079
709079
451972
496304
265483
966687
329967
889273
433459
65568
713461
439824
53319
865332
247134
670147
606333
188417
582719
705782
249388
192883
800107
324847
98769
982043
4553
356989
399470
255076
367681
174790
144784
183405
982609
227756
52266
206792
889980
17756
454365
851599
920225
668083
475033
519197
560745
374604
790941
366768
211930
92458
654938
517657
394761
267967
282614
666013
199532
385431
86316
48364
299213
847780
580560
489659
67675
933158
764208
324992
494427
285686
125526
419530
856123
724592
978027
442874
406791
898107
547446
258529
790581
578871
822913
162936
616858
846337
356060
143030
608064
315109
453627
543378
104207
646625
65722
930197
919015
934866
578369
167770
584656
622078
88067
875366
242185
732349
436640
364382
990397
143300
311339
180905
906387
979151
806533
940067
373156
906987
507560
43258
301576
316253
972992
883049
917833
308850
795507
381711
129913
148836
751298
673387
5088
559782
20359
951862
453837
865933
38430
146973
435469
144987
94945
552026
181946
817192
487243
811886
788906
557615
220478
926269
539721
564914
621855
624198
532993
215947
891679
349117
878933
942545
768725
265030
390093
530403
619911
449744
885260
722516
141384
99084
323709
326707
829371
231113
490220
298933
602869
20078
553457
672705
598593
613523
364103
722328
225917
452092
599418
11744
662113
965490
43455
627851
883872
569536
34589
562664
675238
900359
691593
406982
504258
48766
858449
854400
584734
871818
368878
215658
715177
605238
555068
445079
685205
391183
408069
999300
431100
981343
416633
319588
995101
392452
382970
206728
302533
817963
212180
995242
2249
740654
905546
14487
566448
982920
722187
214520
319277
383409
826244
415099
531593
832539
350543
535395
419551
269127
402760
70696
726785
286852
546240
5835
55353
552133
952203
6651
658665
539038
715381
207517
536020
578779
62673
892540
35573
61
977201
856525
892301
888786
25969
138141
551867
911984
375022
881561
233987
528525
579093
25914
98609
644990
599829
829579
925398
808650
296566
732376
234865
450794
686787
783029
188970
553760
70243
751464
73655
795185
78086
157940
155041
626817
199803
152258
781473
173321
601054
73390
739428
489143
765997
136748
150766
684706
846204
834902
770714
562919
328383
891027
120511
677798
574213
592741
380783
236755
133828
521678
340057
458169
639951
904736
403470
482321
569892
939872
122785
502843
356065
289046
953447
401687
802839
275700
472349
330627
575991
162081
113769
149809
403689
19104
271417
35747
664188
507234
432840
724486
509240
641124
534911
353320
155022
963462
163768
460376
433777
945066
316637
751193
556414
378501
296495
657986
229846
439109
375075
959861
638412
856031
148134
263098
177914
28084
768770
739767
517422
381535
536280
143438
115970
89502
348365
665299
464905
664922
503234
239208
742565
228052
176123
886712
197942
574190
999969
609868
776365
149652
940450
481613
284478
871685
965302
650071
531316
992194
463229
729141
433566
668881
551876
960703
721255
689134
943015
804173
246660
863247
288336
183767
907206
759762
789021
701547
165007
701510
766048
189513
545377
414611
372928
114142
698706
945799
115900
817563
469532
414525
654800
383026
621712
503340
30704
156525
305771
897929
260401
666155
738177
26650
706567
437879
516182
58777
463401
99782
394124
81921
486545
654861
93942
850935
662495
117245
935370
83928
821981
523996
897653
739099
837726
689089
80073
117027
452159
105388
32658
672740
893391
433343
26438
650735
898955
993437
412122
984731
321730
36446
774321
1298
17303
620140
242607
176757
716773
542205
830700
626413
138173
799213
500229
759503
899402
515703
214092
922411
133718
580431
947231
439282
364389
745504
927894
768897
856383
805469
483606
939470
441932
652998
402115
772782
691479
211449
68178
157120
606325
166194
483132
733306
312959
201249
945742
567822
867962
853415
221
412856
586968
172076
796375
99751
322263
730975
529845
556357
295752
982347
495757
610213
228714
351123
671300
913928
273909
540170
887073
465228
279474
862385
676796
62770
451655
84558
131605
171210
630225
898341
502593
113789
251050
477142
480510
565239
308618
703954
873000
194799
61577
309307
21573
767636
397250
644760
619258
885653
687060
752370
840289
128717
70210
56397
807666
286666
59386
268678
466206
648761
747379
882822
902650
515631
835887
283936
625240
522070
279264
910221
196914
412402
696743
559681
510144
377039
539959
532201
108073
10889
210776
912388
789077
597112
28424
814683
400097
381366
722235
5790
413484
41421
691971
649885
398030
442882
108236
331615
530857
977656
760446
102755
424727
539203
185861
623089
357507
575114
469165
548315
294868
405976
839142
495125
41155
721343
559591
273966
864397
239401
282863
446826
238084
782204
666279
327806
130753
921321
640356
614568
365428
203794
923784
714856
596316
917718
449544
225118
663441
214522
979336
820481
2367
542709
307362
196153
354925
674584
886789
931547
204539
958232
88890
471871
13035
924857
358338
75518
402901
481369
517852
489997
481022
524887
419875
732337
57092
312542
429523
176542
23600
790417
483308
902768
247854
470293
595887
801477
159768
752437
920261
694901
639854
580662
768447
371951
795298
232953
828408
117425
954320
57670
108247
3491
489867
209274
523057
712273
242387
93456
826571
148611
393122
98309
166205
613819
737765
471723
686321
956875
87048
277964
334859
661328
824042
963321
78499
509582
580208
649198
300397
496234
142261
161315
272378
181310
267423
16178
354967
566236
119373
999263
592787
912483
181804
143049
719007
489463
4329
92652
310925
447840
331649
706192
538683
885825
10868
64082
214921
248946
874711
272333
501957
82493
568585
230053
989352
89714
427966
231280
288442
391975
93751
158785
43984
202832
675474
779153
400502
886198
605949
408460
823079
313687
742470
447926
496761
264539
751758
906616
358870
511982
49501
1675
524004
818494
27151
283840
620550
697491
79915
808873
757244
69574
253844
627175
46566
980191
852440
151313
999014
215759
806118
278270
773922
668486
612636
409392
282408
791986
540095
898461
455981
407894
473476
271003
745262
735234
127691
209319
972728
218100
151787
518994
984514
102283
79464
793864
151544
866532
42497
866238
155219
216083
381478
386231
995491
676288
492999
636724
65390
679131
471048
407990
911731
70333
165457
999153
629063
72925
76353
898703
161
58795
965186
782877
666097
378444
906423
724054
541418
365107
915602
415626
199201
484185
490179
73515
775565
233176
443723
741684
344110
165354
978927
211255
519627
182456
940807
531841
715987
436194
100021
919467
887653
863819
280307
964352
605291
472413
339462
822790
956897
449760
764047
363179
570612
430962
54912
121102
767941
967140
923628
432230
32844
223985
942902
34195
592986
513436
977195
414655
456055
758501
707180
169265
674473
615527
268356
251438
851542
801169
969880
628812
534593
774975
663356
750036
112816
981556
755298
839635
863598
264886
633965
922429
923820
27142
902948
611903
623875
757307
875266
59168
204053
13818
945385
898130
808209
796884
891063
673755
725141
156412
74289
185691
591853
255395
57501
395065
655801
410226
534956
11950
797293
198244
385491
218286
389875
689661
127802
843246
465771
899626
720205
756566
603474
606710
462577
428485
755904
808103
559953
128379
796811
804915
552662
222632
773513
462306
26613
217358
669299
175489
234274
626325
198694
993856
632546
479147
945603
386793
440318
364437
43381
788349
958355
166167
100882
640493
728519
78908
479707
666674
882582
443395
884126
349897
396554
847142
145787
95246
495369
68040
73859
955188
221512
109562
477052
369759
768797
705961
179905
234654
182259
832424
651590
363336
19991
53334
848890
216626
961967
785708
584261
92362
204873
97061
904688
742419
847569
981962
782884
499517
803741
67929
605771
328992
84195
703633
52307
382549
253514
923357
932561
446321
67293
594523
265218
475615
560924
534983
739564
193945
152557
59080
165091
457347
560560
974679
262503
890276
602352
510088
104555
644353
54900
970871
601584
915544
449654
891216
968784
755894
48555
303034
874903
799733
689793
420705
437900
881622
32039
574494
375501
44535
886533
473542
492248
474161
580237
101196
123814
96784
740521
935123
804465
728751
792788
516565
911319
353264
800453
546537
855319
105174
722373
264628
367223
512063
758306
334702
146376
441664
834940
16912
105922
456863
783548
656471
329545
846887
709413
640440
709777
31660
666434
364192
111261
215260
136703
227302
623714
186749
837204
971600
686219
159816
413788
419775
687574
229666
213764
507768
838363
329843
354590
357199
429
780837
671893
163762
990937
111099
967931
190223
478603
499083
806591
489827
476944
844250
631098
357729
207607
531410
483432
304891
19472
947170
77235
559055
988246
6258
392491
989617
844073
62658
578067
983377
920499
89310
374805
918985
228717
920704
985685
474886
775482
254210
255458
959824
212401
370493
486985
739447
948984
192772
372420
684636
3083
908662
489680
63897
238108
429380
688412
247310
991317
473664
459485
218121
77689
597853
784254
88721
211688
654345
965237
268303
470081
133220
242353
615258
1186
83995
702063
615133
484042
80358
976108
948071
244192
526554
22645
714191
794509
186027
678298
541314
166020
88578
583617
867947
591457
700983
447702
423293
367855
756139
149664
648928
963716
780869
30383
698229
360455
987719
958002
531016
431698
592588
634213
470801
28082
301216
208615
953575
59147
776572
262569
429634
429145
831964
895811
989099
17361
817599
122208
99074
349798
43131
570138
681516
282215
77114
603745
444119
594629
504853
847380
800619
220211
165451
356210
960398
498086
369822
588906
648532
116348
216906
850894
272642
275256
716130
796006
710077
554731
532746
710689
26196
315504
328843
782374
718311
440334
193942
368841
578162
434560
97688
74010
765242
529616
955702
556247
684434
538207
893798
839553
788810
69762
921577
432524
833269
767623
894313
880815
270870
512149
352362
583772
559719
397297
202864
915530
257733
440925
416686
996589
229243
431067
546854
335751
338281
379215
687842
848344
293008
132994
505933
178673
485437
394179
346222
822247
812496
847655
16194
337122
53416
517810
270710
480021
905134
420814
453566
775368
357114
94712
628245
925713
780709
452218
658513
148001
248172
798162
373986
421690
337341
495538
722471
535486
138978
822241
556268
660259
29255
684415
725700
245379
959593
118501
114304
177296
632989
328427
999689
645413
119291
827651
361567
523575
622053
836866
468398
931434
630583
788287
557258
25280
768397
672724
767688
517164
872683
926146
103992
653061
51981
453169
199490
887254
682316
476308
502300
807890
84074
369067
432357
240485
347706
505122
678561
646373
255855
815447
651794
73127
286527
157433
748207
918190
615219
304139
363459
170047
521422
652488
472101
182736
441879
350241
474896
897566
775109
421218
746910
846686
400071
541554
164070
292811
497389
80185
617262
216606
920054
939868
168719
153820
191606
841251
286628
978249
290468
538108
29422
473274
434558
3033
218120
411976
931481
938804
785857
67744
745609
248626
723099
226744
248552
673509
122719
290524
56071
775020
400027
3686
49135
878774
696826
664908
867410
513763
141694
259988
330387
970571
282716
143138
416367
250391
5427
921010
796678
730957
655595
444512
914826
807338
292774
840484
918723
819176
85286
946844
221180
766303
209979
356418
636174
189192
364903
473341
422278
137308
424912
776403
990901
708379
348320
202555
898645
299624
720637
389328
582291
649809
611744
531042
751294
267053
632852
37479
947978
423646
974797
690831
745344
174838
310243
302133
597318
871798
274089
227185
323398
415730
939502
115530
696382
651664
252624
410313
218148
552047
321015
129449
53812
211492
462005
848746
938263
274463
634168
311620
668273
577068
927786
921529
855752
140886
149670
15939
422668
131494
221590
927341
34503
23433
926253
895294
246434
671695
460286
259215
224337
849552
924855
279934
953628
38121
355774
52475
497547
272484
302375
795584
734254
617013
775951
865437
211206
752801
811352
689329
862291
692666
663041
87093
770427
417541
845792
471410
71572
622268
927039
546579
959246
51950
246353
399509
597888
156100
308175
922714
679117
109984
451700
395613
702003
951646
200209
131968
449392
28668
480333
670786
931345
319766
204413
508748
633624
360522
357340
967210
534345
279290
630375
964567
569553
662127
338840
589616
147028
109018
673596
911179
260177
945463
760435
504673
40500
100235
946116
323174
837241
751244
803163
652922
335864
121503
940128
33655
932945
411451
817524
720043
442868
499437
516170
615712
970637
469750
682528
116182
815051
790479
336345
112466
773516
375821
890361
552143
481127
405406
613564
988627
347989
806835
684883
517149
962940
798712
572
556474
269914
323966
524733
853367
126154
470522
439548
777201
95670
373607
449790
43464
236122
222342
981626
207346
498160
342726
451545
164588
610558
126270
573261
954698
37560
475606
945163
806640
948178
355718
527590
980121
905383
282038
869065
330836
460223
984709
70737
394128
896704
222502
213061
301708
155444
954788
730803
315760
477427
329478
227304
483194
703597
39757
875723
129809
265878
95002
542678
791414
101870
173612
179506
885912
860972
526088
874991
201478
299398
934257
795165
919615
643360
220311
346634
832293
473679
411788
497239
984976
782920
753713
499257
772159
184937
586351
385162
135018
603044
903521
44169
678067
814340
997967
129524
177082
268189
980438
133249
228751
662165
346467
447732
949315
130120
415006
322015
199383
419420
858403
517116
923926
289571
199659
861472
601983
396262
393225
840477
410586
776660
446929
727159
927979
672839
451987
208128
437508
968687
9477
961939
808821
805853
26686
106729
6559
410158
366303
246235
697319
755090
895244
535412
872710
729336
362584
938482
709244
574040
825407
624794
245988
754972
361036
410997
203811
335596
300571
408042
714746
493013
436793
54969
658236
703061
387687
852754
769049
503173
119294
679248
924504
496419
993004
585109
832739
641467
800092
723202
758332
550898
77876
527507
507918
740335
265976
888854
489886
953894
821580
500486
149088
996162
562198
6856
372582
210671
207234
456449
413491
851777
651039
374162
918446
148996
70502
454257
366642
248609
879259
269669
903554
634985
132172
182173
135130
363905
389879
153454
226400
302251
411657
177512
379770
349613
892672
128659
787257
353183
219185
482187
950834
497174
492326
165749
273646
523817
629151
746269
775159
680412
596025
972974
965779
343729
802989
529613
651405
921479
820399
609298
682926
554732
266550
142115
829899
124743
518363
140271
111096
651483
149147
484100
581338
487033
207927
265422
206170
586245
865531
209837
762038
122978
492315
851185
442161
635709
198328
793333
379947
712435
583746
242133
829387
220320
394104
371597
899352
118277
555340
801007
378471
49557
452834
938177
105647
773724
346358
318961
666488
818572
503900
14901
590386
734054
576227
669187
934178
160450
236947
258154
872119
256315
835222
160460
28091
306169
54579
681528
356517
350876
847861
285736
772363
17473
15338
430228
290292
155445
921095
838000
915340
99636
443305
429065
210673
98524
692790
293431
572266
457267
997602
881280
390455
906833
295502
28874
543363
58156
180810
495674
187062
673150
671995
81069
684135
605141
200280
514513
387311
511479
557518
230754
664216
228847
608260
374653
782069
933304
512249
274146
891467
524869
805448
673867
122349
696363
314766
651427
552101
863916
127586
80037
223310
714017
666051
45330
62527
835843
278096
697422
91938
596694
720368
984472
646178
320114
293905
869860
812610
718063
968910
625751
23819
634348
954026
13150
480734
28796
215289
87084
906535
445742
917214
302990
197938
985528
409519
53996
728279
919743
73397
353438
523601
228294
861647
701864
169517
905584
583926
383252
529182
255219
670362
965547
956205
283996
811564
692367
168141
184632
359989
144120
816141
470694
847011
310473
996518
428151
581668
357966
781748
774463
187691
118997
841218
384635
910672
420070
265278
941982
230228
621407
29835
57658
953474
785201
203061
913864
13808
966641
745984
674452
786853
922971
928921
614088
560277
956202
432494
432658
252295
363789
41561
561845
892119
120518
685559
376169
521048
816292
235863
912304
219857
131803
535119
51255
263592
466045
799272
860260
459421
689495
999929
339202
700141
58154
750097
589255
60951
16133
671950
465982
915642
708476
576266
302869
464733
811143
452149
281285
208841
983417
248446
477273
705553
855194
970795
366750
278642
139748
871433
37286
588117
510743
359549
364280
560177
655801
943800
885399
544589
576173
664457
75565
558371
887087
750668
672277
910368
739754
711360
454274
829448
902966
943927
640399
172599
107697
231334
282915
356418
645625
594716
760192
748796
714051
532304
556777
382741
413915
4883
635246
754780
851320
805476
981333
888932
978683
881506
805927
445189
216132
589852
429012
749434
742769
443524
430083
2024
832500
94915
644602
563262
300624
531878
459303
948535
664944
224501
405705
833276
921892
813732
805246
672231
112633
539427
160617
731811
990451
924176
804223
880175
424745
750156
280303
69633
401022
18091
226156
655623
412087
950021
242776
189448
478526
521386
921294
724266
669554
142002
52556
883532
77353
528497
770299
729299
980227
161610
504349
66819
365612
768795
666514
965507
630893
266198
929991
896067
5871
122351
407228
388153
782798
173553
924143
944070
256534
849580
453738
846264
672733
979785
495782
779368
296701
942078
890907
873540
20332
658908
753637
586087
11385
985541
85076
888612
671972
744124
878032
760226
14235
444693
289639
999585
913677
287819
146421
309595
485549
488304
577007
144325
334213
207615
189260
185460
777588
111117
344016
25885
995782
618526
236534
674101
588846
277460
55609
347575
57442
208258
361983
505412
782483
550815
419939
81828
267528
769047
524829
804842
960534
780091
90384
133046
198846
426327
841968
895893
522403
868004
87118
518659
518694
371732
401538
160144
192032
866187
798260
261855
902971
814126
39559
355147
318125
830355
995426
985381
142611
602072
46235
505753
949158
861775
312706
923311
702748
389399
709768
565037
511773
284742
526987
928217
840224
9410
471423
977435
936098
3375
691386
58369
956931
228482
517851
513053
954301
749941
769048
535177
800321
551955
307236
696587
820528
280947
533689
703955
364722
758657
539335
259041
573687
954423
190841
854723
526152
148972
508256
889020
385673
62211
286910
627585
912013
967236
889265
781277
688918
245703
566011
662580
186088
149068
648810
877028
548552
383528
705192
640455
395350
394458
906081
478549
886276
93756
396492
31143
884018
285653
598745
276950
310504
591115
18294
822274
874607
851318
695869
906606
995660
873167
702973
688457
370842
391111
53283
95944
413507
697972
310468
827438
203930
314598
884106
263661
725272
175768
81530
993830
563506
117186
869022
678093
863059
78347
310227
593576
602939
289628
286001
814326
201524
358224
633426
6060
971244
191303
519617
444826
865652
705050
120513
690925
643220
482025
528375
57549
263368
703695
409461
565991
588252
132727
783267
415941
50719
129736
126220
669720
419335
908860
213762
86104
434337
160206
913903
62146
421298
445394
848186
263424
266927
153310
383122
862631
602966
966950
107162
685018
294120
162214
371377
255563
11843
626104
624605
815522
695327
775557
688979
2870
276773
363224
30757
391032
718567
534158
945416
476271
739072
492010
158593
864797
245641
112965
62572
504001
955701
35874
728489
704182
295178
495392
713636
694905
423485
424264
259838
710535
105576
386758
187741
660517
630378
974709
957197
578937
830427
56147
519377
236310
563050
577364
947786
678229
863830
738962
61059
265822
884037
164065
298583
160518
997828
729281
410111
315027
725020
138157
668220
821018
236749
524112
854621
903241
44970
684055
108782
792257
595600
745889
40637
868635
650884
229651
430282
976972
44777
158025
810890
501347
429402
844135
710808
942959
877610
350157
846009
127037
659509
514345
237706
619454
177763
978470
184520
288776
764153
668738
602940
174771
397211
521597
783937
684516
294946
154157
287859
605606
616982
130286
462902
180403
487688
63351
464736
927891
504079
598473
193412
770844
94813
439872
308892
518359
929341
260300
334738
60547
891563
402489
639083
664307
28303
833897
147601
615634
585816
103460
864891
677767
298161
769478
445627
57011
59043
799063
966627
692503
942471
34808
334869
89299
124134
433400
421030
931849
673007
796678
504623
431712
337428
800065
941872
349605
303617
213740
391584
478667
43513
686589
576917
371603
164879
586772
104332
636103
395519
313673
776406
597792
916391
668702
109536
551367
372517
822291
420189
240441
363918
995801
527634
637315
893639
901662
792957
394797
983172
254087
601699
959795
325595
571516
379317
662894
676676
109532
227166
681170
886511
533138
150508
891856
87810
745023
591000
200732
702062
987735
720435
178889
585581
502600
476143
463695
172250
995412
843976
109807
585964
734528
392909
897453
41360
855524
580047
606844
571363
241955
69413
266296
940169
28789
753240
182861
130797
93216
589554
838965
475925
615942
878110
94558
924640
34455
896892
29673
992607
377638
550724
973903
802894
565209
518676
448542
257390
698107
869079
139297
896576
847788
912020
721950
504479
311608
474704
481337
726330
715844
800609
799542
351854
697252
933585
563420
640252
662730
706347
528629
279084
67546
839525
837873
545085
971801
153961
905706
658247
539971
986242
328514
879791
362363
954720
510696
100679
148061
286407
546746
612480
260143
112154
87236
601804
982263
451648
425639
140948
739814
36849
189653
407443
610610
394783
628409
362510
368961
986179
398067
784048
649985
56706
760833
418245
855636
390588
323705
496339
992169
39922
319731
392145
23206
74705
428483
379333
120449
329375
178787
952317
435502
357121
297712
29097
869107
825894
714763
79763
572951
692372
439264
537661
938104
466765
860547
538134
444668
717085
878262
988888
282528
597571
240391
945217
62188
595706
236182
192939
288519
466147
856053
459466
108199
576272
818408
213186
319584
259119
293963
449315
153694
995409
613651
670658
318254
923606
147436
179381
738870
712183
387010
681642
626629
291696
456028
114660
936261
83848
1826
647316
50317
488574
614911
493136
579795
774994
114465
844530
951935
906925
856541
276624
125978
269933
724272
120659
886245
669841
722849
244022
667398
843198
924418
402973
333789
552428
176533
382543
135350
628528
569354
939602
157399
952038
941606
919522
630904
51066
364928
77773
642706
513235
670822
693550
878224
727325
595356
294724
425634
816626
46276
937454
241201
13669
301465
748805
547949
642026
206677
48918
9793
432997
999859
172602
97512
629837
984335
393876
818009
959357
428905
178215
130014
841559
27592
936337
276867
19605
271163
138728
852521
700718
842362
144368
762618
520929
386604
88374
16502
328800
207810
171723
968556
700892
56384
906656
34693
631785
51292
699579
674491
517071
993791
935188
299175
104428
856168
690126
622775
971401
176
767253
119102
72695
10984
293776
485989
253605
33054
824131
459007
765698
685503
74949
629307
38089
894038
528472
595378
257582
237426
701930
102752
934307
168038
364007
396976
657735
2730
454393
750576
796268
903071
330397
768740
727363
53296
324131
209462
550758
288852
516802
768139
406594
575792
748629
302448
111711
501016
276854
13427
679630
183350
985526
666574
680942
842051
562230
327743
865306
625331
89381
980019
506482
622254
375702
688160
416261
951800
875900
219698
399064
762289
846341
647005
381974
204536
169937
361617
824467
148715
699854
506700
229822
962954
491890
205385
507747
493626
338131
296278
810139
571301
154534
177539
29201
589758
610514
994806
235057
180834
329520
847644
709870
851866
921698
529658
108528
230909
967053
13537
876953
141811
736116
176064
581171
135892
807986
152531
254776
245166
509844
859642
914237
904038
591440
284324
777723
662261
479590
350250
325755
556628
456338
279096
967006
615283
844715
715942
809094
29410
233052
307173
263525
740947
743996
554196
631520
928758
749323
757234
417759
881796
845899
998766
535923
26648
296888
823771
347365
119735
175846
794303
472023
799536
947639
394570
954457
888479
786357
397092
299211
539659
453650
771167
574378
91055
24057
676812
118585
64790
168784
690409
828812
703007
389005
795128
573876
726048
746098
908139
117378
318631
146214
907067
656506
452188
7602
511127
371158
109122
604500
739066
553203
5660
232131
643413
394716
583916
936513
320044
551538
689559
321686
161725
800820
138980
806766
996442
368753
42851
734993
257304
624647
257770
318074
557088
347734
928059
889751
669858
492935
939201
653916
144042
634995
797305
62724
696203
379313
128238
28390
243895
873919
945180
38320
263920
549643
880310
576578
252825
676959
479939
139945
716710
581800
896867
886198
108275
814433
465008
497339
112752
754273
108416
137825
667769
539261
539590
319401
235267
554971
239512
141181
667250
312276
804043
609330
246600
563653
223354
295581
372793
72819
422374
731151
271066
928728
707895
820270
565751
685774
692897
345457
468739
828183
893154
422711
615082
586631
258663
38405
727107
651214
848078
528218
618145
603302
322119
838321
886473
669333
863571
759379
439037
710303
575855
36182
40887
946764
658954
31029
147762
571729
622513
717901
194529
142238
979787
672690
193155
474499
999104
170924
469390
691584
567222
632401
613704
406695
217203
611072
466933
142320
2598
231223
754731
578585
100161
257170
807489
791800
881919
60769
894630
347615
732227
989540
44749
990826
930849
316326
506438
849191
876277
211251
987752
776675
842993
161078
248043
965709
997557
148340
723282
965449
837911
898207
937029
280660
564930
270872
488125
286287
158138
112324
252824
498730
992317
372362
411340
920046
421061
316646
962168
