6191
355571
165541
598290
853473
175553
680454
966057
286092
290145
663939
39504
159340
529976
365417
388531
208569
34560
816917
359274
857057
673893
113415
10476
656041
3136
763982
143761
498283
674861
358243
360897
145981
410379
746578
266494
984626
734351
541587
130060
219898
420293
339575
644665
919589
412389
70398
965516
132868
601998
207301
928334
143088
646689
574876
910063
328868
648701
340406
423127
569797
818002
816058
798411
853763
429284
839798
46455
773847
193886
727987
435166
349804
342608
797795
872027
60122
812999
735671
610962
805709
432904
532941
23481
461508
786408
941831
826557
321270
968843
652919
681362
162447
32951
198454
797146
1879
125524
220116
455153
965684
442946
938025
772755
135878
774167
821322
434858
47216
70452
803287
285560
656311
500803
589810
645790
386
830863
151370
997639
794561
403647
390933
112116
823147
973296
282268
466468
151007
515182
945008
418399
668972
555535
947322
564383
534892
186221
427376
846812
16523
201022
809124
47411
300965
278098
898614
714546
209613
170024
970922
478594
284459
490924
352660
97009
73597
623121
183728
627676
738174
374727
463054
833653
472163
319705
814378
845623
597698
617446
949338
770851
716622
732602
326048
626997
230461
413193
479455
679464
261578
751495
755115
74595
523734
340519
894265
918079
11562
47214
972469
264117
726999
798642
104627
507049
652094
795060
558717
387597
599788
470231
936011
625331
236189
450301
233296
315252
498850
313213
108465
312630
567389
918274
546064
475932
348840
224195
361863
532880
115733
152730
613489
638950
868560
49924
990882
781293
694753
58996
151478
859671
28622
522388
904647
836226
289309
351449
864568
520994
867959
54017
281902
931405
515624
757100
357023
76387
137987
604692
568322
899352
897891
687787
626022
436832
354316
125136
455711
308854
360431
399853
494874
160648
104140
797999
107794
281090
768050
479523
482331
190517
724322
712170
15068
899172
750290
379096
283098
961835
431309
894831
703855
297933
856759
349619
455897
671384
243183
128682
304238
195895
838861
313266
746798
693012
156042
810302
924977
313767
853183
836655
81791
896544
902790
958795
995838
106093
24125
227356
926150
712808
984361
590375
258705
687073
664694
31560
532110
67523
469980
779879
100628
258789
187102
781913
85235
772975
599661
794517
399015
595303
941225
338576
37414
723927
962439
173496
507608
564189
303693
120586
64999
181071
520058
616593
26796
186824
237828
728636
553224
242260
889657
761946
808788
487860
922823
456564
334192
598030
637783
345415
429880
891124
580563
651932
144533
890127
820105
787462
641455
695015
737255
618040
58048
178258
495718
532224
990660
981368
6340
131044
39757
909438
353833
203799
946034
852631
998443
636888
62119
317603
691885
430376
982376
223490
223906
852006
889040
678778
254447
48520
375814
51777
5231
956984
138390
720295
921360
45257
738270
800546
551834
712724
501919
203064
659600
69171
606003
216195
865263
571801
992798
563108
526611
3405
82172
22919
989817
733889
693914
9934
283999
629843
912673
348508
598856
795103
859565
504001
389340
837055
473725
467517
542955
704032
487810
188083
275922
547714
445466
74731
303990
624971
437782
211908
489198
765705
694839
634868
305981
911363
426552
905149
513852
660602
946693
858287
219799
623553
433801
619348
442670
83830
363621
25403
390939
10460
599804
555172
229715
451542
122155
889797
541477
792578
8598
512567
154720
141680
589470
694592
528850
830846
203054
621949
774570
502162
445557
634860
369599
821426
769966
428500
318185
417283
509978
184785
268813
851932
5840
757696
900343
613766
663786
762115
68448
988114
834145
58481
406414
15959
405427
53469
797851
344135
165888
68673
697037
109741
690293
168712
994660
126150
338591
516981
930291
164345
389665
128179
399590
577075
984321
430777
973794
194339
189980
345305
645322
195791
606906
475622
954525
391506
638268
475392
611260
712562
42162
437758
710345
910690
696009
703030
190252
516369
769313
105963
294959
797164
724157
569940
675401
550903
218644
481477
658104
151427
761604
839485
656199
489101
101670
540427
388335
103091
639484
753821
538522
817108
962695
701158
844802
948098
696374
147627
123576
92518
791736
889515
161601
760305
430258
558697
963867
282875
837901
650391
287389
972922
419494
322912
3772
819871
6697
44498
535914
804688
822840
409575
7064
701822
225220
226095
507037
90084
884607
652763
499503
467995
876008
718504
568845
606299
582917
149669
876223
112018
174511
293411
958197
89818
866951
843385
966861
737883
325511
991345
938800
979517
302771
96723
487196
225095
416493
252939
60220
242777
891176
650105
114546
961794
282229
422038
673591
926655
746425
721406
673626
67025
751680
831134
201636
196922
988778
586042
631581
815571
443971
703451
667111
903885
870193
974740
555271
175042
249606
558832
376388
857911
714229
69946
51624
432561
678754
377449
373155
42160
513938
809573
86159
930572
406018
254906
720527
575531
301523
448088
572560
970589
800674
548804
635121
888404
982134
115807
387647
107203
858323
401681
742937
411409
321323
221778
446707
979514
267444
636053
396917
521347
735509
487057
819075
347800
221754
849581
966104
356163
338374
173575
820363
722379
902504
675873
257268
152871
892551
649448
780072
868381
421079
748002
94047
78460
573069
654900
961655
572210
26863
477326
478482
556363
667012
712052
971738
171719
116459
391145
426916
881366
96072
796986
78962
568626
714585
982500
833555
945817
895079
425955
336229
391846
562135
232088
825211
26763
145120
133333
247193
194349
847959
388041
677212
36188
676773
320579
111095
918190
238363
175524
822679
492215
671196
875814
516840
361126
944440
929731
497393
715967
223322
580675
927003
989360
115095
333605
154703
226387
445030
885097
497596
14527
304047
437112
198520
542667
258620
405233
323262
327008
400716
5905
846806
284090
572934
221246
37074
514107
347723
105904
990964
626476
30372
420861
188077
587537
343451
417343
297088
8615
141925
606051
806213
260348
411388
271633
781770
527531
896971
985523
337876
647027
974915
494885
912003
867892
839691
679479
539283
401285
248276
733793
584767
604724
542218
442308
320960
461019
294566
376921
150963
174107
305504
999736
900120
413816
442306
763335
750454
863185
42136
868221
695965
576442
755268
710674
862787
198648
635950
796677
111504
781592
145176
346249
661173
153132
257679
439629
932343
655267
676093
656999
151562
653828
477980
6364
93848
561031
179845
407054
48225
738000
388582
897411
441532
149128
249810
817998
338235
729690
202035
18204
795692
413639
83162
953948
154748
309991
387639
877132
144183
709949
480292
10269
284778
948213
453467
920642
851178
834236
355785
467738
937197
212796
910586
943608
856661
635891
8179
63051
454477
765039
963998
353263
185036
535336
528288
865295
460343
240506
275399
804276
807523
588285
483615
985775
684280
988291
441252
460383
951537
302509
497489
101472
649407
252650
651799
668112
851149
679181
375529
491519
719199
104650
734772
959347
209364
277518
588716
416660
747018
625016
56322
97146
470688
37815
75953
635666
4502
807745
34616
462311
199057
373036
310946
486675
282300
903533
723137
124545
166728
926380
669049
788637
749523
306112
689912
290203
236006
197452
708035
969249
354201
128373
913068
179090
902161
477247
932448
84088
180522
120579
949084
724877
834351
477519
636160
314854
98310
878874
87292
102909
850281
27362
394983
852313
607439
402724
532718
163612
711593
942583
121961
849001
979208
535686
890249
518320
884187
380136
47662
216407
643670
226078
115285
412870
972591
949032
487791
291535
35778
454468
35212
761785
188821
548868
470006
743016
749301
590859
786779
294570
766463
419683
885666
905952
430651
649086
919134
317255
110114
799112
95968
295970
407680
335717
541222
543622
777012
118604
406514
578497
173013
544383
63670
552104
651823
736806
188779
595644
716779
439111
826945
362744
392716
577893
697201
565690
238614
818162
401774
200843
770697
772465
56185
603085
447051
194669
529172
616768
11555
634959
640910
566321
952737
732384
215869
527167
426140
260764
6538
810059
670804
66735
488678
963579
937717
893391
709787
565675
863421
100597
456125
260146
374964
805881
391359
132364
142170
674313
178338
292905
427039
487621
123719
784465
196172
967994
52070
166258
990975
224698
937047
719944
601555
811156
128398
610023
752990
624566
74788
150952
663060
154587
786000
611246
612872
883698
296564
697811
918547
528525
660372
281204
173645
155074
533345
76246
557368
218082
952435
395188
703677
741587
667478
89382
897806
413837
967867
716015
674922
128557
186128
954723
459199
859577
113898
276723
485225
38961
534557
645335
436441
317198
911470
596055
268945
136154
993120
329589
701771
717675
533546
956922
974649
741565
1226
22364
657704
629803
20403
434376
144510
170314
8226
821970
509026
988898
336783
967991
57146
805834
437566
5707
40015
879071
31924
251587
223054
541089
659591
87137
794216
307114
560655
946424
2136
762251
337785
667291
97284
969988
915578
672678
609853
972896
523615
252520
395809
643435
695683
321004
995168
910673
333403
124131
240539
906389
4139
710767
784744
902250
883163
130382
456434
721265
777380
826401
932606
201488
95013
432536
27464
187371
109522
865404
665804
194882
493003
983385
456096
868007
184587
130950
498942
231002
752183
991891
910048
232387
830678
157901
779268
789835
486688
8560
870479
997783
812911
992810
228174
741601
135762
480648
363351
575797
91841
375039
894606
616326
687850
994329
994819
897963
456810
745979
794553
542201
671831
211215
541762
122493
310906
336402
34437
581846
420186
992507
900706
517293
522995
886663
492332
981331
522438
635486
924053
398133
461770
329315
960040
300862
402688
234461
684207
621193
487012
205181
891636
48450
733503
923851
737317
762008
270361
366577
431120
875488
49868
5988
263566
868297
441140
139243
790141
141176
439427
247885
591846
708864
66353
858459
435261
917311
21712
321111
717894
219416
697981
470208
353044
86920
692019
823803
244396
296551
592249
324896
74697
249086
470460
432926
912185
540223
565495
230923
172005
943717
476174
245323
696430
240617
393403
448476
851442
151902
865119
763517
952621
894057
392122
303033
491836
779745
967030
519316
221181
36287
407326
835984
525523
567298
804652
451164
337926
957538
739583
216090
528391
214510
816491
787276
13264
619716
542827
112666
963754
116461
57009
969474
132168
339
164062
949916
900945
277471
102157
593481
502139
278323
798474
746232
732115
702273
42209
274836
21337
694854
597648
994382
746247
978087
533790
137282
863090
423654
99909
679176
819914
428993
156682
31514
386300
37031
487150
242589
24630
433943
553789
465038
737802
162072
180035
457290
441580
699983
480670
276089
996310
98496
325871
66265
130955
307236
276202
526243
596599
724194
390733
962203
980661
871982
360558
296057
779243
142523
928236
120111
29904
39966
904199
13207
856014
724544
28300
308475
312771
460608
25833
211648
883745
703523
602655
383983
97268
798200
861396
330529
114883
119565
221320
885703
961040
592263
434784
424659
296699
479266
19998
633351
687043
135558
240818
871896
11627
635778
450281
102718
153851
798695
257348
648859
136541
442755
936548
203205
256616
733753
973856
626866
971259
383098
613369
719679
52543
362274
185765
976605
300622
510065
630727
657561
99122
266532
606976
586054
824965
290799
5535
648712
633656
50074
772340
660096
205040
585845
987010
513679
740683
741369
222802
676489
443457
372029
794788
138168
653477
30034
759489
196170
324425
326267
89772
800152
956993
754252
37047
986451
592385
359710
398961
93773
248288
58540
810493
585825
495549
601165
28094
888833
241472
819150
237166
269722
89082
683563
284942
840742
561958
932394
929719
739469
48529
736981
424912
16569
61525
138642
695769
263093
334657
596192
910307
76672
375957
192944
157154
582388
85800
747742
649691
594254
483884
791434
121207
418073
369546
54743
398202
610172
293479
46080
633229
442460
420104
959250
126455
192431
436690
856394
118314
904223
235690
685899
243706
187542
292731
744059
778856
369260
397014
491900
765213
467947
931123
99458
12594
972155
789973
960534
129644
868207
295692
971174
108357
388266
18580
552902
88677
629999
644507
288647
521840
817605
500832
189746
81208
25731
505463
351842
384019
81149
106537
653947
340488
608523
275448
87115
1123
103475
976767
537467
975400
151154
769528
332273
764260
721324
696152
956358
274207
984557
854357
978463
185069
637531
572807
141546
441892
721339
529260
394231
552551
450396
853574
26736
363681
802467
194463
556343
600846
679348
852909
156442
233267
730746
354832
430325
588078
277204
686071
816165
777768
588765
917923
734116
30182
541141
799940
805958
522943
152817
851327
177423
306984
479739
414417
658863
52779
792039
474509
333979
582838
468980
750913
353800
754320
376827
356919
697670
348198
188184
247575
852088
743684
677874
714858
353132
658271
439784
331193
861851
84686
275417
502867
414718
416025
576208
23598
413514
369514
314955
948645
624586
877729
824422
688928
797080
494915
526953
452114
730808
786386
75563
680475
32273
715447
551968
216653
297545
5340
875910
659723
523964
899350
465833
202893
794264
459776
626318
164545
969944
672739
402946
572812
407450
904273
578239
420974
256223
199569
16055
934212
733919
122356
185024
261926
833031
322694
122717
559600
989904
713504
680549
778783
893757
841883
141203
77393
704561
176415
434281
571566
35178
227289
66561
447398
586846
320522
612273
715728
544048
916924
82202
243698
219983
128977
403085
330846
226924
334836
848091
966777
896981
926512
369016
404375
797619
848287
165387
662978
957660
119610
748693
217690
285782
466768
75323
107798
604713
331858
414193
540264
978528
835915
194053
750463
286172
356396
471302
166
304532
52101
731471
228170
77612
800464
428019
555544
952369
712232
758534
256965
859439
48343
586822
899367
879599
817484
738597
564160
937425
905259
403252
792476
297986
380159
925485
270224
303449
24907
16157
180258
140883
194046
447084
382663
642153
987908
46667
972487
421900
651065
95800
551933
212157
660152
598321
388794
370506
570642
330867
675530
505896
409627
309229
552910
581738
328222
684614
285384
442076
132144
38344
713846
779198
478306
758759
56277
388640
386192
549554
957702
531927
161046
893013
394702
991129
991394
824648
215800
356666
250277
354200
789525
453444
907620
706128
303524
172716
741163
104452
448652
545911
98208
570553
756677
910249
794933
417844
518615
350565
793783
77534
669435
173990
289156
746896
986398
208408
775385
916161
951939
531796
316873
575945
683719
353335
611914
246225
698560
540126
46762
255258
242047
777215
141471
729254
367797
218087
521915
870790
297458
390540
249086
585025
576520
338638
63302
815070
370446
901519
853089
810319
575105
371819
661059
936314
354308
300438
123795
819941
884104
242193
283871
420412
467718
159305
323120
549442
763817
970444
854521
609426
642378
901800
989801
470545
692563
652322
920864
512243
943428
538128
123453
351206
532564
904404
302166
34974
975663
334453
385217
612286
238942
247195
536143
759392
312389
438759
191577
697025
815493
661037
21106
69260
997442
359375
963964
72833
226239
176183
681174
251842
541284
447664
997235
272058
171938
401313
811462
651050
354349
427112
315097
85138
729512
838223
558589
566968
890783
780078
611996
382424
691949
478301
800170
850344
708478
77203
347066
931014
592687
175840
679853
916416
711890
505347
357765
766272
452365
251753
554711
874834
390497
637443
191775
208915
169801
908930
175278
321401
748217
747186
261054
766265
263557
309680
891174
2521
353891
814921
872488
648722
357385
120369
316264
275361
562992
39389
156024
356010
89019
823933
77646
625737
713520
347353
203351
234551
611684
457479
157284
976022
293110
248199
692354
500890
201521
23291
299177
953363
859093
106949
4490
783898
24752
234047
344587
647768
182053
23314
898191
832942
846990
925875
376174
880068
678014
377856
325956
714866
156575
758899
486245
941700
417594
603520
746990
731245
188950
899601
893367
213068
169079
375836
440868
662675
275591
146461
512603
61658
213203
295221
767504
12927
399340
254431
793147
285047
50350
342219
239083
484470
864797
350105
228980
279991
237354
191667
338500
780648
992150
726023
44820
107573
606510
767904
909114
218928
983860
258912
944090
43866
6110
676636
253053
562833
720055
927188
701754
417237
218980
108685
183312
503544
537218
726029
52438
168930
215786
185714
230153
361342
578006
557872
438149
706885
984157
903973
939407
986853
780378
78363
999759
4429
405611
183705
216667
190360
622933
100710
978990
525331
350149
467419
273335
562029
725425
750308
513230
997754
989149
900179
88513
339108
993466
756704
478733
75950
239337
672513
316648
341222
814109
816738
685563
800679
113246
490818
630253
775176
835369
638954
200347
786533
747188
874314
302435
847688
516048
907889
471136
865075
798056
679464
562032
22668
36390
982444
292080
360997
404469
585031
509321
439719
125793
474122
637668
215964
205914
68329
267577
961174
119959
704499
526469
727166
606166
431724
67674
505404
543618
108680
179088
58816
365230
814983
734041
687020
910526
659112
384178
427358
615974
592139
842806
609181
153737
121894
720205
748895
710083
572707
419329
755444
545474
628885
925489
477011
393359
913366
441246
445887
842987
463934
144290
37718
248788
232770
339137
941686
351719
394342
475736
300044
361183
429152
100466
786747
917371
284235
101562
382629
267710
459844
660746
908504
289296
91301
87330
736920
266242
993436
256884
563845
348527
580967
535003
361897
707198
562606
197356
849248
189187
643580
317541
508644
378053
553180
385539
306804
267546
905100
427119
403041
504879
236320
93464
948405
942052
125430
640988
227328
501844
618002
811615
918144
330994
830614
423871
543212
39758
428575
699166
986909
828983
73342
294174
529306
211131
27985
861739
422718
847306
995326
84977
40328
910393
417483
254383
996095
121698
852893
514723
588416
550376
515212
633509
706982
350360
583967
609616
40916
373355
219241
410138
709281
819688
103743
459781
836705
485734
418580
336430
141644
152111
283444
920963
865166
900737
352409
367954
38442
360878
593901
697340
539147
998115
880477
413832
106921
244421
938198
177172
529940
990135
13855
53478
288801
595000
84691
976672
118510
256618
280761
722514
696019
784173
612034
210154
171814
878634
10398
814534
276843
303724
737211
76970
226327
220968
102363
270605
652223
182429
993424
185230
249058
552406
602647
350596
355471
43853
716751
338802
812404
172970
144020
728410
426245
708136
821437
463208
115781
543385
732462
942159
737268
339456
438234
680945
545110
979996
310616
594808
732763
590980
585953
641282
366960
482925
532324
239545
697889
642953
523910
965376
543977
136138
958585
557577
234648
315332
411704
5571
740319
227505
427996
578033
988603
930958
625502
542230
35068
125858
415850
646220
279409
759390
925404
538677
199282
13472
762009
115016
781834
416850
701837
324621
468926
773679
683004
287076
999678
522086
110151
875134
790184
288919
769150
916143
155123
380154
286236
417884
715006
310623
873251
993551
535285
284623
917141
730217
476253
134098
926156
864439
695550
460426
952630
264157
65194
504253
688689
157550
561389
545776
282559
74526
995987
242030
281318
588239
488208
321064
543911
199495
205904
226742
552408
475267
400028
228412
741408
798373
141157
596199
109775
827528
361649
288919
113304
224372
862111
353431
501228
254829
118104
296711
217267
109158
113108
911643
980393
143635
363014
616956
563988
12124
981926
984204
814813
4717
121561
81223
634130
762026
937790
299909
328759
748160
593943
299419
934277
469079
939602
778593
711488
423075
710707
931407
252920
298138
816737
645889
389788
614272
605450
566938
800693
201437
138483
884036
664775
59473
299231
471125
989823
427006
208603
251661
489816
937123
871844
543548
455377
2953
44278
859201
674435
184021
150835
472620
360865
919998
965932
329989
6097
70361
473038
385830
424801
976656
222956
395395
75303
884146
365284
614090
117114
376932
481841
938789
441031
590708
639565
513501
760784
989902
959233
12504
90311
724231
553034
270659
473091
262103
240169
197387
340765
777636
835272
58884
706922
327225
33412
78061
1876
410133
861339
25547
283671
738656
654899
790641
698261
803833
708421
370081
135255
505386
327204
460173
693665
84669
696366
302518
199409
759592
79502
637942
312276
763427
524203
567896
65444
111642
578096
544997
473057
921534
95097
38778
446443
522614
999383
925908
615001
575476
85824
151406
664698
175202
923670
318465
857446
352890
120786
345002
35455
201525
513549
189034
83529
598811
433579
295943
69987
67193
937508
50191
852642
856241
820976
617276
885769
254123
893198
666355
777126
770282
103602
292775
336139
115513
317897
922971
821288
443075
536618
214596
247362
59266
294106
556428
445970
458768
722812
934323
11388
377369
254547
18448
793130
418610
72053
261366
263173
728642
727183
173233
906512
327198
940303
937904
869473
857459
467570
678780
867580
525852
321642
652390
763597
718548
432939
818048
165250
463813
834898
117185
590723
127487
692658
233164
295311
876356
630397
921354
361012
443520
538764
980915
793322
587798
730251
168876
761165
89365
86916
276043
605366
529609
11142
759414
357941
997294
75890
173865
95660
881408
102817
329430
593099
932462
38389
933350
844707
538220
583291
939550
533225
768167
434618
620509
482442
257172
811867
740033
961637
736354
726388
947306
652970
193486
842867
240534
225165
436308
651363
878699
99494
445315
588126
320276
615080
805610
206544
601347
399419
481262
550563
417044
968761
241661
158604
9874
808706
131677
497329
894098
248253
504734
429622
410365
977515
257262
713187
617004
462313
6539
518643
172076
989890
83795
89788
142944
940398
363127
389750
692486
742252
24334
95913
838290
666103
125126
448695
129846
833448
779381
948803
773443
748327
665677
3837
467369
633167
751982
704524
247578
262814
458390
243414
940045
893077
896563
934255
150943
305778
171481
143323
408275
749640
304015
613122
277050
24248
81540
571887
917806
466318
85471
994244
724280
223162
401780
678206
420242
639913
780306
122081
285574
245119
702073
536640
825013
699507
442473
321323
267635
364104
914133
696309
640464
122980
276599
559776
670834
988175
44925
582695
800285
537481
364833
762344
195989
403975
778454
114029
880731
712012
593822
971030
477202
330657
280952
689828
231045
123697
145143
292
81602
135811
250222
968886
246046
356884
175368
67769
29532
516432
282356
890453
606441
734957
12541
577188
788094
121572
859959
868285
527592
257805
512917
41119
444900
723607
294168
673655
999204
827169
238242
985550
346094
994103
492585
561234
591268
817004
426631
450367
712542
184976
194413
386666
571507
697998
48568
188394
670359
520613
482972
758051
872862
131073
110908
915376
197471
152565
59420
831085
141875
724951
796014
667870
140765
252857
977736
834303
8324
989375
570103
602408
705499
727586
661293
979293
688417
171840
134997
940848
19716
551261
11272
161939
713633
137402
953303
4478
772390
534160
159624
103033
312537
584105
558175
416071
535601
353756
157073
412975
292130
290275
605342
715304
351030
516314
323575
268832
214807
318486
291226
952873
248553
29088
911487
222400
821844
390221
921450
86972
941407
898555
197025
528400
269112
289450
134392
992636
433488
845428
543560
428310
306019
243818
342526
983281
726293
658381
728783
853351
462776
507110
761545
561033
995114
972355
793605
370591
770524
258318
58617
391517
630061
351371
480234
564069
974644
721453
905022
139571
398621
870614
830575
469610
594794
474794
179292
42680
409115
418639
928954
102376
260393
711427
613415
609860
610923
507545
658079
464676
318172
391953
163975
668631
14964
650323
869671
810093
724274
628360
236021
847392
630843
667349
186380
53533
590364
200053
914620
16946
309164
807538
107514
847125
245005
66560
324600
491854
122897
601334
222160
603522
740280
111530
778201
673630
622424
949095
137692
136604
171158
299789
971873
794357
442192
159942
15074
574115
242973
535137
923361
647506
502188
527372
10005
605026
762889
483826
748160
614171
692478
328111
420124
37486
490070
522028
15091
835300
653884
155932
421710
437926
469891
849042
111877
534247
879359
629372
729653
802546
826768
266752
367824
546699
612927
436849
404111
720581
600704
196078
968194
550176
255127
898519
433671
918108
290008
989997
653977
754014
992582
295941
610240
533694
96861
878633
509734
821675
848364
277260
409802
482300
752729
440487
384462
732819
135688
570164
408938
40496
905047
171654
82499
650384
663744
772611
510678
432319
265122
633728
176270
852865
757145
167991
567222
180825
239049
656423
43913
718644
450554
163592
151652
859573
392413
963434
758556
58270
885357
59945
886316
86935
868401
844431
908679
338270
554590
632134
183308
906380
310873
52088
95512
407296
987353
907205
60341
68970
728939
125920
811311
224182
657295
743687
720519
890834
974464
472989
894145
17950
287953
614693
537816
503408
86835
614365
2706
349120
397011
855669
307182
294327
535520
288554
133433
662351
138474
940164
593023
90342
776806
107048
471583
299685
359502
975130
862904
352967
491941
155155
17215
418057
383384
932795
678259
325805
684096
278596
731751
686442
363781
173027
598014
538035
518812
484843
754934
942882
478832
682183
973147
76673
471135
167571
385819
966389
239515
507608
19578
532424
747825
541602
641436
6865
216806
154688
813055
846210
689213
716696
110412
972366
156310
182244
923906
442613
612464
31373
967314
753261
746895
274466
785418
679726
887097
750389
102121
118683
403354
246482
534417
13192
313223
27293
70938
351468
229599
316999
630402
269156
180494
473772
593091
999265
879403
333261
996989
874352
926145
211109
609235
353700
522283
30634
567762
817058
217881
971489
53771
991305
868015
293598
427841
429308
140108
464983
361854
709197
784232
164964
91648
607815
3158
597718
793297
806168
740073
676081
467892
408601
100531
405639
805819
456892
45608
825010
858678
843089
30434
608365
538885
473205
423614
98319
116943
734423
152163
512998
837259
275816
590627
712108
223931
758175
384185
956072
126393
341926
763186
304548
870506
816548
569641
278279
462543
270440
333995
870158
112122
605551
256633
955307
43485
395410
801515
854970
151166
148495
424753
510812
831942
715825
651957
961970
11001
813151
702556
643512
732097
620479
494700
466491
936867
649093
675656
970360
343507
659612
425302
305363
221730
292655
79937
58481
198869
181908
602842
470258
927378
941653
859353
107918
735860
651293
308162
926155
247933
136444
574947
32472
967595
77335
41849
853130
860451
12463
789363
921712
319306
270348
74638
141652
625139
812805
106527
595857
762290
605359
631087
933708
420495
444256
996160
936848
652950
563615
700782
902538
101580
127273
515057
365341
696764
352738
199039
5795
249711
375511
217678
540802
133881
739884
422967
632230
17648
768807
562742
38816
584760
324055
501454
937947
926202
926818
223050
523126
391347
6634
302813
951683
445608
646748
941099
891676
470136
759701
427041
29
160842
797680
731262
597185
242852
704112
470837
483100
449757
448263
129835
360498
602155
941953
170651
836595
237462
706128
704473
272084
552590
683636
484340
117067
803159
847687
469492
194151
762594
727778
336130
214281
369848
508783
264743
430915
334351
572429
909741
358283
230271
637401
354082
705691
976974
497119
612602
335657
480295
55837
674004
692606
403178
31920
496021
359862
965981
18910
262385
994131
872895
415359
55240
408701
109373
458504
302444
884250
855934
648373
471169
421446
180569
803923
661502
476655
550822
924199
512720
653328
154418
859582
930461
632328
459596
475027
553765
884694
901052
832982
759493
145972
429972
264991
170454
241356
77534
217711
404018
533979
707636
788830
986134
8609
530927
488807
46051
929538
545655
396236
140799
249789
513018
199399
312152
782470
757560
862415
406665
434689
202874
673827
143637
45533
273634
759926
464
807115
395166
365847
964636
678746
941111
56187
60497
435377
945990
263369
329718
637672
641157
156866
177068
574467
180099
523148
662123
743179
449201
445977
973411
624651
349594
302392
379908
841892
582320
123704
343257
966797
900481
713781
49679
208747
141257
909056
395348
869833
996064
378927
932571
112628
202772
264574
749563
448694
943441
779936
967735
842157
371901
978598
847513
759879
53856
151243
668407
30556
153217
704601
755991
215335
392140
496380
980335
452450
813934
418658
690501
339966
692163
301835
927285
63228
402215
860018
391953
400427
883241
199960
409506
964734
657630
94825
485453
78665
868433
957197
568721
366232
314968
852174
658925
954668
562562
433249
542750
683667
939820
409299
291142
453923
244851
170065
87273
975826
488643
730964
696336
118005
94606
493287
35216
620883
281241
650070
812709
127590
435632
957493
276343
993581
509114
864202
37951
593072
75879
759192
399043
89298
50693
657225
352189
58572
141554
455287
572122
397964
501356
982038
533662
986793
491012
693058
441380
121793
518450
309217
316483
946033
475137
5749
250701
93744
602219
523841
422129
245448
721663
122836
638208
201202
504574
111670
294860
643598
513094
128238
639340
216252
165862
2094
772893
32282
390928
450333
596355
960666
408172
642815
817933
416190
833865
251458
60534
814259
637806
256231
492519
710984
713295
356874
528889
952265
668827
592528
682841
298364
335026
578669
705989
62775
2548
536399
633202
625948
250805
973355
507280
754035
771724
505378
985829
422306
437771
608463
319254
838667
998857
195440
515077
502722
643866
312686
412051
614825
432928
993866
521478
865259
434555
907750
142278
905041
363995
474670
149378
532164
959223
320353
126768
354592
523798
921280
660529
208112
658507
466833
582930
181004
42814
34384
790383
638156
423204
370355
279154
494120
80144
996761
878457
64046
332259
589518
578582
895262
717600
391101
590383
201509
884954
951219
266950
688052
56654
670987
435732
510781
582029
611964
756494
841994
499986
752379
960137
96186
650418
627534
490233
307864
972529
320687
960213
427161
340336
923033
977111
919538
497092
185778
121951
954196
682403
149076
909879
630725
661368
999353
952433
893084
371926
805315
880813
755545
442568
60262
977655
420638
640519
763699
275597
968014
562117
935169
26173
107905
528358
984378
20781
759201
657230
445375
873269
828132
981781
569913
819622
62054
211607
893437
65134
852066
338473
219547
591507
178701
951654
239492
222557
506511
115495
485141
181201
532318
313552
744580
693335
564985
912839
140454
561085
180991
19392
101466
214996
898857
25972
243862
903544
154090
498928
64140
622126
125922
684170
986232
376870
241081
452974
280585
893919
663582
967702
292521
977513
943580
436568
429419
725830
636310
612441
291536
88810
410463
287647
95542
539490
231416
388357
253598
391633
123367
477767
79128
150740
777392
922301
16205
409415
68595
685221
866473
547617
150177
655001
665635
963003
618588
850015
629930
502254
907371
128863
126573
976345
730455
117359
407047
670594
820453
735435
766278
379476
866863
449376
970647
705734
57121
488327
63311
307356
903117
820751
73432
846727
115116
315379
734262
633000
144882
250090
671733
680563
50636
77022
427377
644718
848313
592628
669890
710231
613186
343370
775298
542117
994967
188159
707195
557223
363656
606059
413618
502409
476317
218863
564106
37878
493458
317096
784471
874007
507058
181181
379072
409912
877774
688088
614480
469516
322778
854386
537497
227143
102373
502726
293701
178857
232180
203175
591034
74459
630586
183149
948841
857649
314037
880523
399988
124304
375847
110076
120186
490665
741039
759964
848320
674659
944644
532883
760125
258711
955855
137324
185410
235253
904034
513604
544836
141508
280216
680413
421447
965510
777609
608530
351593
571577
680362
601061
829641
215802
168128
578228
570898
741829
732351
565643
145576
446935
836419
730706
326573
789492
662570
506535
111472
448773
937868
470855
284530
995481
467096
174693
649239
581964
556044
448349
939558
750469
648464
46338
827197
542680
806320
111251
93012
627533
475060
372749
128043
258808
489118
829466
306131
531463
625856
388519
491798
490458
723255
417683
120517
868108
989448
113155
362396
808465
40021
691026
1235
234232
163963
337574
959428
326479
859979
726430
115443
348581
278500
311719
254911
550314
707626
7726
250020
396147
740005
383663
350699
245786
565368
511340
832559
340483
260923
303098
230284
402809
832248
309045
982629
221366
267775
461524
35794
634817
11046
844503
462501
386226
663585
322973
809431
567889
236474
693330
84500
221917
626669
938501
319072
301096
471330
753431
271588
863007
468295
349519
631833
757352
660745
755403
789968
434852
860528
574866
185179
674772
584597
664580
471964
368919
141504
424306
724968
5969
478050
340426
266774
638056
455787
586859
206762
396840
472841
568791
324953
214470
266367
691462
422137
954370
493917
71127
459719
799717
110114
781090
68436
488618
356970
742184
853964
395641
100245
886252
920356
231694
312631
655771
408032
827769
920821
214310
130686
481150
580738
563441
297154
517532
66102
384547
366687
948395
112008
665822
330175
112478
335400
187144
648431
702569
415804
519176
516138
793468
573492
671693
526657
572908
16780
532488
105443
153971
18910
956922
973263
876622
309537
163815
520211
748676
559682
633130
599551
107911
295005
258338
743851
575091
598488
79754
514146
677875
362844
253031
358506
331715
280881
332506
237681
418192
348981
851349
175894
520507
887225
410730
912976
982012
703096
271551
281407
419043
289717
937822
880013
596602
754352
104937
120641
967943
289476
734315
762272
35054
19616
701769
354752
674098
903456
72343
682730
282076
766343
87622
778539
792372
444251
606332
252535
570796
897566
479420
947963
102557
939044
90756
225982
754216
844630
773110
143539
720063
321665
376174
530973
809404
443163
339058
119583
614510
81428
364551
112415
616885
546901
720032
324630
885955
283481
359602
835512
657346
348964
139299
638010
749396
213731
269856
25732
578614
19042
719245
766069
422142
966436
839896
960333
848835
26402
259559
442364
740123
392419
187183
368324
204223
886388
896230
276173
336523
175813
674960
793285
443618
918176
154806
728753
330415
995718
431798
944661
207430
966760
477363
815932
465704
651391
315500
837669
810277
424904
196203
626954
8924
757664
329492
649422
260382
769783
547549
797250
150193
824372
270044
266004
284400
300453
527867
205268
136080
408801
418441
146852
821053
592189
618987
2108
477923
947239
341744
800343
594632
888418
645954
281470
852694
992222
831863
333359
55991
719219
662151
712426
584089
809786
505753
650071
896593
116104
80886
199319
118939
285064
649375
605989
676031
577972
225977
936425
431632
132400
337318
994521
118671
647747
107504
561420
514540
783154
399135
888861
831340
898427
458410
383224
178278
336939
405002
139780
423527
960156
580009
466925
759797
610063
789562
116620
559793
888034
330722
74934
550997
266478
928147
971294
172637
542847
427450
764648
977283
295345
627214
646795
193250
609891
847497
826273
846716
8667
240372
344526
743319
211318
935898
990539
912002
172234
839582
198542
343093
821658
673065
255512
826966
423220
747195
522394
712920
771691
872867
863301
191806
172589
555914
211373
258558
181248
181737
363992
474688
531741
530587
781929
279429
54633
289228
938212
365669
354572
168273
995869
470129
458544
555410
24450
524599
465048
579426
138817
462435
429402
697903
2071
347202
617275
2389
828151
959010
629925
873933
353427
320534
900743
220354
283017
375382
943305
755460
943597
775554
97835
647829
487471
513671
203961
498209
141033
522202
428013
561035
539848
175010
520993
404067
802644
375474
577903
449715
228637
798452
782439
269753
578436
374817
30572
269038
985891
818860
208811
439877
95770
727103
456953
51439
495863
216924
692168
862811
354753
354918
481030
978556
210529
142073
444243
592642
634414
112499
720860
970794
497107
483990
688281
325681
720031
327558
350495
324580
561577
348204
175586
242707
864350
846013
328971
102435
269097
51349
920754
987267
876861
508349
430137
834807
624002
846988
782660
445392
822234
177193
771672
256444
995790
74862
488463
154489
391962
270888
814133
388005
93777
308283
391299
352754
538222
398818
323254
367733
213945
842965
481610
158685
59155
900291
895128
563776
406878
443454
699401
928209
755019
859767
26038
325998
697793
743646
996894
343574
287143
362603
518147
595896
223502
870523
198177
14758
279422
486034
868620
221033
783835
267455
768101
65838
865204
194269
482168
283421
673129
185333
608565
361418
349622
473473
132233
694916
94752
767756
383577
75403
471098
192437
507931
895328
882196
755154
746960
599732
690625
824432
750178
617602
903620
544569
213462
670072
999767
719407
628781
811856
817367
360404
283933
458302
480975
486508
239527
257602
159391
584218
923477
602589
720840
174631
388242
385824
322455
197474
606629
269151
899692
409313
46604
69637
647207
34021
341873
72833
248878
189404
379403
25692
208255
55764
664881
865609
731868
287138
627243
137522
976622
396261
943311
978053
675944
571772
553789
286284
703761
816756
72940
157811
962120
980765
818742
968375
834473
628747
187021
190701
675016
964134
548875
696877
113178
699758
353448
231577
913716
724624
256261
74829
37931
649821
513125
429477
555482
685485
206651
372837
280129
248207
157661
52809
643594
138091
208984
586346
480232
493815
19422
888138
793880
726290
381787
548412
526473
963136
997222
490803
609944
823747
399314
591333
520180
683858
460771
636187
54433
843833
234077
609112
836568
628492
343096
719715
617675
147337
871537
989939
26565
103433
724282
17591
506672
885859
877202
731007
241
364638
67951
394058
218414
389072
955031
488749
639919
897239
874957
322780
64930
981619
101609
220120
965816
38975
259969
19317
848238
630986
979075
80135
847206
371094
202533
626665
457651
619052
427571
529833
81396
17178
463687
344979
654103
739915
601239
507416
656063
953537
760552
666395
167040
504689
171361
20249
577287
109435
19578
910194
746583
716164
311763
480280
656942
250802
570273
648147
659910
941059
358915
655982
702711
371594
143155
474690
702521
862088
325271
367068
485256
261283
853047
376462
692064
261
755146
167631
840424
520980
281065
174287
568107
749769
589221
353884
893569
195951
623860
108330
208652
552058
323462
59266
434078
270466
806646
293706
91320
896410
247772
120685
605997
556049
267839
78054
906790
846853
60071
408878
466750
918879
915985
335936
110669
639534
385148
86277
775875
460131
174241
58914
568106
806567
619199
298522
877965
668309
816212
506336
152759
993239
776168
726781
287700
613600
373314
165850
322165
916547
153982
170475
235951
937519
619575
999864
292962
850248
307934
277641
622871
465314
894252
301358
206595
293212
14644
596776
245225
465623
547921
82232
237083
725778
731519
353025
951904
581219
113222
896284
606577
496980
85009
722296
475102
217048
53917
382636
321998
993193
509197
698011
45283
175487
486106
220355
837948
890670
787943
806754
205908
623773
81522
359621
684039
451166
576103
930990
145845
858351
905679
786785
74495
887436
406501
704139
298287
597551
454153
99536
969524
201574
229390
586352
783818
955918
943598
475156
462008
81201
402013
93947
305971
328314
871226
922044
643424
877521
745186
89399
550071
726231
704031
645660
328771
894527
790654
593559
152198
174087
184830
857495
241337
451986
704036
329850
321584
307044
552748
316375
175004
674937
844954
530023
240747
949506
590382
990416
839306
898877
144949
625936
343690
461424
19900
258
27360
224001
661984
634832
736582
143733
504577
370742
286336
220931
688789
36334
888569
280212
52568
597118
680908
210010
606497
920154
243358
116682
539024
235767
699624
217847
42020
488365
54610
616589
428201
868359
123835
837542
305038
807339
681621
448076
986581
986272
214830
152780
763363
486913
11337
218995
534263
187581
409130
992360
352439
573384
199089
458981
839782
460130
560286
752532
315379
228802
22131
465026
426794
444191
395831
950978
671821
960730
665558
724065
827262
760971
476710
931969
836051
432678
552900
600596
435148
436810
627549
517047
169696
659750
874697
623464
516787
116360
522065
249382
550821
32707
122513
932580
483780
415101
447289
186793
950881
251155
256557
17607
778048
183145
312396
846517
845353
337041
846862
268235
238299
874390
580103
725466
542048
739367
37192
312422
428348
925019
61861
778434
399679
155621
557840
307782
406714
552597
416868
949806
450574
293320
580350
936338
416288
280302
796358
392254
727592
462134
190924
312685
979497
253656
390796
160423
478267
747454
589460
598068
598980
748432
264061
852731
427269
27
744340
406652
710160
574301
192861
87975
276696
221167
908333
401623
104673
404047
789878
117422
516246
302729
565472
213965
263673
736706
253906
793584
756468
20513
529935
452645
954255
463707
642749
495527
94779
18201
492930
548443
978123
509191
817927
678246
193474
922235
973342
839721
708039
433920
584512
57050
739957
462335
97071
213952
572303
257417
841530
397963
288145
556419
478175
876045
356897
125615
361994
898969
361700
836947
92988
338871
355629
719304
433031
548480
409745
468064
173173
684764
613142
658357
520201
309590
534026
425866
394205
465497
727471
738849
415594
560074
310996
184857
89894
689793
529343
742912
269000
514212
323590
659261
786471
493218
584253
941075
927552
506186
515785
620179
18135
608325
891347
9185
97844
850486
370712
94624
431694
347053
581470
390525
706246
655362
923457
873557
5194
92052
957420
762756
521562
765726
437667
855179
177959
787058
552316
630301
95895
336022
279918
277382
564454
60792
862401
522297
295462
324494
633829
315956
470887
135566
314015
376466
429297
594119
676958
42989
71790
329947
484268
135853
28389
713369
947264
509426
420577
112251
552560
65114
402160
824249
210243
802415
477255
219207
219364
217264
698947
238450
844851
273338
495818
812179
954998
563091
282640
432557
928109
82259
781301
583849
918083
606064
254796
756907
214240
380260
919607
242320
825563
948797
996590
264519
812621
388033
595742
83401
554625
523259
418158
969270
602503
707622
103388
644429
129320
154229
771014
819784
634163
291709
882437
452626
493622
129792
586548
870054
348361
978647
328334
957829
6852
188859
627509
957907
777296
687984
127951
494927
545179
803790
915723
205101
239269
613165
7618
32082
445496
824236
222328
244524
620980
961310
141825
298027
118600
552530
542720
327903
228285
640382
545227
175471
343404
725000
837738
965363
312720
199984
445823
886063
473590
329628
326847
914285
773137
634305
448862
547702
557290
352684
148681
117740
163444
6571
961613
961095
637373
218970
899541
29290
335873
38669
388880
273633
650329
16983
121905
148730
342608
684661
411728
918909
859158
899610
502510
453129
380046
132952
184405
240844
418178
208104
602718
753118
5686
158486
530253
533947
814106
552844
695958
730779
916697
722361
954179
938032
684110
548701
884589
849723
948310
467316
756263
789131
522880
393276
412859
332308
357793
825701
482124
751464
823301
633301
74906
85332
824576
776404
248292
954522
784162
504923
313704
875590
19272
741812
64454
720175
772367
24845
744899
243020
27236
775647
601961
1584
664503
873270
724939
122083
577934
477596
630117
490719
915318
647014
320738
351588
518548
149530
367224
525880
421209
421691
275567
981311
344147
685940
339455
83186
311137
518365
223638
556223
392831
829484
38264
745149
955135
881211
838721
81546
232921
976113
449414
729092
141273
612560
728858
445536
972406
904987
837932
520106
361859
363938
118157
426329
455359
225131
39184
