3112
384864
406571
878716
286617
42452
543568
710566
236094
835305
957584
771991
421257
41368
224377
723356
105622
13752
30831
925100
450136
390722
375278
403780
878052
126461
905068
641955
393897
911754
363482
529951
277246
916750
612616
229475
392084
304759
189928
593158
150091
832813
680234
545800
754400
356887
278855
245547
984835
808775
987034
741484
377862
426179
688168
275229
262706
609201
168448
889376
775092
635294
937022
590785
790453
891819
258281
910513
763015
341716
82428
485531
39674
129630
562178
815461
51215
147869
885274
915333
814020
215775
11162
826045
350670
5369
97936
211509
275749
155563
700964
54515
841977
906098
153049
13113
607554
711147
177970
319867
820021
748255
62961
808827
723730
621743
907131
423939
193306
734429
415511
289854
958494
26420
426517
684852
31859
159574
44427
351264
113282
984224
331066
167600
534716
765563
654352
530649
564970
108418
329287
771796
103202
385419
503147
19000
736406
462549
174456
878133
143174
436364
94689
778538
931989
498363
725101
736932
537210
968782
617596
657652
939981
227971
63464
419244
613889
768621
486087
346358
173233
474725
856844
550992
852947
872141
492301
714471
704009
9602
198431
881423
832470
622558
993693
789533
201709
659302
536584
62242
546789
998743
337800
458564
453194
493960
646737
409978
166669
743484
672865
610787
794267
770118
369125
498884
571850
210265
481979
237149
826096
469995
474259
739110
950478
64006
175342
971947
402218
585067
34056
232513
203386
964195
394387
63716
552956
967715
529561
470638
113059
111451
565698
474678
196523
574427
392246
495235
276877
663266
168538
933804
908239
796869
834423
25741
923699
757433
899577
288808
118223
236925
2067
810197
735613
745638
993215
585959
401896
730376
12771
402973
676039
129982
791824
523074
713446
659415
487715
922786
248992
153757
642958
747305
80745
448067
446513
739801
410120
987114
80418
669479
625249
109392
923212
766771
834928
697686
711539
774051
943890
554284
724629
709339
753661
212187
39788
143450
420049
53038
226961
412724
185606
45502
66106
533608
3652
232409
168676
785693
370129
824590
605708
74558
330020
404568
726998
503726
822745
663781
929105
213162
525182
624385
742866
955194
156938
71460
545532
595476
658093
886676
699042
736717
137923
215288
578563
708604
208610
534459
971828
328622
103058
866585
6747
943999
5212
598729
459159
21851
956987
347911
299325
889681
228975
927293
203454
359057
945905
7949
733860
498434
644801
54590
293371
881666
269339
320000
415756
588027
606920
274077
490565
927710
89296
959871
605172
253951
272973
986392
711346
398861
110490
7154
231260
705516
959659
376851
327229
678769
49718
438412
789832
151097
586767
139998
146432
820071
758482
124618
94138
122616
905529
597300
738938
189188
52750
680691
297147
891411
464570
682039
520331
644249
105211
272279
444370
840336
756852
862071
96755
259824
370462
280467
222026
105742
753500
284202
896214
914062
679917
25417
900784
679174
803643
818354
471289
165105
377936
637610
880211
88525
597992
501212
315013
280722
352865
452717
83138
63310
244623
162397
900099
445410
916268
285910
872081
221779
409004
675157
969823
498701
160303
863026
421331
413115
679056
158413
93477
624955
910939
306903
664608
207426
829787
331962
12806
786508
249488
34982
839057
409149
957695
850745
112275
83097
123812
391947
465151
359069
572163
658963
695168
778808
544924
119993
305927
105129
375229
670072
382690
785398
435121
429743
980104
682822
992150
451077
712881
280604
229261
920183
116130
672816
188362
318592
323462
909612
988107
119587
57592
616256
831397
758232
592990
643426
225209
604433
753391
7589
125254
540327
659540
298421
563416
523686
450924
635245
571551
781618
375274
68885
186714
18516
334553
530171
161330
17765
955840
32236
734499
761045
607329
725135
471765
476888
878491
408287
156489
34543
4463
220483
27503
997519
252383
148556
887124
570415
780658
707466
354360
546163
580501
498571
41853
648240
598044
732017
441852
275227
978150
771951
716210
745107
343325
924640
9176
979144
528860
123076
356880
429318
716780
142487
109115
564066
930279
422992
992231
686975
174462
702387
899558
959486
987606
960979
640954
160832
662860
54888
57324
259160
74266
250377
599356
791506
774097
507206
102450
424091
822022
512356
678163
145419
316234
869813
6575
76694
242641
958036
215895
5962
369331
796923
841965
767877
258257
980609
316627
370615
106960
776178
172293
1680
909505
527756
544579
726918
142497
844756
519655
403396
826811
226580
74133
7666
681004
670193
201423
405277
180351
309420
205032
539204
334390
41013
309968
795198
32106
354407
299918
275979
448010
389669
287629
769077
818239
779087
774285
122658
741552
185184
253370
871097
168161
628646
624602
118383
318326
953695
454815
488237
678166
598957
443996
250400
448427
498038
337300
368284
597125
213851
275311
617773
396126
910803
862278
227068
556536
439523
169181
463195
905507
313980
821040
660141
587099
374193
475110
505653
906637
220563
150050
66553
249274
750443
322745
693010
896500
768467
872958
298131
513094
817073
304120
114836
571825
356945
295669
568026
992464
773470
119608
816228
861917
986365
714253
654549
579532
560135
244861
90681
363157
669408
383006
668917
166799
85560
304898
177232
576504
442334
719759
158680
479121
780156
276335
85746
325990
431859
143389
47682
24940
60116
86048
935475
546370
740919
484053
352099
280794
699644
572388
141230
146033
135260
58645
491734
810170
276331
701691
633036
773849
65772
103758
154077
474442
907664
476119
845820
25058
188941
464580
287592
211310
620887
316315
865017
56248
65470
7883
697101
592487
167268
325663
207689
696390
237017
186380
268622
238301
657557
767849
35002
215291
36369
106878
767192
855830
560450
963188
294117
19977
513139
984364
536128
623483
496062
173804
9069
805472
846374
876213
336389
907929
84948
466288
283582
82231
403821
83398
230995
796829
895820
828495
425104
988995
914465
926626
62012
244631
73637
67851
439202
982270
647033
838938
826046
674423
446938
818648
121537
30881
686403
993493
498241
210707
63712
349213
128577
749545
980010
391305
476376
886751
567523
851889
562688
294677
859504
802815
185533
592434
744590
414495
82215
989285
953842
717458
476118
395207
639873
918178
924522
901468
538729
200688
458036
124665
484378
970857
717829
573375
405221
935319
395089
414277
544431
700371
41598
576340
769745
320409
523535
847051
838352
764404
856936
911139
691892
37528
972989
845965
41415
612174
32155
913848
725868
275657
979667
435118
601241
456536
370174
917982
760498
462197
151858
369396
804611
408890
263424
517796
128794
379379
703014
633607
195775
132302
74328
95900
575057
452079
746150
846575
175167
670944
405258
603158
176607
340646
507216
110552
668398
529007
584418
480617
553061
704359
29551
471185
534516
461865
263416
355370
137246
89746
503223
85000
375472
107762
244203
389171
410079
586076
806788
455695
7997
359133
823912
278557
113304
614921
201568
115674
372719
347120
423651
209797
801682
224624
925948
523582
689173
261156
745370
118794
903984
333627
809588
687475
267638
417635
499479
902860
356336
875683
345165
285907
583510
328840
341804
754031
55273
188983
759992
437528
838512
613026
771190
556245
811660
717974
778062
936033
843514
494256
747163
607527
537061
154351
927187
177453
470630
824165
279310
503885
909657
735368
61045
920029
981085
480101
562248
38384
559975
78516
80651
255798
455172
631238
905614
183870
864873
28507
525016
791068
887352
726288
286319
942438
712466
878005
871687
133336
910483
100605
267653
346391
475886
409230
1710
261651
891366
687161
124913
536901
443815
783555
226445
809816
629375
799778
692704
529764
50364
107076
547534
625813
724066
375880
250698
656682
724233
643792
601604
36826
354001
473326
139759
894993
54019
986747
231149
52247
582726
8454
948826
212178
224379
160106
750130
573282
589173
856953
482016
889642
879192
782228
129636
309486
649421
947548
301919
492760
496095
470595
678974
414741
164789
108732
113153
926108
705324
749905
941415
224399
418769
827795
169720
223930
944184
313323
286062
994872
432763
527503
973185
319604
301459
341009
429646
53069
799500
131601
376739
738771
460008
928595
936746
646575
403794
517611
724783
831007
1213
102997
264335
323486
832217
413857
735551
560673
281266
737739
986870
62910
261861
604265
662968
63336
827711
988477
989760
678485
180659
644202
815626
205440
559736
216260
476474
754442
140093
36992
961708
569916
740746
317450
237977
59815
300788
410870
408930
666732
106685
544462
292157
435928
657862
880137
869561
762919
470769
633437
624111
274666
415767
484011
89287
324098
506851
940505
189092
760652
204297
745790
683373
124055
744999
441078
891705
733008
844854
263956
296918
61119
747116
419063
993078
397290
111794
384757
50231
776855
569917
487477
492558
276655
72459
830873
636047
754622
259900
720472
220443
740247
668555
425257
233894
49685
855655
989659
420579
688700
461682
641090
173263
369981
112597
633739
47191
441112
346110
569585
212583
183580
722935
637384
36624
513354
995108
426487
682709
794200
108825
978115
861779
310353
572949
534982
476746
915609
461408
253886
27404
360079
532412
207937
138688
899979
274634
273806
401747
100486
688381
346752
939261
957593
600499
201948
552107
383966
931381
178889
437902
132531
629708
232287
835968
814493
58366
586519
19470
620680
875748
355939
919526
276332
361833
882967
811998
206988
680545
165636
952799
439704
656963
10918
186156
314739
482885
658355
42067
297423
613459
601747
556334
473267
728427
285295
688534
460062
745751
114338
213606
300422
177160
666701
391527
41465
527372
961799
891933
140325
367212
371761
898285
272435
696677
498535
661353
230093
580929
687570
902714
109696
584784
26522
393769
83645
907464
207289
829130
150778
5495
626155
606277
728118
737184
161921
29954
476249
295482
368981
864304
235129
425537
322008
357747
43897
191862
13767
912168
125004
628346
123900
791573
791383
63235
682145
892658
563189
817848
565951
874062
788628
276975
503413
872672
370428
956160
786179
134763
534320
592518
33734
498124
874605
333490
773438
451427
20751
982283
638987
25628
177683
258310
587063
263129
773047
902653
547564
931454
573310
870735
323206
122904
303504
56213
495619
912746
872061
621436
788503
131990
28578
363140
523933
3365
153252
572564
661031
998835
14170
287223
664758
520698
450119
618679
505861
684857
710148
270676
522752
820928
433148
264929
304274
721691
537873
900988
34012
396121
645917
342440
484033
752183
66323
417801
902174
428654
830083
178235
391639
676694
926972
1615
355341
919349
958667
320546
987883
888041
703714
843164
405280
9453
447381
557698
137511
58315
408189
391481
818945
307679
990399
739032
536388
265475
745639
929384
545741
851420
826222
24763
995986
959872
997466
563878
662610
476675
659076
560028
15405
549917
875189
616808
734416
190009
296490
455302
119432
230044
568503
206495
95800
202992
312200
674016
149734
900653
207682
157302
548399
677155
616263
462248
691227
358182
187481
97680
695627
975382
342486
122423
36367
441417
815265
434572
309972
746967
544546
441153
393914
455811
605539
867779
171908
235521
229083
271635
297897
255464
303048
951558
340807
247478
614965
851541
948727
985210
816155
510946
105915
908258
994916
526920
299796
242721
903242
998493
644081
22845
725790
976519
278593
364402
350437
305592
301865
24454
425309
882119
797777
603498
163101
620
892761
171786
104858
353304
259818
972082
370630
646767
359207
979740
518674
668131
102657
322522
82132
111662
251242
957532
679557
924395
519905
292831
336417
157778
133996
777971
903409
381262
550628
996071
934437
212093
362986
287826
544730
614915
570295
631489
13436
195339
439250
191672
917253
885596
911962
601447
987940
440275
93315
96555
169656
323907
244382
944253
693243
569958
106960
159035
374140
30526
13156
809745
385604
517068
552765
58436
517147
711532
798436
564763
848547
657803
241856
182762
907553
660935
202083
797436
436572
955809
444544
939100
530078
642593
126011
605120
220311
532999
342105
570131
108193
959593
352855
219677
611551
258222
421590
851921
926014
566757
152563
388404
269661
652867
564533
21413
832073
841079
265440
337037
330337
962668
107750
589667
78809
960986
511485
721884
445593
787017
649484
49710
377029
340260
349502
373312
675736
419830
472057
338480
964009
496643
434025
501760
681616
693573
270006
513886
743714
260226
771092
550542
987479
773254
305272
298550
361741
249539
179752
389765
961317
746305
317035
103937
969931
248195
46304
686125
382676
474232
164075
835667
264640
782363
590666
990515
238622
888616
528965
736904
77967
535034
780356
212915
276834
419462
19194
920391
779167
799854
928639
430000
516576
23491
111548
764608
685720
19802
49088
288664
955447
168329
551151
959215
307814
980671
451929
505922
406573
597437
720361
667352
595829
774901
444916
623281
175527
76989
522673
32650
624114
42608
377544
215632
517484
523681
677251
902495
417040
976829
542433
595637
294566
828412
625865
517240
591808
66820
485532
796192
222048
944474
345507
585474
430455
400069
161959
710074
328008
558785
844192
652021
856107
421661
211653
151192
800622
523378
368194
897681
274710
515264
633736
477240
174531
55974
920126
128033
960625
446077
899285
246337
662811
287186
795961
26105
273722
809407
542627
642052
217450
906853
906571
61690
901230
974984
511419
384574
781322
770311
805311
48971
722894
176438
250681
552533
570803
72666
69329
15839
214110
797696
182729
4761
296769
674042
971694
954355
862753
868599
255722
399554
116466
634942
147959
138445
638558
298823
7214
140086
940644
829686
56573
758528
852445
533365
399351
764929
375387
423532
860230
628325
487914
722080
510267
667356
173240
158181
753030
554721
991889
84481
619329
498792
3010
585951
203110
535908
380191
957037
33697
865458
458273
255123
803457
102757
534247
542927
524808
785391
210141
780337
177313
333928
752698
220400
649521
581054
214691
551976
871942
277370
275565
83441
100396
414762
222912
825757
713822
73265
37655
855437
794906
934631
511139
456944
483341
498542
808847
164250
232302
410322
726815
586813
883815
6300
148593
42822
84013
672180
628774
135382
186161
399728
51098
390427
176686
418813
797454
798923
650595
143656
445415
643069
845403
131786
38095
42340
869159
402894
156090
573736
12846
754464
423043
353058
666651
172276
569716
901876
804596
312496
206373
256131
254539
943352
516027
381203
524941
565780
797714
455421
632631
909823
641845
914959
12969
854670
104906
303808
886611
75258
451979
97230
427532
373069
461423
340918
266945
563301
305959
358224
184394
324520
509124
400068
864280
524357
874549
182381
473291
866850
429358
57480
988000
741416
889061
572632
406535
870247
866102
81370
25235
758758
805543
608032
263499
211787
4549
284045
739869
648611
647405
800492
104242
24527
720935
153325
859421
108172
365676
646588
427053
488093
700552
153663
164961
217559
781018
953389
316603
436809
610809
452934
215981
120325
664689
903666
181360
2191
585835
531642
518324
735394
611434
966685
194354
790361
643697
85584
372125
181505
784131
242710
493366
291320
734914
36855
883455
272961
377913
117344
880775
527464
405429
183958
237220
462604
703950
770520
301567
517710
479939
325009
505929
403541
305411
559671
646604
314107
455112
139651
486044
828631
301214
603021
660972
113191
798402
467587
186812
843866
526949
354182
478256
707512
689488
939873
587261
194735
497569
674406
184124
660731
76275
366951
588321
474672
739100
18702
855621
732391
708816
843994
589919
192195
327458
18102
498961
837599
389483
848567
684574
239318
758467
880370
503930
825774
82796
454008
885306
205729
523535
204400
976171
475530
284830
105743
591998
28329
690904
221494
16032
56019
351339
449831
424872
969145
707955
941477
541482
559122
428768
664552
760937
495912
852087
370554
289641
294396
243887
778417
255265
333207
469307
946377
338447
57775
912359
762910
596070
272562
376668
473154
548515
960882
693950
185537
109374
160364
894068
56495
256827
834102
740871
20585
457951
392453
847395
934129
437760
84504
259900
555616
172598
381893
254026
273351
408813
357150
652660
75558
822364
461696
819467
327560
63760
845495
852269
657593
374242
273681
964170
836582
22599
761150
472195
634895
258950
611616
920878
122219
334660
473845
604086
438616
875771
623006
934176
49148
159113
229388
432744
364286
813029
766598
538313
310043
24428
700761
75356
401573
4250
42204
686168
118686
299732
731038
350008
642733
612129
848943
543866
412539
462009
895816
788291
368365
273462
810711
391136
118078
952615
28587
954855
733880
670148
643065
356092
374414
559483
344457
640687
743193
613673
948864
330947
784557
845284
620490
910154
403928
321653
232355
572139
946678
51491
573187
386822
679348
736490
941092
738670
387807
233163
30705
594389
599592
99197
120013
460997
744950
976513
951612
507786
162216
471827
135474
593006
291686
476924
942774
500636
23266
195268
623603
231014
39601
439237
736859
853410
448128
65371
684792
94063
51060
447608
717457
944597
411618
63572
167541
816139
623528
779265
884199
184914
966438
531740
895974
262014
926557
556064
540311
802900
292834
592148
681169
770447
425214
280037
694725
258621
219109
277198
791112
650951
498641
263475
407743
717197
90683
177550
337638
626415
667254
63040
398460
772649
50280
377993
357967
485206
907557
924563
364895
96277
543401
678185
968626
244553
12530
879493
420148
689530
489592
19078
67656
50393
338570
438144
363951
322464
792647
193965
197331
702616
880309
317186
69809
220532
996161
122973
232098
682587
661140
461978
636420
72835
270605
548805
595529
379385
606817
98537
925148
635261
892173
964423
847787
922825
41139
917859
180373
386994
835160
812088
870962
366440
661817
154507
677113
244248
547909
91485
462290
765552
431292
841657
572857
879042
702882
608302
132683
48770
657695
663319
898481
649258
12534
123222
615398
924476
369952
137311
162854
722023
371589
31152
858549
350851
496854
898718
706441
4919
139529
872011
649492
910202
644018
227508
596850
675126
725947
882087
896428
871112
841408
596498
834087
735780
28489
200565
470316
911958
177253
65401
441493
425635
874143
307739
643152
659598
156320
131521
412307
514358
279649
803501
121564
470557
56074
235023
629924
3011
101868
520052
23648
348849
186392
217437
555250
725713
598874
549035
332787
513210
214165
967925
656341
468234
233468
324220
894457
356653
925482
581366
531084
89850
795103
345158
162206
708092
142360
218509
216129
122893
142794
134746
530266
292382
131130
2173
327239
925652
769916
907705
537645
869325
239814
851031
761692
182976
765552
462935
10401
478339
635722
455490
322985
698405
191834
169179
369677
46715
332976
986099
896830
125688
744680
945116
611406
74102
543548
143093
202137
429265
837123
865828
69454
354482
530890
170659
534174
402986
286029
956849
744564
979667
695400
11485
834205
744099
881775
272670
45951
390822
324613
833168
14121
163098
336830
277874
297690
254448
99211
984860
578028
388164
629489
703691
885006
886327
222748
166733
85290
26410
811341
979717
425445
178584
577518
485916
285508
151952
303622
461508
128492
155214
788679
196010
690498
312565
548293
914168
264817
388972
584513
45828
920713
268562
447524
919704
690181
868895
734023
435614
868965
781208
689903
786408
39738
63982
302678
303386
369344
508788
960356
492853
797029
589564
979581
287232
233256
906061
838643
172821
340765
891970
194076
656709
707788
728386
405823
490793
803001
574615
748008
182150
250815
282541
316251
912092
175958
831594
349029
601035
604724
804452
165198
989602
703567
998851
473898
912134
694655
274676
846862
659452
731906
785991
50016
107411
662554
557159
364552
42289
849169
769907
613507
105912
727964
289277
709526
587988
178013
307678
944607
693156
919043
320179
631750
219970
273421
67513
823635
548593
670891
838145
302042
535906
933189
525071
856273
509667
25557
268949
649282
254053
72367
876679
333723
101608
394465
969051
386851
998469
920821
887711
205191
644055
96787
911926
391507
551623
567235
165232
689788
250995
811601
255493
120985
430459
267337
793710
136754
316455
941154
792033
597617
867448
370359
906919
468789
325578
184688
994843
595206
254434
934079
471041
842787
460378
473991
250944
627062
966758
730391
505853
432937
318210
265299
932246
660753
749754
610419
721784
431368
429909
280869
372254
728922
565663
305742
245223
398934
707922
505326
836305
798084
737440
165090
551576
219253
808224
842306
18149
359093
674258
713130
861621
517149
179985
384342
18439
391237
199700
78311
577345
28247
672224
129026
817440
704128
560398
225624
413530
690111
357748
481472
896467
256863
621811
57023
304439
356098
931485
918954
957626
983635
44416
610787
326762
272797
596436
980287
632365
402554
937021
448584
875357
170211
746940
188830
537276
588519
953784
388664
618390
271223
283237
591304
777778
448733
120335
782589
410420
674957
415109
706146
465682
244884
575332
594851
603697
407277
43263
289712
58779
103539
668136
608698
611487
444592
144990
981531
309766
257427
486546
168338
764077
779200
619288
496620
360836
30274
907943
825854
261922
923164
698636
416398
973634
992893
83762
242129
756830
70865
926406
39503
270950
853172
25866
223267
199261
516481
959352
449694
973969
170313
963280
812619
862709
617567
104576
647502
110556
572177
367088
104998
939412
764593
598183
123793
898845
925841
476701
225807
587077
474252
15133
157182
296353
783105
475222
329508
564969
528987
95424
222732
365681
738700
31270
149063
328448
699224
968083
697300
64207
388685
462045
574042
118431
359377
382473
726417
840439
568148
361881
437313
375865
126628
155513
129763
938912
102175
719042
249891
658521
395970
651624
384647
532218
160608
701831
526185
152355
582575
744901
593632
177712
719933
402211
783741
165336
903232
955429
405809
957733
749514
591836
666316
864336
207195
136909
