11418
383483
253895
315592
260069
761013
420384
875790
397458
272681
23526
905960
823046
340331
115247
931082
756377
611050
256986
795389
475817
167562
377304
244679
282622
348576
238240
511737
420302
919753
607238
508181
261788
953704
192102
934169
560058
583098
737722
574892
112816
62871
87500
730596
288757
708551
39685
103410
801946
713534
222243
117675
546310
565558
913801
762547
735068
873127
370416
40264
742009
677990
62395
444905
709657
4695
383913
873249
871961
441552
733476
585459
951639
226892
512054
767075
359861
949321
250971
633951
791485
441727
737009
464009
131934
939517
363276
882338
42581
977569
85222
555348
983719
197555
231347
285531
691914
872222
799507
777170
205028
78349
864289
856982
14123
922014
907752
439129
648363
314502
95222
971717
308262
524609
487752
662538
999957
927539
165732
820998
564365
746272
273414
947728
518141
680325
842610
353697
185812
198225
876072
911648
840959
765315
576246
487177
189712
674465
941735
318457
930042
387666
956185
723928
438840
739097
705644
677283
678030
705198
686231
836181
34536
234619
728852
251441
517022
247792
265340
242607
875737
555971
927085
298368
883471
379463
614375
123072
878250
465704
360822
505400
903047
991681
717514
880844
870425
841690
686882
653575
143406
622529
553255
271809
760714
695683
885909
831211
874351
753671
669140
390903
269310
898184
111013
750438
751543
615405
629111
253487
421597
531527
9498
414793
972789
279846
441099
18070
395756
455640
743341
317036
653784
365376
903321
20032
756823
743502
298764
231473
190292
239648
74623
23278
183144
93237
930196
393926
521692
18186
658028
625291
85645
713939
395285
381793
739560
20951
290721
891112
44117
655464
685138
82371
36465
422526
567985
938245
493427
5424
179261
363448
197936
449038
265473
288841
830649
251613
34431
541203
795682
349424
322760
100102
334558
9503
928877
542068
897990
198695
867983
72824
299768
957918
831635
581123
53724
44496
781554
355460
582274
809147
676653
321139
734439
401828
689373
280571
730455
460565
456616
952258
933612
61299
97424
987606
524596
154111
64485
277237
68145
125161
662747
950393
848377
944908
456246
252062
840958
508107
798498
926193
496616
777094
444831
437272
154974
60344
671385
932408
635108
152432
636757
160390
648926
783721
677768
982830
922867
371528
664002
189401
874957
32179
850439
634399
443580
940041
341438
997705
290234
872705
64259
893825
872905
520866
173463
615320
160249
154396
165239
117556
411206
135874
427082
407893
99614
788517
872755
514626
309183
223758
261383
255380
410239
45911
949144
5406
883301
702630
636720
838071
153781
9479
263066
603367
652042
177637
504729
287018
746715
482597
686268
624419
743583
744416
336457
391392
923085
499514
211350
149062
673917
559779
67192
91801
622890
221098
627346
443690
877273
175353
957647
630558
511122
671473
886442
587222
965517
144739
77482
744064
570345
307751
913068
13626
85269
295069
337688
551774
603729
110462
6326
469422
80719
82462
324313
170973
444531
958528
371449
180152
867706
863829
238751
368815
374390
320339
711417
351300
828407
558063
695373
513551
720518
490038
470794
672811
202571
115213
783290
10241
333198
536259
100564
11119
690650
79248
403823
860180
457790
416749
369360
493882
414125
139023
827492
351521
853509
993793
864841
185060
479148
968669
236870
623947
103703
936294
285084
236140
449572
781445
982260
343294
687015
570143
684855
607803
918466
705615
899197
411761
169198
307013
286557
465510
629462
720634
364835
126374
296034
864399
666591
253675
173329
894017
271002
496551
753599
917899
699364
881456
768582
57497
950729
225864
441089
439588
732770
923208
201260
432302
199047
514985
857447
362332
676450
60847
376537
83307
776030
271283
19569
518928
156991
681419
42504
952945
800524
563992
554851
737465
130087
345003
903636
978716
594685
560532
491967
502759
408920
714313
899258
528962
803473
158448
706126
444486
766883
188553
770523
43829
244252
336315
116951
667418
403116
786361
825271
809854
227168
677713
638502
649668
518056
911889
823602
86562
230100
991254
982406
278268
741470
411058
907090
809694
504480
792633
766535
906902
528102
218921
958142
852908
679966
720947
239544
834432
423916
535210
343232
349822
509722
177095
511149
261695
735917
444247
194820
456831
149586
288705
210554
229943
751671
911032
815446
767831
728247
901113
237685
726306
920621
476673
915431
239013
173162
744783
453303
832853
894209
567697
300168
662916
962431
714862
372187
57024
889848
581359
324973
812488
748476
734603
482813
368556
233193
625293
266860
619776
3098
937316
805308
661308
71741
613127
260603
702067
941315
555458
654713
670830
565616
310306
662580
612261
278930
776825
262869
496921
28366
428431
574739
750353
860949
312229
299382
26799
635638
869991
894582
189037
778638
441005
36418
892345
631962
436014
248988
210155
292909
230018
510433
437471
400957
855761
43302
793076
745559
990621
370751
728928
778035
384618
560793
830381
171938
412294
196039
549331
16099
829240
520986
84851
566806
298313
447336
106798
863816
716777
750383
949856
119405
811584
473172
876412
392875
219283
150148
173573
614802
63374
133243
324007
804522
910644
88227
680688
290022
861344
722388
574318
545844
478262
840954
368165
401398
567020
627285
450989
688586
455534
375769
773926
271941
990451
772213
167066
677695
622234
106801
963309
700808
541056
431152
653379
265977
533793
743509
834350
379749
465511
560002
746386
215853
626836
815740
479512
586802
863625
486378
639947
334630
927281
135484
473682
630012
204109
578281
811978
235390
439964
2256
196096
585980
229478
712128
326728
673506
825189
635091
294524
971299
295057
907829
119189
966673
759495
748034
105183
248847
897429
624590
803228
329118
963748
665022
814136
891347
381698
561299
568355
950185
693387
763463
220240
82355
338868
204112
237386
515050
869172
23489
667822
911332
131408
909392
858569
147942
643201
453042
887054
723920
599107
825122
939444
287606
918397
596737
41002
700944
140104
73432
230968
257287
368285
158393
125364
369455
904544
927875
87133
31636
515651
386435
607767
327661
73240
379959
184387
304110
699063
979951
939898
299257
330888
86989
270375
14324
187182
884715
405182
919542
526353
921243
361117
182938
631174
187721
240061
354230
414812
864957
681492
593510
961029
406205
277451
414977
723295
575504
645655
740782
592478
174685
310454
111631
207576
814705
622024
236762
125037
373663
224520
231241
407889
17857
350629
839784
840184
672349
598849
543947
551452
473763
639237
810402
144814
71891
187679
554533
181399
810684
52569
613481
554601
211295
825751
11669
499175
645298
123501
298158
34477
739200
191963
923277
245630
853166
431910
930035
99688
164120
349139
853747
399062
328345
806979
208973
409394
474922
988902
902043
69172
955105
389021
117156
118476
801115
137904
717391
726120
268917
998248
484274
837346
737588
893963
4935
965834
196869
990322
703935
544523
52382
741960
894449
603452
621698
87969
128043
524549
784932
154996
793193
328236
974819
185783
779876
873915
115828
870742
704449
639888
566622
287567
791722
563969
310494
287853
982266
927337
103210
953438
344274
553492
477394
546355
96905
966210
693635
139508
279104
138652
49702
169886
421139
566449
803045
488635
791851
153386
708430
446555
901936
92434
545552
470260
265180
845564
901089
324052
873835
856784
730306
868158
937006
921398
21338
465769
865663
602782
4927
321041
328399
783913
462868
24247
175003
177655
92620
385276
987709
481934
729869
367510
353823
725603
205743
596332
325194
256777
788707
978196
660252
297459
10225
538342
220760
764135
559001
978109
601880
20354
234139
510858
373213
955490
135571
796820
505095
493107
526588
898256
994912
565658
659925
791640
6098
451255
786080
898572
181241
341339
118471
42562
680403
222342
486490
481130
987860
964059
49587
857667
722839
177506
624507
787956
341614
359098
819525
480392
900058
771801
428759
567497
675670
371265
752010
112567
877774
496642
745671
303718
686317
160806
720561
745649
43219
997244
67745
263902
296934
315716
455500
506256
550720
980020
518913
884387
155590
101669
421455
892392
136024
157085
834308
915197
94756
646073
606672
735687
70165
429815
255175
421518
923946
304414
918789
131062
116961
57226
497899
274390
337041
277272
373320
319031
714327
856554
792084
51819
13864
17815
246934
928263
925126
472178
958437
633022
682702
914613
779147
309019
578285
462859
907205
15130
458739
872951
481639
264548
419584
31204
644316
920486
521627
389577
216907
55757
838305
672376
241942
665888
438106
37444
421116
284985
450471
531021
157790
455457
761368
79210
744543
346759
842394
735153
903972
982109
64653
727525
13562
814800
553908
383613
633303
99681
783046
170125
269305
214053
941537
788371
525355
277461
242590
623777
457126
43731
751423
738978
708180
951674
977477
915402
282608
660320
199774
194590
980361
555115
567740
973981
684964
749837
60225
700490
123777
294429
162326
452631
286774
891731
443163
843631
20344
852640
914425
801568
648505
304424
962643
208868
107755
519901
516762
687691
89314
600313
109375
687750
836951
372951
552132
97746
657160
570671
509932
329086
657149
740908
435985
456219
782310
134764
328724
330496
199969
557779
982638
772087
27543
97676
501541
199560
647430
587742
160667
627423
69657
367654
662209
484508
759411
575095
827688
301623
525898
111499
189560
792718
949168
805476
234297
849293
17902
192579
701903
344121
514441
86084
568899
954777
631334
348628
527739
618945
670281
727569
738124
112764
726457
972092
962726
77013
231488
635741
146414
494018
878095
909876
254761
493742
290686
81687
98515
222882
323440
455213
751120
542735
137748
627333
672378
393658
399113
183572
867289
718660
352921
912457
321776
129045
132262
645391
279604
413093
316131
97438
295000
61863
383481
561662
958339
159058
537545
433370
931427
264333
222481
650621
585371
380534
418728
960939
989080
296078
311907
255774
725249
402245
855706
138140
401037
882142
677125
130865
485742
404031
481151
717199
272619
293976
64877
227710
668363
737261
980472
405441
615789
536705
655733
272903
164789
518561
549478
963211
981665
165130
163482
348681
895737
274104
511279
185500
799589
437516
268664
362169
849432
317720
193017
61250
8362
909259
939855
576264
705604
260340
549357
580768
313524
958516
174913
721632
551393
475525
938228
917815
98200
966304
737104
645478
178564
818256
702077
847199
889853
250641
406116
403960
147447
511588
406133
159436
131227
464242
488195
393454
872946
418650
668620
304779
30910
823769
685271
221147
607395
554709
897654
724100
528834
306054
802923
112523
293351
703426
456039
294839
329880
272163
124909
363588
31182
50902
434710
993793
632576
767363
490733
178567
189658
485972
61434
807062
380877
38693
707548
13
628160
880006
455887
810501
791268
422575
266446
98188
647397
316033
633170
714041
450044
558901
880632
81008
780129
85091
654720
46772
293726
623537
595889
309284
964799
408790
303131
690708
578598
382410
155893
635977
488122
806156
548388
76624
821439
796047
170333
209083
921154
386818
412065
210873
96747
361467
721767
822417
759348
691199
39384
265403
907897
650864
322996
740763
75493
892820
578194
433115
634188
17021
20740
210148
74200
889051
750745
442296
827610
865434
552955
656431
89218
812665
720121
633355
224042
815849
434528
654010
780620
991709
622850
954281
685524
460340
276952
791040
937169
973889
899011
574653
196932
21619
796590
659376
330267
230246
908688
458000
198712
815685
3662
494265
775273
670169
159933
951747
524029
915379
107269
335808
814764
641394
699297
149905
101109
809586
799682
460261
391237
265937
946451
533264
825555
692063
134872
905156
589129
446945
923504
522286
208796
406082
911289
811439
526204
358999
781266
37557
543527
315597
470780
444662
280601
104882
597401
571017
308958
635932
414679
803553
88519
595258
339494
139622
713787
282933
274404
664369
417445
401730
303835
127844
644939
352647
278560
880869
354750
871591
218396
681205
617517
288684
207207
533680
495765
983120
26704
239587
131284
710696
995769
354053
371867
730094
624799
249172
325632
64297
762360
585613
362611
204923
872885
845384
394761
268039
556775
229869
815796
807101
418302
426647
125332
27139
616620
971779
89702
352577
515687
906740
451674
943881
925198
115943
203587
660002
597219
943918
100392
886064
436470
34668
696247
296833
372835
139948
859289
802678
301106
504222
318497
962636
119772
62894
79965
97030
735853
852354
996751
833209
68933
698385
795382
989939
8632
607643
10309
937865
372949
40008
583733
442684
148676
205537
477878
933447
61129
23141
874497
663496
813477
482249
841225
152392
374299
546960
654607
822249
200528
967618
607637
701867
301515
787788
798634
922202
601501
893236
670756
473560
826330
152374
465004
627203
168261
396992
164275
784706
269386
152263
876419
317553
351332
882628
78576
702183
366943
550991
813357
687520
690167
15574
755770
538252
759776
33146
250299
692019
819295
762182
773796
455683
746581
836236
687761
36599
137116
581982
120754
772710
52298
503718
640356
736806
546003
93283
925786
459291
278987
342720
206202
221471
600136
905362
90884
628879
784742
158447
767853
271024
762980
929957
568458
208573
841835
998238
466536
631886
344751
175246
63672
669670
668334
205910
361767
729625
99542
341177
297100
706648
999619
969975
324795
996571
165862
484555
640311
740074
143681
637694
816771
898247
410126
288871
864089
242811
495808
900800
246004
451388
268001
93797
888520
386743
634074
913707
49618
797120
76689
397658
346953
494228
264940
680393
635060
396551
10101
240917
273941
779790
975382
384061
913283
722923
972099
114397
393557
659249
920822
821637
664506
27827
881430
499254
527334
506253
290225
727928
490343
608910
442600
12122
639574
809345
744106
96136
937896
245974
11672
197186
487652
763058
667080
626047
785007
323216
367909
34269
159299
746514
416308
306499
9022
440360
167025
349397
675351
53851
195992
852627
491563
938295
908287
946639
525173
327699
3744
656520
190365
43774
80885
813032
861479
117192
77820
359639
67788
751466
876698
371322
373222
964755
605404
175180
92740
874192
9048
82519
481565
866902
198642
568462
565602
896751
211130
837002
562668
807104
935859
946463
5909
575283
387247
210843
548834
937797
595350
249114
542174
69805
194309
85577
764994
639208
875154
571701
591376
593117
739118
176399
657598
948082
396836
107391
507216
464299
932030
556641
698047
258169
547654
96608
647765
226343
846698
212462
891418
937372
55801
489373
389736
150670
701194
835357
65947
72708
180347
218706
900197
608965
33751
840081
550462
800738
33873
294392
476536
770141
198573
439655
358448
626869
763902
134687
832224
28751
675594
314229
385298
861059
529609
51506
505391
582144
716172
957770
697846
688156
501883
297783
384392
960187
945783
998514
600927
585947
448222
90510
779999
349051
343084
974001
432709
704998
558526
23023
247100
22240
138803
989316
517966
209451
970219
53422
796855
452662
896113
666341
833494
269795
766901
501304
699197
236404
386354
991750
765799
973905
19374
902933
738249
533560
610208
386514
102209
781441
549675
967398
141675
831437
331849
379313
407507
330443
179971
382885
56452
109734
137820
168002
662207
234447
972494
677481
954311
483170
191724
567007
940249
300663
523814
280033
382842
370952
106795
214431
41832
325114
505769
510166
501042
526666
287983
764045
149220
334485
704180
961963
820058
314371
691249
350067
765493
870737
91305
679646
915372
548923
607945
519892
147834
837442
2665
438854
109109
643359
932146
252394
503935
376004
249627
411092
808277
699723
21196
100526
611525
895230
493347
362004
765692
885890
644116
648206
991933
255456
827882
292395
696878
746737
327661
628470
377741
397990
170268
530392
608768
863601
615962
420554
288777
131412
571685
796084
907352
823492
828737
176615
906618
808185
42611
380148
713712
226069
199593
288167
311450
458030
673271
460067
361362
23674
140988
400027
189718
25814
719971
417194
373149
988595
89477
622608
597962
723933
926828
544586
453886
891945
693107
284749
375816
81915
750281
678942
3127
915442
809044
192145
201489
167408
646833
395868
526364
281417
393242
881751
286361
535815
621793
123346
476176
75800
964313
492243
127175
482069
140307
977578
499340
213167
361798
222963
53426
140088
237256
707624
567640
58123
163257
389728
979876
894490
499839
124136
910351
818962
122155
898556
663770
750253
513530
698659
829855
559123
991672
998692
819906
611502
28096
784232
48582
162633
493790
717870
357884
621475
467285
784612
420502
796886
875196
28073
153241
629663
57218
452317
821041
508361
198163
387553
467934
941947
887507
886064
752205
82330
280200
136921
631553
293596
411860
314584
332656
409643
32863
44112
196010
807153
279059
461672
740980
544070
701121
403007
293875
239412
955681
728909
778884
928995
882550
61527
462184
939110
436176
170510
622173
951904
47019
411525
503560
204564
81077
12750
669389
685769
614957
229296
163713
31190
686439
434822
886007
833679
904172
491255
383095
572748
134462
678285
788621
300306
970424
299892
331197
633633
775124
565650
716180
49306
774599
823485
446041
386442
149767
216157
293923
575511
718700
939040
937796
431109
172276
965843
617891
569190
476449
183460
650344
51996
657021
857969
425872
889420
449662
205132
47008
987489
161412
363790
131637
428090
900798
199700
183290
55090
811309
128027
907892
718153
399041
365748
953528
1971
652255
621603
642748
114557
314244
920218
944202
744472
736323
839949
637200
700868
646570
501170
424405
958938
785539
590935
473862
337718
882038
574431
522222
923519
102348
253978
263941
195348
665934
862912
920479
473876
46796
589386
848645
977162
55545
414446
566433
565684
189171
47157
158994
190254
887521
146298
483616
475904
862518
392385
48201
546688
207890
364465
767354
233317
483015
848367
370777
715434
962488
583129
271295
689307
392158
891804
501635
850304
837988
522035
605234
512483
61426
52349
296986
678270
680008
624505
355205
394566
394688
705184
430019
961550
952310
596190
793313
948570
426243
373807
766262
434433
935332
796243
638043
156733
141369
112301
912570
567763
366250
518974
313279
766105
165924
310136
226476
788649
475073
500418
861449
792545
348102
795719
409080
512531
661829
475451
196583
76112
790691
552172
312926
286348
591860
792960
974072
5934
69762
503889
290734
130487
769069
559458
370511
119500
274924
286012
267660
684577
236593
365225
516015
443524
206315
535116
377196
498564
747685
394843
170192
697340
849932
814331
806806
721215
847822
952246
219800
864865
657757
157531
970147
63584
347474
605875
838883
692782
257967
404059
648957
747292
820861
686467
873084
593764
199380
736002
57570
584467
411129
414611
843168
642705
490785
890416
912482
566927
43540
779721
901441
40139
823533
521057
240924
681923
628990
441670
871041
325812
357904
457067
598276
569485
613959
794083
843826
756533
877540
481788
226464
773878
294693
631926
924700
779652
453447
864223
846021
847854
686955
822412
51639
971872
969431
945013
749534
980370
633171
737838
692716
389713
961395
933438
602149
907240
848629
319390
525847
102763
196608
131792
809256
67039
928269
991064
329415
106761
2401
753691
613061
981970
747064
907347
899516
639315
443646
677165
275181
752771
704758
685952
273640
824570
925822
675689
509156
430433
277033
992327
287407
607993
627916
933328
805311
545284
704917
498318
492902
265107
508308
620922
863972
810861
755934
740147
817238
789913
282950
851227
722253
819209
427340
586703
272186
948899
400658
455744
572292
915308
39369
636915
560828
893651
649131
80721
234408
140376
200545
394155
799164
19351
846212
724623
722407
746613
330304
892863
264904
53734
403413
793428
521601
96472
6519
684847
315684
626111
336086
528983
564555
784574
953784
492276
727172
857327
423169
28455
879272
928655
703188
795524
116557
606985
933652
587629
459857
718877
985412
151820
795735
750509
588492
486828
117070
129636
929821
377909
874605
137347
322539
876162
317115
573322
773209
117409
808202
448319
629043
702182
82372
979229
275476
99180
962013
991900
405224
270377
431016
435033
564620
738349
608646
294627
794322
320759
926264
179426
481632
24116
988758
345891
248312
169365
134489
677059
477970
203275
249618
715832
644325
61986
691645
792375
255621
51383
322800
535173
525158
10392
404206
309726
732350
373174
710169
678267
481289
481673
902915
25412
534886
869377
201829
764178
673630
745956
377576
607327
764229
517705
929825
584205
944954
367279
224026
324688
226185
545914
524811
635576
203631
453260
701672
740190
180925
697340
525652
552491
582933
530998
540787
423104
230481
959023
831581
716165
55492
339266
760174
529425
175768
143148
358074
868083
111382
473825
694238
22683
388677
441289
823793
172840
636649
831386
283994
567311
998828
151251
766971
517285
501147
787922
544587
924041
933447
586834
284866
500400
819788
915397
846061
275022
144174
879946
516385
400158
248287
766987
948812
959502
954973
302518
559463
502410
827640
315990
29895
300708
523953
46733
135059
231581
353150
833776
327952
604499
44139
925055
871832
132102
604314
135935
841322
571464
286827
556918
439898
46017
461558
94403
377961
561820
428213
63959
869039
703890
536383
251476
894773
144017
587183
162624
246239
26568
146659
272294
760198
320722
602528
962761
664932
536892
414483
541254
489129
909493
769907
311237
473706
864273
748866
883931
67257
407162
900529
551296
192591
348275
44259
948584
558950
718794
626506
696896
40548
691802
755886
676870
740145
356410
780236
337797
209961
454342
433563
294316
808813
980487
288937
939146
719060
924866
914788
744681
778111
480602
691189
604484
272395
198754
961287
458021
176671
104963
126054
898912
799396
731911
374786
728293
986004
916864
132946
829894
478124
146007
843733
96006
355643
784820
401779
666906
541597
501575
932227
802367
982529
214450
583334
896311
231525
717715
947600
550049
647524
63537
121895
319860
161573
959618
58563
637592
717749
342422
707862
812769
539311
845988
687205
308136
521112
407855
995508
410824
14215
857301
877440
870578
14081
823796
401126
417326
989859
89081
731425
929263
184824
608582
869232
259664
264939
330431
487702
693937
392022
939634
976955
851049
509112
81377
770864
84454
641349
852589
269264
137384
807512
305440
696898
3542
51140
457750
603738
140028
530376
563209
237727
720738
177504
728760
60007
668554
886456
309876
303903
64965
74812
15367
625255
256178
700682
735233
643674
840148
211465
23584
105707
967183
433107
576603
64107
335743
52814
777355
703399
414837
535576
768055
431597
322191
963424
941754
430831
794163
740626
900627
890561
787560
670442
626761
550461
787153
50346
881337
519494
212998
489767
898365
121961
640592
516285
650747
715423
335745
429026
152967
896495
898158
906904
473718
755952
363979
896188
129088
594284
897761
678140
169489
568545
461998
271974
534124
397473
793881
329819
910524
919833
166800
142498
235641
592814
80064
388824
705331
745027
248752
441285
386431
289815
892091
686987
159739
898444
165928
741624
458559
973122
68839
141050
16033
589346
718314
145906
320613
173431
87134
566753
526912
680246
429829
213055
20039
987998
216050
841962
398073
862522
51488
625020
85413
470660
85422
799477
101177
956452
654843
982231
332329
506902
206938
485457
924728
994473
287922
962195
231206
397667
603957
670144
355830
160322
813947
746178
443675
447133
203898
3319
167615
642409
595812
942600
980783
123032
189917
191707
257446
611164
426008
418590
808180
167178
69133
560708
827914
821273
363801
436557
629413
462985
963185
394877
36117
300960
417796
252974
558825
385103
126381
406657
581369
834292
166546
88752
477904
955001
206812
860351
196275
634329
232659
613329
13714
637571
419349
90711
632138
691351
664050
570915
820437
302925
169255
27483
924111
16053
743350
634696
565541
420633
185310
865486
472348
985086
809788
461238
569212
868361
261566
247207
853143
404095
972287
632052
131833
540773
890500
475279
822637
294470
104146
338842
328554
531987
787882
698462
282009
300644
245603
659925
254020
984349
960546
859617
319388
252780
591800
153120
46119
596078
232343
452567
678660
204465
362546
790347
313756
281364
817649
746414
84007
575179
401486
583607
606360
211967
786383
710154
12519
157138
730208
867799
532856
897216
510924
274623
834605
48545
595672
871920
72197
360011
528508
400465
784943
631956
368703
501529
130607
213556
333038
460986
162540
494793
92408
132283
230931
607605
296809
294948
910572
852450
151553
861138
13943
948582
124336
105194
212482
674177
783153
716842
441226
480067
564736
886939
963595
720459
935161
679523
50663
195818
464847
813751
195695
463397
481509
351405
466448
215513
560076
872687
10396
927801
840538
738188
526644
444595
909731
674920
233360
565874
241431
784788
392747
807420
803384
351224
539149
656955
50294
340589
389750
535832
399720
137703
734180
249091
781417
787855
379138
37135
276557
934639
900589
55803
551039
332487
812515
887052
38264
172797
479498
820757
196958
928752
498011
305369
623287
242541
773993
797191
402760
662074
320018
322339
879822
141136
845633
688070
308760
218599
253276
321212
203071
681385
650897
584779
550532
427848
763768
491795
826372
157099
823781
427857
316122
567043
5326
905213
305873
560765
625107
690452
501956
756368
770094
114608
632853
48373
231032
257490
66822
465527
657620
33922
574583
418080
190653
61197
914940
624851
71208
968365
435290
88568
129109
814535
67295
259345
968376
444366
651483
378220
790654
953349
939006
934577
998078
116897
518351
411803
586237
998220
417095
971971
100318
700422
805000
801752
298916
824870
900349
371755
23461
8383
896143
667431
187726
450206
108096
366302
703117
912175
360168
731582
951775
119999
46474
103650
990518
612443
772371
925701
943558
882136
523054
46225
177644
523116
12678
67990
46267
65914
100697
810454
10021
67883
849589
650684
354883
347255
734035
861485
544001
843396
493645
880439
108009
308517
665916
784039
50570
882435
255858
329591
160324
849433
497297
710115
500531
904025
341382
887644
946422
634348
2470
205078
77467
505559
61987
702140
4201
717369
64938
390404
445129
953968
701725
321500
558865
27420
830504
228099
695790
998971
964930
313397
551022
454004
222786
854846
696680
178479
105947
588464
879624
82529
5238
251056
156795
236965
107050
977450
964787
459654
612891
351077
331671
408089
144364
947440
658891
85767
104546
995516
777815
455849
93910
159300
470198
597068
910166
132710
353982
334676
667994
392278
307623
107388
806494
450472
489915
340385
840010
74390
640642
104312
705300
394337
843938
883855
699768
604426
774027
870781
792980
878968
738735
647683
123750
718801
868870
329186
352287
294249
911850
234454
795088
391236
709154
605170
302465
956361
977723
621273
442657
1734
35026
232598
458647
552346
128815
299673
529847
993859
115980
111055
319952
414405
249523
835740
236066
835891
11333
874296
184365
435421
753494
320739
701092
137878
135414
898374
141696
360608
657291
229224
662258
733942
592858
181257
256688
924854
193060
326303
337585
903210
842285
749226
247859
625650
170072
917430
902585
148367
988782
591789
731091
951374
200829
653078
765013
164239
221533
384238
791849
570737
486798
560481
645377
882203
902077
528549
100900
340074
207845
681012
505706
866034
82258
552868
139971
599795
680129
698084
698481
255130
179620
237333
405846
536560
977793
251842
651879
939875
869242
588798
285440
905135
121063
601049
26962
103465
642911
406270
827959
16360
390806
980012
804134
205136
97440
982735
799042
827260
500180
737979
677709
367368
627020
713284
382010
968248
901832
921340
276191
547848
503346
82634
496777
681040
253692
467107
472682
373076
972197
589096
676013
215590
992027
295516
530218
817656
315131
568320
261301
719810
984692
81357
739793
403404
410569
503694
515970
708185
580533
920599
572992
573424
666600
872485
259463
831431
347824
467220
214412
308047
481331
354423
450826
970391
38680
182935
698937
893725
403718
878347
283616
699832
925828
83825
547458
554139
175040
103558
551604
383622
221483
106024
731982
928079
978241
931685
397056
127625
13670
617471
360316
923022
600492
723710
458769
528942
743666
18162
952600
990388
197030
435588
673223
668113
391210
956024
631906
603048
263764
765890
471954
758709
944336
673281
963534
801563
877857
323804
950837
167624
676548
612984
459710
404167
412981
441619
523335
546594
640203
968512
906057
588145
595070
710271
332653
657347
337545
340280
721912
618664
296554
471956
197793
617946
304199
952825
309507
483846
700202
112288
411949
839354
55213
899540
129943
832108
46641
434761
186736
256676
896776
110230
440338
453703
764723
574160
761687
347778
676549
505413
685701
81487
679270
506770
178660
140007
670067
673825
757041
544068
469955
765187
477675
516945
930693
587110
421706
373745
24453
975539
995023
871785
325325
761414
719223
67115
931304
833227
405321
670464
247554
705330
853263
703505
845355
355854
971041
601873
494458
412559
658780
617739
60110
764122
295730
313667
496496
496194
409883
939468
61396
743846
582762
251686
118846
510567
670586
789713
404674
737347
746183
305394
595236
123091
82265
747553
429021
272669
970650
220493
823615
992855
808905
198092
586672
904569
585543
67907
711890
562429
875663
858287
885891
724662
775811
448845
765888
395146
354209
612780
228900
52238
308372
365325
719438
396989
302503
588340
268513
487443
615508
193934
149862
521932
341947
970302
166988
669556
247534
804038
269263
406699
312297
502030
23861
421751
330143
651412
210805
193990
179887
647025
66483
141118
569269
909060
662822
830211
58685
675197
791963
250181
514195
912776
151698
829250
352822
698899
430726
811039
529259
57150
368331
132703
473069
345694
58319
841853
48514
258542
125506
65964
913896
709140
608018
26857
4782
91403
554255
698873
277024
867313
782382
482372
339227
501807
677929
671566
725182
658048
296387
521038
548737
509152
202538
937197
628447
74963
367925
23900
722479
934928
459660
171666
248337
616456
863590
45601
238787
691606
391917
112820
415699
556228
361727
197479
482095
753975
619534
340995
811800
33273
82215
294101
825589
586849
834064
882281
659780
646241
439177
593448
66731
444844
749557
608651
544365
611394
397843
415483
776952
827545
445668
40199
839131
160809
66673
46465
473428
656276
541925
777654
192455
480497
464405
895879
300171
469492
231969
964008
633247
746683
461362
443893
446074
203767
862051
9580
105600
494005
479484
527627
328400
917576
784665
466567
59770
507605
12649
213862
230222
726139
754002
510457
931024
42077
89842
55738
778759
829389
535425
924798
694004
337558
109586
541014
176480
805734
373240
192264
174479
818902
592709
988709
293520
442584
940590
685063
269110
34620
182282
373481
519137
357983
588537
742755
262901
900016
650593
683712
448493
596448
709012
682302
87752
146662
708686
690785
37025
751916
636954
701556
491484
898393
477523
385821
127036
988412
277896
73948
736210
815058
318457
478304
763217
594740
53950
880582
879740
224544
580231
360558
105792
553889
874046
763708
888030
47838
389001
44968
806848
605885
69739
821379
995565
320946
499274
999111
128856
924968
336139
136025
848275
437194
941785
610013
581025
327790
795525
369270
95464
56094
728263
384857
716165
310725
933859
127564
883642
36723
721127
569985
758275
801037
191057
413193
636486
308564
998029
105911
946664
431120
559195
574482
247676
867736
907279
244469
120150
987265
9778
129287
125950
282657
623686
511443
105728
621758
424167
572803
237216
93592
891597
188158
815211
907408
683758
322715
361065
942324
483520
618176
22639
836136
382108
48860
447505
393330
667198
511421
188532
628065
890281
660174
315393
519707
749352
312305
369653
698818
657391
600693
173077
60675
259423
365876
445695
230523
955048
580364
596892
939397
809929
507640
366386
12580
770227
934730
543574
225418
73099
837447
147454
989891
771918
482079
796469
150913
470864
679751
59495
255044
673821
765877
18012
471973
453568
504951
154306
91648
37858
620913
557090
265532
327049
15217
592117
765625
985154
828912
52112
666900
785946
648552
504250
436633
257542
408908
809758
885894
263714
533801
440284
573112
355926
29399
304057
946613
982101
715483
126967
538197
574463
362269
428096
553741
266023
550016
445564
339225
999214
574755
131330
360390
356238
906932
528298
967897
977651
93676
809793
798879
791171
122794
722710
790162
898559
568112
158769
371173
800513
228404
57379
382701
591461
852516
927545
685484
264964
19770
947978
657082
38620
451191
124912
229074
297739
289150
821459
528118
365178
274640
779424
949824
796759
913760
201561
788423
991354
135123
208455
710954
260905
483862
60426
443004
938743
579867
261521
14540
612807
170993
160676
909391
258798
430910
391262
852012
929334
100380
911801
387812
579647
169742
879874
35485
167617
304926
369259
688073
775276
327572
481471
806455
765616
695764
865328
241846
421720
514389
419212
687969
600337
7738
566670
358028
483017
635023
389265
630154
145075
379105
30687
338776
962791
630329
760040
41193
943269
797175
582798
11214
576762
470856
595549
504450
154555
994052
579416
940367
179310
845350
350574
322337
622153
285481
360268
873061
269394
791419
762380
419486
468709
705184
167883
477764
29076
672102
587032
537048
978920
889537
574984
480777
899654
828418
977894
905084
796973
304760
535431
83836
689756
319523
481404
580798
385809
789265
164450
269455
910379
955032
933971
791388
487345
714735
924479
738718
151211
314409
964885
327648
103214
211598
551770
392430
162038
427991
49181
8988
965995
62534
454721
228464
505862
307808
242233
589101
773773
948616
943635
342397
662522
166394
864491
439993
216762
449184
676544
660632
715153
665940
509091
877043
734298
569267
68491
654129
207212
827866
727750
349588
335833
308096
177610
864094
265232
21872
287466
514081
427042
204001
893284
219170
203041
372083
738135
85929
715045
116808
889425
224104
904680
351485
596743
21830
735633
940036
688414
496774
108622
950560
512166
639897
441626
520059
997094
54460
299102
491815
179282
686735
530612
128303
73945
926004
505990
381594
360411
141536
627861
433724
455352
537985
20886
701432
34115
910412
664694
316181
707606
238050
716222
692988
367615
306398
65746
929803
788632
602238
483476
79386
441653
502251
640742
816200
924022
206054
76044
504320
1531
839761
47471
861006
469111
78360
914877
864087
318110
877562
516142
915706
760248
750072
398690
316610
157975
651864
103078
21637
612453
317206
786966
784924
13719
446376
812188
28542
131454
683180
216342
157563
819900
928305
237974
741395
641491
163167
988099
881
298777
930692
283036
437447
39304
496571
690589
614087
398066
741755
548986
417914
628305
260153
60936
187969
458812
218875
799931
735463
835062
113339
425034
350879
444001
703540
288751
561054
248912
724428
789514
51543
370298
655069
201829
971344
168714
692129
586322
176030
67922
599418
253681
211073
129888
187996
428238
83486
252713
146840
560871
185557
668450
79877
440331
977918
421806
798989
470621
496453
910130
87185
82296
33119
193860
312506
331756
600040
83393
227165
673639
16027
747261
510410
315632
418989
113749
941938
528716
751750
664033
146034
699203
537309
551814
743744
512380
468271
443048
411697
134661
988187
226172
144164
670895
425309
883579
842639
530582
73893
201010
35108
397567
942931
811958
668319
921242
919954
680438
4143
781542
956558
844649
939390
891636
500243
555238
103007
160131
893955
461714
864915
797386
312500
116531
20792
632213
507876
658915
24975
503111
177305
183329
225320
843774
578841
918018
929708
143699
739907
486469
30151
504320
609801
963203
274480
609117
440203
379077
209174
671363
821456
493296
445160
252241
565283
953179
586881
725389
431560
90945
961775
925922
299290
185554
756319
488839
673410
31204
394214
737153
41302
315975
66158
630783
615307
450549
45307
432866
625177
775016
925529
251232
167466
344966
673700
834750
611069
5304
589492
820154
142942
782424
434275
95819
982778
466312
358395
888192
743713
325920
159169
406405
562333
932095
192984
252549
313641
484483
896724
150569
320784
747731
707676
234110
734756
602265
401467
263028
477207
616461
50691
471106
10105
510893
932574
589095
808974
583753
931122
625292
232459
629754
768560
588294
372269
466291
338554
145015
269687
939247
504239
766996
673478
278986
344340
976640
333522
901548
789344
664663
262083
692448
737444
445128
916717
452738
558869
91674
325866
435927
222967
2255
155283
122807
40
192229
397274
538341
680583
764473
563079
607039
81727
72775
730829
54352
720371
428556
66505
557059
530120
597196
455830
470643
896393
492848
442447
870301
669755
11143
599202
887287
502143
377261
815437
131738
699101
754313
360441
946970
505203
713008
872367
916982
531833
964071
929403
973995
638127
221189
585116
22819
504870
771319
193316
18314
257000
556894
126258
716418
228358
521299
36554
272172
25916
537738
360398
793063
533058
779540
8668
123861
172146
92862
676483
860696
758864
353111
687010
535261
530235
80911
254623
545614
844527
767675
566785
110507
37941
609717
168875
963635
706216
741409
670326
419004
403043
491402
471273
196706
824908
785002
204695
158300
313848
877640
700886
513450
75322
796924
815383
450282
296139
178510
545063
299979
164247
554493
772673
287832
385378
59035
348941
105590
949717
798933
811961
67817
401833
842129
443187
300688
659823
80240
240576
487089
297721
656627
415612
663791
869032
233273
331567
397016
611796
803494
396615
648859
333777
900704
318072
228439
749092
782835
345645
964814
530882
157781
99689
939320
69569
714499
333055
104052
267742
863050
728874
769561
536810
944993
392458
104171
912977
532915
279036
129193
650568
974331
941524
918980
2387
524489
126777
397994
174128
84833
758686
287167
357027
764610
433817
452013
683103
34244
531041
394706
998734
405275
551785
427864
161725
318072
132307
513699
288551
544590
594707
981347
473500
922674
520609
752840
914510
784475
155930
562901
177464
959369
985652
962830
19500
526083
403676
287051
305143
69944
366702
173743
705266
554055
838928
757874
991912
111514
784300
420121
467871
890925
51079
732744
281733
997165
638083
491758
823353
106363
363181
868958
762226
727695
378500
648382
434000
375225
373191
52120
877373
199811
171513
916302
168192
35635
166581
287146
737374
429165
335143
950163
140333
486005
564398
186524
272886
859473
792717
233655
835462
239628
315272
430407
343953
369239
741089
982739
867140
995787
868783
727638
566438
939722
892439
345395
864233
296643
654762
768901
663251
847635
624859
946517
649156
607625
774171
238565
908643
747074
51091
758377
582185
511283
565373
615253
36426
838725
589472
204177
574715
455835
298854
342794
646756
327151
96475
9570
940708
311450
867524
259527
517563
716018
28890
487649
525017
240269
341538
726949
335360
413796
177066
676807
371160
778900
606433
513932
496719
561917
720531
361213
924330
950285
204545
270391
54445
435543
75289
922592
819171
927005
611095
930228
176523
283117
221368
290621
342239
554534
551702
574945
601410
588060
921573
94677
837637
380689
756808
849520
613461
433572
608785
408218
613381
583494
358420
882339
608884
277286
308134
588720
235227
526575
371703
60304
749237
485223
186505
385900
57611
10104
216972
394461
125659
305100
835928
303960
484644
784849
974726
5892
754321
928604
111532
927596
855040
679017
616435
307600
774573
353473
155670
959190
227392
943540
429240
19294
981743
365190
409250
387763
671761
693286
269401
317597
413633
626073
925336
54355
494059
817718
186799
530125
274934
715466
387704
285752
175950
194843
461233
969027
606988
43210
650427
323351
594821
595986
898030
594275
342444
315565
215959
291413
889508
794453
235791
157860
508455
714792
47929
401418
361100
976740
29015
171087
717880
997202
255881
219393
149220
51328
135204
739008
853190
770534
230763
130997
918559
289578
959789
404131
635808
436671
876090
61910
102778
320040
402307
126519
303937
334043
833869
69377
545019
838592
69074
974030
724043
256601
216948
51851
837237
146363
883103
521163
654669
880058
87802
331127
404481
823011
703561
880994
748415
71586
690402
717114
921540
780932
730633
35226
396227
183191
866347
521405
197934
715630
441203
362318
503203
729025
915917
339739
555318
865009
497013
770983
339543
257512
775995
962014
387872
843487
896213
534883
825150
652281
487328
38917
961913
827981
627253
217297
510177
720769
284516
766593
589719
662225
544080
209746
729589
762991
333799
986099
861531
80133
258299
991577
464151
822550
567490
388528
77936
341250
39783
850923
708559
689960
138570
491068
633227
314853
980635
967968
300751
762939
230094
168722
512938
860238
118523
677983
414899
39240
706070
431065
932759
294683
280006
782821
813185
701030
553764
888880
94756
943217
843025
208126
742952
880339
319348
183522
829423
726259
855311
572490
794562
566955
134141
893618
834781
354376
708426
684857
657235
30382
916462
759953
585183
758617
828008
636687
747337
138750
523764
528866
82673
976463
881704
143328
874364
65694
418673
494332
37656
549849
101028
984020
239149
206835
429251
776551
708897
715748
861199
817636
334792
351750
584644
372509
295463
596640
911798
514906
411363
741824
491206
777994
697867
683649
287553
153045
500799
795501
661589
803469
318523
78907
102448
56642
10628
950393
101943
893620
319789
408133
351711
909859
838982
418229
400300
85955
768226
655895
337668
41996
871428
7570
31087
282285
770470
626539
76910
160608
781861
96676
865076
335129
736204
191422
443909
330072
510843
928480
506922
585886
672627
664208
858318
481404
137857
894173
961785
348230
504261
651871
645990
513319
145567
953110
330754
764494
161013
568496
958980
168390
665954
5927
405923
144676
176574
847366
198393
983961
57478
740171
799538
638439
660904
646248
662384
423857
878958
580132
148607
270570
915012
66975
478192
616624
999911
747058
17492
662769
824108
767092
881879
509899
729707
729946
338614
795826
647942
823990
131550
860234
861785
899232
401187
879509
48704
953266
87321
934662
306111
961836
63891
901108
568594
445432
795126
190634
285202
889865
184312
445787
697281
712989
992890
385075
414834
18657
241536
437192
355288
38515
529929
491503
835753
798274
664655
614380
116334
510737
771805
761985
281066
712347
543368
703335
302244
924497
976075
507803
973651
815487
643203
149967
215270
540556
852867
864641
11821
297120
147797
830697
322535
43424
911566
877388
585001
834324
572429
668654
514919
388522
453584
214692
635426
987284
201650
308295
498990
482124
416325
979653
834207
623479
991048
495057
100431
172199
64837
694011
459279
461435
786122
648538
337384
272673
942529
234213
812876
731964
183982
44321
973662
288800
201925
548469
980251
509690
495974
53401
943331
133517
390902
771821
644648
716055
353947
352614
876722
167122
640403
664355
53644
851542
357298
238365
895119
878748
235830
361789
295816
897053
501576
119752
412297
60312
546194
404469
9481
29747
908983
213216
481400
876857
384180
554263
656548
532866
362449
662032
528961
336496
329411
750525
294680
920725
104353
722424
432271
255218
709121
630745
753553
451675
117743
815335
873497
46134
183881
271275
195616
90466
181690
16864
554465
260852
332817
997638
80709
223452
419645
346646
49201
128486
138343
750735
321192
729180
967340
885039
624669
248266
955574
521533
355993
561306
444790
982915
278725
228829
519359
581146
462869
619178
985602
841053
889745
61217
236450
437567
276417
966473
683827
579257
513909
132503
779284
144027
384430
905360
515494
655684
426284
537349
206248
783981
124949
50749
497073
728159
553087
692785
782089
149701
285274
857713
324900
836892
162685
964516
649019
801414
91979
95788
278600
498686
48258
902376
954783
227495
329952
78547
931300
667837
688818
672138
691181
213932
456186
606634
804341
858623
639036
178264
8249
348017
696869
536602
312370
987040
718425
230114
570544
284703
712856
938731
250256
471978
935691
545916
926106
176949
280689
295562
820985
478813
554785
762235
141015
919616
503611
170564
525013
297448
813679
174643
536420
101794
824937
551497
224451
760173
781080
6655
284949
642894
275546
559337
818014
578688
451078
404472
401050
936393
746709
261530
593274
930792
365933
888572
203708
303211
200140
820719
76069
753565
829517
556328
399390
622939
786266
301858
250152
777544
369391
626654
565630
298198
21766
17546
724358
804357
420901
629696
385011
710825
936192
728293
501050
558371
410571
167602
485422
597554
206113
589391
381114
194018
522314
633947
295419
451874
106476
401033
748024
298867
405841
457508
728958
610813
185681
696882
9052
357948
88796
399351
188088
91607
558502
92433
996557
235409
153519
889984
539202
889112
945326
540040
380327
154555
78874
872111
390222
264953
502356
244833
131588
14644
342836
796020
153643
350725
356014
631749
366901
247529
544608
350465
911807
817880
148604
722688
102344
802998
755917
57355
896076
408675
986855
878398
380609
819629
902768
571529
116653
992613
154564
435152
648354
945231
818826
384755
197080
464754
669329
772392
863781
979920
524197
298691
124571
817712
596148
464279
63038
485783
692120
764663
625696
791957
161665
774038
347483
907963
525504
995660
1323
186282
376050
349497
401765
744454
282439
226628
897688
978762
863726
896637
785471
969526
354527
691361
114847
754467
614148
323579
660035
256694
74693
111399
939410
444403
443247
797746
488138
491049
213760
651037
874459
114251
836241
343552
750370
659039
842784
864716
237760
678735
327225
844841
844759
201949
204097
248638
620513
271156
346911
878734
127148
990041
76487
958399
741110
72128
563045
971255
259873
904635
72994
593887
8594
269838
599189
936137
433580
245405
858825
247726
192293
894342
875751
48784
4993
926924
929600
854718
783091
936232
532025
936054
409037
563012
126228
566372
802271
702594
422615
530889
218740
723958
814427
537591
836709
59445
652082
627193
558296
873093
951158
962575
723865
741235
525802
252950
629203
671428
260624
186182
578154
821955
703495
297878
857080
294585
586717
857978
819363
355067
658809
270860
195480
799261
149214
790217
566502
706693
411229
279922
344825
887450
105690
379666
596209
204186
94840
529760
827422
412939
645988
106746
405210
169737
14331
259857
882500
267454
853721
783652
709908
331632
685567
986021
442464
289653
617056
574647
661546
696193
653000
586905
700963
722464
748778
870940
715585
907903
665540
101648
162296
876644
405425
701053
219159
851582
100299
415949
46914
503702
773946
409095
627400
994469
143454
690486
493472
920768
819989
276904
447493
106351
324137
616722
588075
927579
45081
587793
225436
114213
557634
293579
291252
58195
961130
172980
690421
304037
948649
447533
946632
56198
614517
171910
862033
778142
538376
255844
543533
593604
861680
848126
68811
161681
907827
830081
215332
791824
872540
213652
645208
825169
934694
939573
261287
517596
440068
833922
135560
807299
487883
318356
796009
921041
835197
827206
362180
655454
189939
505107
574299
733508
290022
847325
956112
125100
120090
921738
25955
980033
281703
858185
729736
923207
82021
919667
191268
153348
421555
439244
313060
753180
84388
100776
608314
833019
830343
13290
174389
289259
819922
79080
450428
55749
310635
56043
160360
860676
710994
452050
864443
86517
599469
475221
954560
992074
319473
503719
443327
911246
441131
680117
440541
192820
211049
462540
108366
496584
55367
989975
569529
768646
613913
725765
728807
38537
823794
217417
812134
867164
432655
238907
746496
684461
886371
193372
107347
18208
454592
374711
796237
908031
705119
990818
724294
438670
153548
366628
791738
634428
24817
644144
440289
834870
243196
623824
20525
779926
346736
347165
382368
302138
275590
284586
580999
5359
103677
432001
570646
609355
34181
138757
140577
555097
528772
929655
561205
913519
725122
529748
715729
857116
891192
988058
32004
371518
425200
285675
98404
111216
857496
234379
453672
189472
937257
201348
945635
950654
699439
864489
808862
93648
554420
318391
143184
515298
952397
555222
187580
537435
731584
61183
404199
546539
150096
23033
814005
319009
58663
723580
361056
94233
360608
481526
489363
388499
264622
368171
527145
667998
838956
486967
284925
299442
920385
799855
884333
692510
760943
245478
65776
943510
248569
762187
451473
945966
122351
95856
364168
787940
217495
646309
238707
226071
308922
87107
47670
910038
190536
520837
968044
688660
21480
763280
326472
404919
445856
992595
496909
119695
936286
930377
717734
617060
649057
89371
854563
296616
431623
136931
681424
211211
268403
369740
439220
544045
557978
345493
379171
477743
611435
458676
861632
498722
923097
260951
872659
246433
69830
730181
294659
232571
643789
512611
296304
961736
672044
491219
913647
697181
291725
776695
158627
178650
461679
307091
455988
503520
398517
642257
600239
338208
144395
864542
316986
540623
109489
879729
72370
180277
662374
465195
418787
688933
200625
538393
505379
707335
528910
277783
926283
944465
920244
892816
950675
630548
482239
656736
144969
174195
703295
952218
217006
447214
890908
692389
476013
361052
393124
120193
861177
174263
416371
689192
424578
508177
382142
539983
421331
277221
50940
765387
482571
613320
500209
748241
937589
28031
153688
702358
981831
209258
668396
945557
708980
741213
112723
569967
665902
705551
158440
846828
742523
165291
8483
162975
902707
240132
971623
144616
532436
628262
972648
52627
488641
764871
562424
716638
180958
169757
873708
147160
741056
714761
636143
665829
12245
497520
881699
867230
569040
465131
782383
640213
841998
646740
198825
404662
40586
970433
484577
985993
777721
239693
223560
620435
274756
632401
654204
278557
909920
469106
398705
354764
84107
310100
94269
848751
931492
99885
609024
747160
479271
929332
539309
709089
387845
358327
199866
373584
767452
904268
587360
218645
222040
868831
355791
47088
78885
615403
592306
154031
65936
139332
810714
911573
536825
154128
174921
361943
582455
958166
130206
365951
575624
146030
84888
326131
980915
852952
196616
542801
257725
688553
853847
834865
730564
357601
980081
416460
935034
316695
485901
575098
246274
963093
768155
95831
597920
64256
329929
187327
279520
349744
571313
702777
766023
685790
489762
241840
487085
649659
341705
552988
18111
410589
118331
780736
377616
656852
788578
455692
969751
142427
761987
792866
853449
780650
520616
249910
629140
215657
22254
73550
322933
865983
352749
211881
548470
545671
688703
818364
588296
198180
548911
902103
980152
269739
166464
613095
724113
450559
102423
398804
783247
625019
542598
691786
577979
882567
625717
993877
680296
351693
142767
247398
812936
878534
425223
914931
23979
810414
675749
461562
406998
945942
826992
52901
12988
958296
538777
119113
509212
514148
620546
514312
977078
341689
991754
122135
87083
186480
528119
473114
448816
90802
861438
795244
396206
479882
675953
217594
312506
165653
16709
871119
854636
282070
732095
641642
892510
682662
155899
509515
916227
607304
78809
809741
897249
876059
14213
306988
13996
416489
742496
250984
50241
875420
752912
70787
457467
541839
50721
617316
669686
488642
591318
105246
635294
518440
556689
170058
985074
926427
121754
378192
63451
649967
626703
981893
654691
22500
891240
130926
218644
804981
513126
333667
596206
239373
421912
838223
276100
666521
297098
717076
555635
323705
201802
332619
777152
747728
506264
733097
576909
853754
250345
464381
454776
498205
48984
642133
550480
66264
399018
307009
381621
993305
397564
905455
165131
429899
690443
794549
726042
869740
587040
515886
306438
566012
862038
13371
982630
803921
128905
680875
48898
421960
835933
501365
524398
290710
352040
976738
7357
142844
151485
974536
189668
36633
39510
614448
678509
348121
481053
507161
744468
575115
531735
103382
823106
866577
534894
316370
957283
518064
281689
898164
729766
232519
630442
482205
370257
624093
711540
492942
422334
287571
105686
305895
17973
378744
734952
503306
588135
262395
778242
148830
441861
340603
206628
663856
346875
860027
902981
802035
73741
109169
800891
83496
12876
862333
547907
11993
352628
717047
490478
101951
878437
48097
258857
831619
720316
545468
671143
202977
436238
840118
122413
615273
595329
379392
634105
753568
284678
982782
816528
472259
948982
386712
258083
416875
667784
195054
608861
946316
626733
370600
978252
673175
392009
270763
926249
487104
268877
808039
573317
542553
357365
17805
763730
21853
587099
394974
629196
436554
22839
728479
480322
20453
873012
604649
870981
906977
480815
683612
579052
279770
827918
400884
487552
605308
404667
482547
243403
246721
632700
114174
409784
552919
322353
673284
413927
968415
373417
145177
168336
275474
470816
591905
95761
448702
248985
545255
49237
159662
606740
383885
397155
738920
239917
998814
237696
188752
490705
414207
314562
930538
440413
923653
570163
370173
291349
521696
592606
281362
284157
353076
637497
599196
847896
606792
111150
499505
819322
803543
996872
211510
536908
181188
231415
592602
246492
882411
112128
213817
145630
86291
552835
794656
947012
180799
69290
951088
337845
9827
506092
556571
434604
281460
87035
174476
879792
415512
829008
807459
837868
366909
564112
751966
40106
755206
325275
748435
102640
990495
136946
141337
371895
683505
601090
646983
686788
551217
740625
884564
452838
336147
200644
16030
484299
752285
365898
56262
754558
801814
366889
865528
609793
264541
188579
574024
589058
57877
570052
66680
538238
1726
415371
584470
796719
763039
542707
230274
463027
468383
971677
720781
385403
338356
51995
812478
877228
280627
262555
456558
873941
690053
262638
325715
10254
675578
889652
831769
276009
209591
284838
313132
779352
231499
201472
83
103451
414752
111305
163318
121955
993549
396224
207040
712456
284616
627365
131423
108964
555513
525281
759208
880394
254633
47634
81624
723622
878105
966647
461046
730291
875632
207093
9236
238483
66764
11588
913331
576782
788025
706681
763846
532650
165375
95856
296015
395874
852437
465557
643046
827975
780532
405519
487832
61296
848775
882698
620012
108639
853118
397344
472385
975922
962818
206820
372179
687874
131523
293258
678876
830684
923309
24182
782423
932954
515704
405472
642463
52445
396767
516960
365943
545640
132392
498843
517795
479772
174306
711050
186931
267788
278381
162340
923423
905660
927219
793192
603150
748923
957557
746313
513649
199258
15744
326773
534412
415944
9662
515524
552213
325643
765480
697850
815349
631389
144665
788856
241323
450017
623614
572038
222864
644480
850218
916917
214517
531557
336646
762996
749224
86673
549349
521586
131670
343003
532534
814186
975626
847816
348115
358096
59859
806723
77046
6486
112260
981945
758539
792475
329493
353683
509792
653937
161511
373521
354936
654153
612901
499136
978815
576125
11526
632983
872473
268026
264878
1652
729684
929096
208756
860910
563643
740664
236735
155734
594636
237161
795273
393935
266049
457206
578182
604551
919882
769152
432157
741137
937372
584723
100053
796321
904163
585463
561611
482083
687123
926614
655199
962424
957084
367940
900783
892622
978876
149232
594875
255514
758638
903206
691432
676021
403968
839679
383584
634128
325506
568486
825686
267478
537306
73351
349479
242333
334453
732182
287772
200327
788760
438072
481676
625787
10133
257682
65759
652283
40088
962669
74093
81955
603041
561731
908036
948029
340172
725481
687240
992835
110924
948888
129589
480434
72054
242905
642177
236743
55097
291661
631324
422809
757420
648342
193433
884754
106176
553574
922086
182987
866004
303714
321271
574531
428328
929074
916162
614204
876073
259176
99683
890355
531434
880138
61215
344634
885044
216893
879813
92275
804084
19408
738352
896875
466962
127843
490282
987216
972899
988403
435307
933137
900788
170371
356543
706769
825543
947047
336901
137927
992474
515632
526291
916980
269090
941359
953655
218242
875159
545960
535577
889398
399337
831253
799548
132626
586640
352019
447523
326282
659649
759085
517136
873888
20604
851140
695207
687774
989570
607192
623090
908784
480676
918005
939070
687771
967799
178364
354338
112094
761252
43853
637343
300195
91612
432590
640099
696546
522472
952283
370152
115539
297182
862858
975418
560909
907887
71577
307477
618432
834526
144054
123628
976524
727691
244203
134278
667708
169517
703525
761795
542050
223647
585375
819325
319567
525009
351088
14026
46703
122015
171629
405725
57727
678462
138108
505868
242029
428243
908342
452204
23947
496478
666360
977880
262894
841427
381895
152337
436009
942409
165533
824191
971105
599051
281108
791574
129229
955725
631022
730324
847565
400697
743487
239462
414691
238822
758583
951082
621778
13418
983632
479247
710226
991110
960976
909017
254828
413632
319163
748993
98744
230222
379929
610617
910129
1518
868831
394317
287282
143827
767549
836389
669776
162361
909827
162471
907219
922585
791985
666745
893841
890296
296281
858660
45673
324123
316531
265684
659161
269973
236541
397948
173309
57152
443981
991318
320933
833290
710645
200968
148689
372455
302609
764066
358859
26916
509679
640452
761441
899996
466652
671453
44862
570691
45831
858382
17764
920095
650645
609773
956937
857879
834688
893797
104843
806756
848812
476218
867280
401572
523144
960682
931454
721805
824285
918511
919700
221374
625142
255521
421603
654257
953580
256569
524269
736205
897037
285233
780440
177049
878825
454407
984655
941642
345208
649951
221814
454461
723051
613320
180807
441536
66126
818519
144526
470538
882518
295087
69949
555979
265101
246627
991149
984286
569111
26866
956530
998364
302751
972529
394521
52042
783204
998982
996864
66098
809818
786192
938003
874127
524670
976228
360415
32673
597049
244339
694100
268321
504496
637191
243804
483855
155494
292268
176658
795815
845775
852139
964704
373937
914418
749233
124346
354232
188345
694287
43121
425682
879128
140123
713781
967390
831640
162483
551978
617613
931199
288353
253541
886742
110046
393178
395523
345741
149047
440865
254438
357262
23816
249609
389261
282707
723896
253847
476495
872742
407965
608454
506164
724080
43304
551908
910960
63279
613486
831961
794237
348870
71379
127175
344404
708654
346837
861389
122503
829066
512626
381542
761982
893017
508983
160943
134540
227717
619943
713478
598509
695640
613188
204750
921758
668174
800573
491150
923289
526149
118003
821497
265132
570769
541417
674888
615669
959404
38153
166980
620796
415882
62989
215392
277485
510667
652880
643714
992240
416202
512498
436834
164967
109010
569825
985611
828931
452593
257611
506111
4291
117540
722525
815928
539595
47537
321910
746248
546653
996628
501421
361441
992886
692305
49339
83505
153159
563752
48647
571942
896334
128423
838925
919567
427345
523609
650026
450402
679863
747740
700486
433306
83331
599057
302238
899129
567918
391980
875308
252203
151903
890986
848502
804875
904265
130467
982384
975358
460513
381173
116495
603901
965691
576224
317932
630833
849344
367152
311056
919415
969486
711125
81122
109315
762668
638222
308330
504864
763688
756676
420417
333077
626127
163571
336599
285412
526857
215619
112097
165036
634702
268597
204573
708078
683785
927736
372867
928556
971399
749468
201290
286061
71900
600286
990675
163102
73811
889953
101558
953299
230543
176702
681768
524074
540162
650738
86470
839632
347593
980342
884672
860509
330851
72748
77797
538139
513293
305461
384454
976036
631739
478815
929546
988137
361908
310908
483022
375951
676491
348302
93750
485427
163893
691230
372053
989262
9676
721835
851253
859188
296543
916608
564547
676983
364979
403231
758490
267944
131419
597657
743722
114301
129199
269311
428933
972686
945260
549235
999622
736378
300584
455575
759198
948583
907824
116647
796604
271526
833152
879075
218008
865716
223838
458468
319261
159772
965011
933584
885809
759226
551047
46889
989090
490524
258936
397631
238766
428993
641302
446022
530031
251971
885375
30786
257761
332688
88850
598559
92817
882068
118962
455581
859876
571955
212505
580968
51138
549490
491926
359877
877917
287413
477092
233641
423521
625827
544617
616228
191674
449765
672456
255738
939197
332302
223395
726546
25972
153813
502960
364360
9865
732925
979831
564765
639181
127509
240101
584142
528294
825691
150864
987586
96595
567420
385160
451548
299486
919031
121494
835953
986077
976799
573396
46355
14052
183487
203496
50572
528906
524952
14110
156583
970518
696453
101922
115175
277511
167168
61783
124059
393277
378365
8854
426953
363655
788532
966214
797832
836810
475324
201492
163306
353162
674835
323407
507093
193240
806522
558499
817523
398296
106813
755057
383167
607854
40528
381319
174784
491205
978453
638401
650963
372923
827067
67899
334880
381677
949248
195441
237103
586330
387222
542006
837907
952630
540836
116685
99588
499790
654435
663016
100043
731410
262185
339642
112022
584068
88835
16891
851691
46652
20794
171576
323385
529365
245880
644692
10570
153720
750277
414303
380373
783043
307754
823760
164849
281173
604982
904866
941475
607864
696990
417609
773656
808876
188415
312016
37230
400524
76992
605137
589676
379103
145683
651088
813011
548734
790746
256628
776076
209245
336550
389602
753792
339383
508634
319799
256071
662554
203566
126562
615160
210572
209616
248541
397343
555033
573604
189062
969420
457210
913644
724126
267592
582244
455875
107357
421987
136426
830724
428911
341417
312655
466568
902095
233523
697196
779723
375423
537689
413946
827248
692769
545477
5501
551643
383157
753378
704654
812668
190704
716020
619779
104684
68469
491586
477628
545455
794482
705454
901005
63385
426202
438245
559811
563470
926586
519409
254421
231714
408187
33643
61161
188383
93875
302542
817791
603364
149671
722856
359358
361578
498017
969322
585049
451618
393514
560350
54878
829882
660133
504631
442779
454271
839944
438084
375405
840605
178039
742079
846694
972801
620735
644226
664730
798303
762539
637017
635271
159695
323655
885874
864862
389843
944495
198897
172338
494836
690450
74144
475388
740553
131529
805252
865608
742233
747406
722763
414656
530840
896346
625185
58387
721294
200991
422945
678530
665557
172639
793384
35847
564417
884455
359302
267234
832794
973484
904654
413249
312772
137920
282253
995851
558400
802737
973847
460681
866955
177343
523068
980337
968356
448055
748378
333841
161387
300592
495436
82773
634917
95969
137408
76021
202908
178078
293799
835261
611299
512429
972357
214458
516920
251849
106920
422590
13890
856307
146421
427985
380601
983855
124062
664244
192420
584994
430831
721810
463806
402566
493064
918726
847346
111367
479845
186115
300870
162941
870041
96420
251284
407623
357082
622737
955570
746368
840309
420298
558771
935265
151586
122579
134471
837555
342386
53052
207421
617967
199141
518220
869737
598067
144920
548746
709921
787939
296091
395815
614241
643866
692577
455307
736078
546828
869136
244730
809624
240122
968889
966051
567736
233104
618785
953029
244121
879646
984702
789439
59219
280049
294013
91186
923282
637902
671936
481556
633877
604362
609381
115476
876050
752457
297345
776613
627767
509713
804269
850730
880780
608266
383414
625020
950197
517780
882616
255579
165971
42373
192581
115822
436937
374142
826750
859064
898011
958504
633732
759322
151795
542288
220873
731391
69054
670429
573184
34215
101235
36970
643635
453331
559220
49028
454706
422410
822797
439105
326953
336839
921561
614139
23243
642560
509315
142824
7211
326866
839338
999063
930409
8078
450078
415817
734089
371290
586119
730154
715231
55621
181798
445483
630758
733611
278002
90301
625841
53441
690148
639339
557881
459518
243983
372884
47572
762279
900966
553284
988871
981365
702882
362287
224370
49956
666107
940489
795434
771226
601939
823556
674084
685362
215666
927591
385548
909477
516140
16456
451893
238613
973727
794342
114539
62069
643033
513189
282085
805015
935894
690086
236311
793619
141350
462531
98851
629713
600685
440228
678127
959860
496005
992001
620498
109155
321982
763700
428007
886133
641221
849657
992580
900665
179810
359814
427013
339615
941595
657985
909249
225030
824694
546658
58847
260066
583644
337703
571073
219401
809625
326510
49501
76827
774336
553458
356781
113356
463212
386276
771709
816016
529633
365861
168802
872353
415568
313502
312137
607856
247097
631293
527981
593830
831595
957324
215650
789397
602727
628399
374799
420992
430755
699130
663481
328643
140586
247149
776441
505184
399008
873549
296144
653416
26339
920032
635601
138499
27854
20740
781756
93660
877847
315564
578027
75819
836120
477112
588902
758816
870059
8240
113873
577961
553582
300958
236421
274912
614950
431813
303227
370132
421951
327297
803300
406003
404273
534972
971863
445329
73791
710410
356194
312407
273497
270051
876289
775562
743778
787642
961133
46903
333388
944958
734219
723193
808030
45228
51909
186662
769751
850511
345718
104604
845933
680342
885823
381027
441262
184912
386423
960447
914056
427078
592063
68245
794980
982836
294323
51319
454892
214310
409660
974222
366637
396332
605186
997475
848664
315065
494207
669578
980131
514462
698607
802091
890893
806366
799523
357358
980222
859053
322677
881859
154316
208010
311510
492043
573978
334838
482371
183846
584347
122384
223446
335002
790324
189710
795449
789852
672448
933658
245237
424767
275053
989894
475880
251062
738435
673902
860053
941511
943365
336233
481494
515855
193008
285419
398636
571436
637408
632058
283639
495114
255826
424395
51521
77
249604
630713
245684
766808
381049
939361
763052
209016
301529
352988
121511
515313
434740
286298
294873
594786
895079
157783
422493
369367
149975
284669
330053
463851
244954
529687
325906
305944
745078
613612
926655
767517
44609
919424
521336
852235
194919
449699
620072
96107
274698
744052
723120
413455
160580
18678
874099
197236
156936
507724
805646
613073
401446
192980
272613
105406
370797
393630
107160
958020
34154
294344
102357
78845
769359
606455
338247
350952
879216
232180
24685
774091
622886
230048
17605
678981
152406
388053
389094
348143
405964
611291
891117
173422
881408
709636
398927
602777
947451
521189
742222
60353
280083
689265
346887
433889
435666
209331
243240
121123
35957
174696
202622
594573
134864
593398
314220
601222
23247
769485
648312
752393
210583
40793
293887
162725
152842
850337
384521
535406
286506
446335
948663
349188
776277
774396
887065
24061
372910
385095
329180
471986
709916
717458
27104
403235
187628
265610
364328
667016
414546
349169
869931
696181
762381
154265
702279
389096
729000
514815
475605
491634
130652
940609
981143
190592
730259
358397
358158
162374
678215
812296
105001
496007
860745
635464
894295
409795
992734
219887
861181
814077
237124
187092
173507
739431
931090
376047
14793
204460
451965
726833
738488
998810
595191
164030
288691
827307
50481
175048
18027
480942
278977
563785
171281
159063
312351
495069
396583
904607
152074
492217
788272
136025
988360
483916
821254
464851
966346
577456
506250
530533
382893
386509
10421
687321
60957
642443
832973
268278
498516
50865
836532
376171
742016
254303
894171
825045
790531
330276
855635
14701
937876
694141
397700
715473
142147
342955
172790
861933
104409
946543
797773
92038
200477
629605
999378
364963
989428
649595
384235
209880
784928
536844
881901
123312
695081
31709
74184
87542
634073
25842
489761
306464
947552
186702
586173
908761
484248
932614
422232
414762
305315
696321
888790
926020
947569
313615
405393
776172
271006
546466
609041
828739
546872
648045
131417
951281
733342
637335
260510
937838
143171
887388
957395
427757
678994
598913
319263
242405
553132
529457
917936
275708
894989
974649
476521
131090
416844
45405
936119
402408
946433
623445
684737
573548
334785
518247
964606
623330
199876
499298
92896
821744
339688
434676
698414
629382
768142
203625
551407
277544
673378
896320
846338
979417
821433
677996
435595
696550
851923
237540
729480
267532
912319
703527
476801
181318
899038
646096
760606
494328
451135
542097
223634
65457
142698
447311
488053
776928
663352
441690
645104
602455
931039
188231
14801
471604
299532
107116
421631
734961
901993
418744
88775
398794
65214
830124
569940
372487
34739
89018
530878
139301
800180
29176
718073
510373
341421
102785
239598
692912
609205
532457
253159
211301
257927
611610
416803
129089
135338
435408
249417
310954
179315
925869
370170
874584
913441
781305
600447
188704
144742
863098
623393
909535
559365
89068
133336
196799
467094
497758
248603
669161
419943
3625
216470
625415
588669
578573
477882
963828
406264
822953
911406
157123
684692
850007
888291
233449
627467
603234
540421
944072
524312
578149
174733
59928
375255
823553
140979
740276
429513
163578
71425
629631
627763
405551
572035
851761
446821
261684
51227
916290
722648
794189
756336
822641
384881
913162
621383
247857
74402
937338
283242
433521
684144
344141
921092
352966
950415
517642
49871
691384
666985
546793
165412
12518
388029
43022
798513
18518
218212
931234
675785
332829
41456
908432
955350
421543
559853
82713
549033
91940
192905
464789
697266
721936
525840
592711
306251
684893
155535
496987
618286
71806
511898
385790
425031
884562
308394
146202
819173
945963
369694
340141
355082
48763
414178
563205
964705
231963
883757
632794
527823
30583
999396
530247
431714
674072
973980
908391
595622
639439
561149
570760
798934
442939
455233
150543
479664
611128
518492
353384
373217
878116
773366
891367
278432
655439
803219
155840
923159
378686
177620
910751
512123
345884
385623
13733
190780
32510
493369
905729
509272
227281
843323
154662
544267
183459
371970
378478
592993
471050
630840
920331
948267
633333
8913
754853
710032
209485
897896
926934
496891
883015
477511
550526
698354
203209
933062
767299
825351
301814
62858
181544
89959
389528
576239
332233
191887
201321
383808
909936
651103
180094
425955
757784
597575
333905
287762
381436
427997
871337
933507
514906
110033
279592
323498
423817
563448
107441
198548
816180
892932
631667
550708
149554
606485
268695
349691
825219
459304
985538
813600
248682
588653
810119
494079
391778
900151
169068
355358
868158
592909
404183
542730
323232
655453
149590
684192
587221
892176
495048
434983
673804
904377
55274
30171
531889
495847
211010
436997
287787
371609
961569
358853
691182
420113
296729
150194
941437
354689
253372
498904
335040
780770
955020
610080
82429
107492
155460
781965
254582
502464
236482
168802
421280
136937
177679
914850
798395
922464
536205
657007
895314
412967
219196
128020
64593
225421
695464
109406
764862
203816
903987
533221
473366
85729
408698
642344
610245
164009
573799
488342
510592
639434
437907
925097
417091
748568
186645
779565
713762
507014
104044
819231
453262
611028
609413
124784
364327
773414
91881
599145
573432
372017
562437
892072
785299
648846
442327
625736
962826
143217
649907
489247
467847
551091
636912
260448
91401
196938
993329
157601
734332
541531
33875
814008
218867
747046
697456
947966
287748
34272
292878
199029
632448
866590
717032
246662
478669
256621
570902
464419
104226
491582
744795
831115
99743
601918
584971
230827
115847
155908
950231
768738
127195
374116
351735
900253
210196
597025
503090
4833
863676
846079
8397
601192
495593
128757
822542
615138
373207
202049
958699
323996
548641
677334
74964
426174
582236
698929
620122
396143
559824
187657
346106
240019
455316
796261
626954
572852
293445
233159
162431
972734
912610
568518
10585
98276
793031
396857
318699
130081
174532
928015
836363
687193
37338
400700
244626
134814
762385
288334
240848
259854
389561
879582
994511
61081
235899
632481
699842
78560
659482
905374
409739
610617
570060
178106
201574
508239
618735
150511
194997
715238
177834
286043
454824
601917
639265
967733
17864
159948
233876
468442
426785
598061
953685
285893
501194
130327
383012
332574
882514
576965
693097
499497
849929
564149
189644
612191
142376
245068
356980
919706
458078
969302
241179
479273
324792
805036
919051
399108
785131
116590
957559
836697
422273
321776
360632
350340
657822
699186
503331
733470
54574
466310
198787
993772
763630
357206
694840
841913
523091
538878
238891
691198
341658
377173
901100
947837
444013
587593
946923
22637
753327
478824
939920
936591
750373
195963
875255
502815
612672
612877
845323
791014
460875
805321
921150
41068
506733
311553
23074
742987
512476
540299
756391
294303
386335
793670
626994
709530
711997
790458
604950
611444
346567
473054
587377
406015
493503
124467
560102
818840
69540
112781
617906
63097
822363
867185
618029
516716
958843
398170
371295
858970
212341
672342
289853
769538
131103
352845
603327
544773
528731
352098
957215
293277
945000
610290
536751
241838
66181
775354
34007
516469
165501
725
60650
162717
665364
953058
166629
322864
729740
787844
952131
217067
376852
513731
658560
200298
838286
871760
395944
898498
450043
208805
14426
521837
121734
468491
677918
184160
123562
255797
573472
238073
671232
234058
687241
347924
865833
108800
484025
478589
283924
431523
264099
167231
654892
700790
368516
109147
732065
941488
15361
462805
445202
426919
176924
917352
864980
728395
136274
896665
929378
127368
618773
251304
59489
882639
476705
696163
542862
232047
833469
531926
274118
339933
257936
822877
293553
7954
234014
866202
303116
479891
831453
509249
407378
138444
424952
38352
847367
910358
447391
586780
376033
987224
237321
114823
92371
614729
172487
382798
650807
115219
428742
839423
440023
343891
500641
844999
266583
865085
245601
465897
643203
775389
499602
418251
717297
159608
769091
669867
935187
331985
822297
520047
45851
422407
57168
517913
244043
995740
431184
544025
306200
846160
38760
520444
617914
684715
719273
24131
831251
602458
295457
446670
231417
705073
574707
925431
412578
27279
898896
461052
39147
897567
343316
457940
375429
464635
59647
748386
995068
799531
791694
694919
427749
79306
275765
926162
831844
823689
956924
656659
542871
681613
149171
728077
979299
411124
267475
565065
24729
38453
91699
497479
557892
977509
930403
440848
795729
418198
809449
236263
674779
165274
748758
829981
562067
664485
981891
168836
12041
375952
10349
71803
148697
490362
307627
492712
15028
988041
404936
412229
570890
903822
901377
870033
97617
119559
270748
76262
73397
286462
158306
791146
77148
701454
294076
13407
120597
309765
652134
263894
762204
165349
963410
665537
652044
287173
17179
18277
759202
889813
435108
956654
631465
306303
9165
662108
947976
464488
420753
623068
562404
924309
804351
399025
591987
49899
143571
135505
56990
922063
151921
201484
303058
240172
100285
405287
445092
677010
784409
70791
419550
602619
668604
144457
582507
491882
887148
318959
219610
895469
887640
581044
205970
436353
390484
163712
175059
749780
654257
707895
733668
563557
791224
277995
948447
689735
816387
488754
742741
105733
6457
149843
515615
684640
564388
362266
913986
478004
172849
984395
287038
375545
416131
560115
965172
719332
909364
971225
284465
725165
139817
308500
614363
85868
373136
258934
208630
970909
7161
440806
765012
82178
40526
7564
469527
522344
317872
360293
800932
130753
758384
383158
311398
116912
189351
203869
350652
152164
582003
4482
655936
458076
424846
548973
564085
765576
402764
834482
491532
322896
291057
168263
377107
837038
3436
856118
226747
421174
427764
85101
145988
310518
172478
892659
232071
872888
865624
392821
544544
724516
206501
209854
626165
752386
150645
175558
622248
879134
368705
422753
914837
855492
390272
779800
772360
578603
879528
750805
459262
576238
48900
647543
325782
599029
127982
774854
158293
578034
898666
952896
109138
535047
398623
195794
647876
863109
803315
274146
285094
984784
282945
200329
683332
209246
829306
167518
965670
414238
456725
988718
216982
83061
356532
520519
670350
931363
976725
244659
844099
561925
759089
127299
187656
277235
720757
272641
516449
503945
624218
543367
810341
823747
31715
94957
126158
758274
595058
288221
813473
254251
54600
872323
161588
606319
180248
453665
319329
874725
100934
534975
14214
176466
406593
651711
840821
192971
800825
637071
173823
834674
726399
671863
933016
928412
828153
358354
233895
581203
343678
435289
975021
799735
531540
103067
379407
506879
714755
617865
523777
165021
891861
216493
805969
29568
663469
494779
973645
497395
888642
214080
740307
392226
478902
267255
832435
137213
181591
748347
404610
876661
954481
981334
818430
676324
182029
605303
129561
946953
434891
433986
775716
668208
697687
808450
578521
17904
387851
783674
718149
657038
238689
61849
189072
805376
646099
954699
765098
176268
550417
676652
722452
81485
179678
758615
686280
586519
749512
849437
269255
780594
505730
729553
834237
403203
227808
898880
190930
482377
548269
845887
504399
753666
544812
917788
666795
583918
409386
478070
465074
886059
642364
547753
379793
80639
92123
361185
720448
26165
525592
219856
32588
677022
109501
383418
161088
956856
442754
523117
360111
326189
967145
370703
620193
185074
234039
921936
973336
240528
947663
970750
439229
965824
718508
998006
631916
956334
112506
535736
79193
117600
917650
300308
584605
62000
104081
912833
671073
607669
998611
313421
873189
543040
129105
334062
909998
386178
197844
867062
269322
389003
63701
810789
317377
657325
191860
874904
444314
959679
481744
592288
582663
523325
619145
720430
347118
906509
114640
228394
924628
227100
595303
710626
363368
806055
625530
494047
478890
501526
931610
626132
844662
175170
336594
933104
162673
651992
615208
83858
123471
21525
600242
838172
848766
345521
411857
50528
583410
719000
571343
971640
667918
987731
363025
914226
489260
532230
16760
35303
953993
881874
693274
237293
631312
233242
189272
987682
804225
68259
963548
691497
189310
355029
492210
64561
275698
785950
309183
512241
369182
901302
951266
249456
331457
750909
316069
992576
677732
844096
559455
431243
430783
310170
906666
551749
358731
458487
161981
824001
162661
168628
501989
896480
714780
211874
522405
990883
612951
628202
978534
384610
207910
373514
711644
434774
196387
261245
550456
247888
204804
654073
188099
389773
297025
822674
263902
990112
806428
305340
519059
272399
663314
81518
653911
773179
841692
181153
754270
827190
313570
94775
86555
324153
614205
980793
845587
847725
780903
635065
803293
708647
938178
547926
394360
500465
356033
292190
425289
541507
313655
934542
996271
866129
511546
844596
101765
850174
861811
223669
658611
827118
540294
428395
243569
118713
276184
234534
63706
437691
247169
73940
76072
262344
385104
438075
426002
30653
278517
286306
483711
707633
386191
303952
77669
278603
604755
805740
535299
396205
441493
150787
365559
377038
822134
946281
936253
616934
185835
351798
114564
927554
446630
323122
685102
562807
754723
270731
285541
357555
837392
909762
59221
238639
560281
108390
667721
734016
855568
541689
821733
286221
378870
838703
718014
75803
462952
785940
641297
928004
930153
498317
796455
958855
214728
969526
892227
159609
587374
182763
113860
65688
536582
634403
543646
879359
232841
310326
423791
649526
635365
36223
52289
764193
504585
436316
515547
383385
149520
58514
894596
829720
884871
944206
558933
51982
173213
386502
864569
107728
783910
326846
340869
163952
441035
564199
138926
292903
395986
421473
98347
218095
530886
794273
945256
498606
213187
341230
527075
841868
664416
308102
861543
512229
19897
906909
312035
377946
683735
616261
378087
995522
522111
753897
802874
66110
982484
106099
914650
60011
821481
277134
730833
190192
384679
830021
576368
469302
523607
103946
46827
701816
961933
215123
640848
948336
254514
855903
407014
469105
472556
768279
170270
2003
900140
323535
12536
560136
901011
206763
659317
404813
600450
208606
627252
210621
517821
139982
112876
532543
737594
551124
833541
186400
217996
867295
422291
148539
809831
824760
530416
3093
406543
969824
683828
307013
270882
90069
362835
606352
678718
864308
881620
381907
616656
191992
156714
739737
785530
821152
162353
144461
307104
484207
207430
808073
759440
13005
345283
526284
45579
413899
162134
976651
744052
832452
910461
367198
721556
134750
228896
608091
174600
787696
990986
338880
956808
296958
139461
111561
298708
968479
288722
853922
168829
15360
785090
512311
581773
398657
342196
631591
555796
637180
201515
403606
282384
823463
76555
355553
473144
389903
258545
60205
104357
847492
46380
421912
221725
242708
280795
78161
43774
472111
626659
699076
771332
929706
19341
651885
648183
866399
969915
543950
454516
491889
706501
853692
365653
865901
912629
786899
294272
