7373
288766
183254
994019
937365
74313
364380
229308
918928
133064
127564
361175
245820
99099
913689
611860
900474
347153
939219
205355
242115
455526
488289
670649
823973
60765
511245
926444
20844
778806
769466
905864
534940
159821
8560
571731
508186
248783
846488
222819
756906
680025
20035
942722
226706
624879
720164
263291
397790
425493
276318
380932
440317
758157
407480
206279
892681
353454
424622
62607
735972
267870
112225
699084
990525
553196
713134
186242
874610
777932
250331
657812
78864
465008
646445
655593
859317
109951
410200
846392
385495
837364
892814
114422
348189
469526
411961
509721
525803
931855
444867
846087
621307
752364
237010
330080
232294
328368
178194
18085
803139
236821
678570
205699
741350
455904
570640
708800
723402
762016
741944
115777
345225
36867
254759
252469
68487
719380
793255
716642
927919
337556
428307
513354
913685
354484
374354
825
590459
523437
300832
851374
955055
690813
593224
633956
54481
302463
174894
35579
975091
154213
841480
618312
851801
482644
411821
689462
217951
585883
454022
5847
432314
676753
333665
183627
244375
841547
135588
222091
44959
761975
923614
147539
257692
94233
328697
15850
174069
659295
552524
149135
517333
713122
863245
940674
773354
839612
830947
707947
425738
769792
886682
139819
583535
761370
883632
40702
190563
158020
274828
804042
526519
172194
720334
91334
547245
286524
749441
230026
924533
133077
243053
213359
622612
824940
34314
973090
206881
662031
286031
136458
817706
416918
265703
715091
939891
555971
972613
633367
470174
152308
483727
603113
405798
396738
394229
874237
813637
785594
467045
524471
532790
661174
329751
913742
364245
138135
504259
996509
792930
554464
800115
190470
228388
281650
904818
184387
886762
214432
725988
297867
946989
632558
666479
446877
232593
82091
897751
852011
265994
145960
718312
370342
276571
965396
928780
608674
499962
353461
480764
524326
896528
650565
61843
901843
849756
169575
376958
719407
424567
128068
370960
862476
475314
617223
502322
364249
179483
171185
866680
456005
159
565017
900878
380171
43721
502596
360849
568351
680425
210461
170810
647411
749008
831377
959861
911270
476855
270217
966416
361738
549311
890565
726223
179792
326034
267474
70044
960978
251881
544807
755675
527677
937768
119522
606300
934169
354980
941338
845290
755703
175428
92128
556672
584630
710789
581591
526043
267441
968215
154413
685611
334536
705893
659893
503203
588298
615730
243299
341743
518716
686175
433507
24645
759689
367369
282902
474197
870917
781391
168106
458394
531423
794225
662548
977490
122211
593171
552621
480330
138282
525153
694502
885715
322207
186829
273513
258833
365166
735412
545230
124145
402890
146975
727351
59258
305499
371558
974665
929405
49667
178030
335943
868903
450060
905298
253516
29301
552944
330015
410789
831558
430787
316666
263625
653900
427201
767261
54902
610844
781296
815038
812457
999974
128754
79760
121593
240382
299305
208994
857936
805592
846214
123046
344519
50323
529265
101197
251421
721580
628111
865037
843284
465427
937394
537668
628905
967962
480355
605494
628078
71882
892868
671283
753733
618768
605413
378964
62075
551445
577190
647843
365310
851883
454980
395034
460733
254051
930241
60932
618650
50363
787252
519808
267470
723060
841898
969445
319962
55810
962936
477951
37926
276957
386079
791094
805752
406005
750618
146063
526546
596354
341318
221388
292968
995129
288174
204783
887100
246746
372979
508381
611480
762470
818900
224541
730664
613871
235552
365887
691313
577735
543861
345049
911218
215258
27571
863917
636885
850584
185411
442982
671122
442762
541693
565889
704865
230470
599419
145225
888921
651902
282808
688378
985322
503602
217379
484295
578675
953606
541766
629368
263873
980846
65102
87979
792614
404357
396982
735226
296625
47101
750484
906557
247247
424945
651904
484390
823421
554967
106333
634123
869225
744977
671749
298561
978213
739298
166805
855139
314822
620350
820178
296050
21983
676282
527798
707222
619477
36066
512603
974147
563231
816489
618755
489143
498269
353787
744194
707231
877457
111279
582856
754842
616958
32600
816591
677269
167195
59770
475869
155733
645940
219354
208246
908947
760606
839535
755490
142913
888021
97396
320918
862379
231412
695903
876802
125689
146639
555563
827702
862161
805808
374418
287026
73497
372141
703575
737160
930842
782819
708543
786992
123456
202513
447583
595048
118653
518867
131665
927238
556942
409208
946816
177372
480854
852931
343459
506310
298022
958843
30407
584146
173854
401839
32196
711309
756076
96970
896657
791462
29555
733006
913204
768961
871368
576624
834386
818139
769942
580112
43620
336917
236897
690580
865610
478431
250407
31712
943034
383426
270883
531764
628881
366665
758571
993505
457802
11789
792761
145641
905548
652764
97670
634098
152541
969478
724306
484967
83765
354243
585217
460204
997933
956996
27167
620411
580886
964756
21124
139168
23910
292587
545299
362445
93518
530704
295388
368091
261607
563687
907745
42014
488074
18014
868342
133027
94974
232944
437569
118856
407244
402197
964641
527736
269743
810247
734700
548867
730984
659312
648400
100374
633325
827445
663578
884571
85761
126169
227157
781552
565919
130319
59915
721404
341520
469281
750887
622196
891612
229110
180282
782825
7389
877955
317724
579786
599791
596881
160043
769598
851587
345766
634031
567766
87379
888019
551774
755635
979760
856218
756283
310644
326263
289209
374296
782105
165794
811799
932093
310905
853178
579658
32161
752924
839338
416323
897109
565942
528623
96919
717504
914689
206124
779946
639557
198389
558490
966842
246465
914599
706973
299205
17392
675196
277489
438936
337327
848200
696515
885174
416924
624071
768988
128353
179545
161974
202872
284744
458160
849615
37237
958796
869904
750048
333095
990640
777206
351367
626760
645789
322535
151884
883981
142544
463065
952219
24531
30433
553714
327644
456760
367537
292584
539249
289671
711022
526727
849803
645195
303813
675473
454121
974340
132390
446783
818735
692408
215341
609574
725407
216928
816498
992693
351734
442051
32558
426458
243813
307041
895368
897925
797994
576837
249083
30085
767307
337470
101798
268174
273135
948967
32689
868827
395097
561121
171926
711792
550145
126754
958035
410553
161809
662759
144171
38798
116089
539909
789075
896984
785967
245149
831680
31053
401863
685550
487883
590935
740586
31237
73661
130770
86134
725391
124733
714996
644850
846159
830483
150024
217132
101866
714648
716755
256689
829984
705916
865879
773417
76373
79412
54645
945740
857229
220798
410413
124741
353143
47634
956866
26465
318880
504423
93305
74932
445384
464414
523711
503177
754194
942607
717098
293571
467476
722415
689240
556948
661007
454235
387956
187289
839032
195459
853911
626641
107829
934709
599114
827833
187491
634053
46442
613829
26388
80663
423140
664700
526742
827273
630304
665520
503278
500415
644667
241625
127972
24076
602220
663566
680056
240569
552904
819103
383602
839222
980704
242257
678551
307419
715528
130551
63735
649689
538355
10473
32548
661569
190138
748004
957501
968305
868859
730302
197544
181335
354846
117700
782814
974243
272883
533106
338335
213069
215479
786765
902151
560512
407990
901857
654649
363554
502858
819091
294583
978176
983489
729762
474708
175323
352477
602046
458944
135305
547572
305477
141187
520266
865656
255254
543941
511528
69137
424916
483145
454281
100326
595769
18234
170389
710011
229652
163486
595006
636724
882656
548519
437872
438136
169987
596584
691735
32305
127200
668453
977927
602735
717785
458883
918925
658220
21028
106590
970960
858474
693704
438073
116962
145849
866229
440080
839465
975125
428734
248842
994724
169195
10356
708683
163036
484092
850272
496293
478378
428699
723484
345646
594271
738576
674062
535532
463123
296607
393410
215341
564045
600163
842275
985140
610508
454419
183254
958925
622896
91750
462324
213442
703944
596371
552226
577766
909113
926514
941070
614542
298375
658814
390215
565664
711555
229371
41593
435395
544529
894964
483396
879798
562645
198686
641657
761789
703738
558041
41393
534325
219294
534804
479689
360841
367517
225935
104445
294653
579897
205692
282016
639399
175331
465279
594421
582910
651497
674709
194990
467595
610491
239184
361342
721980
921563
262144
740317
559831
612897
323054
330648
593804
607272
74306
843026
976611
586329
70148
558683
727892
31633
904831
661674
85813
883570
270017
715258
67470
946115
31488
802239
600200
496325
919383
989828
106052
284819
376621
791715
170057
620468
301111
498336
837717
948609
919059
366306
356052
561453
6101
161166
679023
886
873631
2881
873467
872807
94313
355306
881170
574727
468257
373507
889855
722146
986092
200682
981523
881585
932682
972832
30676
999336
973911
154396
905621
336349
331565
253197
554849
417168
43175
166699
350161
54619
513281
940793
415869
16247
792603
744217
69711
563944
979932
634635
54323
855814
199027
523396
410666
224042
500537
602791
937790
180337
58675
901602
31504
907632
259763
181544
571789
199348
308701
887942
301311
951476
193607
208420
904000
211350
217914
911131
616457
110746
570134
597997
380712
389479
799569
377829
325776
858416
561119
701516
43338
127043
321838
158277
429706
186990
760137
570566
934300
454606
173532
921395
541117
672437
864343
414873
552134
836727
668331
498499
444995
35857
383217
137917
678498
198583
810410
765475
970631
721721
400289
550372
980477
888529
289965
558745
284166
278027
568466
576380
166995
582929
579463
768646
238159
182802
700435
212841
358357
29007
265105
926439
797827
792898
51090
132621
215398
30827
891617
259600
186260
780600
38817
741890
694681
424784
17939
91569
17417
965436
396532
655773
499509
738354
473859
503507
951224
543424
941473
277034
637937
299473
128144
67673
798411
775135
538782
110772
279799
446774
756571
363137
250107
563297
482117
682427
434980
675507
754373
37538
999383
436467
958226
440061
620870
19493
995188
579694
545534
269617
895971
220912
842460
166899
901390
822063
323936
308830
557623
595331
13465
953933
144315
943435
494080
39144
718319
165666
32673
836143
246054
292609
150388
43558
623504
628145
189514
142685
282109
906410
562531
261339
74367
775309
602780
803111
755436
750779
159557
780658
673410
723088
1617
978020
737318
838528
704935
456577
585157
849996
660309
262840
325147
72352
983972
202760
383506
771404
291718
535823
935362
260701
341036
791729
356055
970776
352052
407329
543824
28306
496064
783
269604
790447
551522
642158
282815
540277
656371
495969
639914
774028
8963
780865
619080
288788
962154
267917
861756
12387
688381
333039
684968
451353
141020
517863
997713
65442
910953
142294
534686
552200
61843
765417
336319
493106
859280
736096
143211
630782
358057
380986
708865
390454
494831
589247
674000
955889
937675
573354
185586
649929
75635
175600
710227
688756
338873
320945
93903
862145
685693
570234
812410
239857
663683
73269
630713
961200
734303
75118
435597
746606
599885
239362
694512
507231
753309
921702
651864
816523
228811
419601
1752
305234
970285
109895
165030
837120
305157
913988
748151
450953
926326
912257
156550
64801
427284
123237
81396
717242
728340
598027
665738
328987
147746
454892
127706
779802
129682
918249
859331
769142
911982
776696
574290
848979
321646
807976
323269
323602
223045
213522
408876
242828
16088
127710
270633
861740
446602
802479
596950
782374
502066
756716
500229
320088
136430
366956
592034
692411
202577
285821
432053
261190
197879
897810
353604
413023
133754
623558
864150
897086
720061
897041
301329
912353
919141
300614
291973
191270
453032
217350
634818
221768
269181
677509
484067
292408
277555
895862
762286
475991
75102
587798
301715
900494
25388
650450
915218
97739
232213
683158
973818
174680
375089
338932
540748
246041
44899
74989
684094
555106
89651
2142
625243
871027
707002
195849
929095
909777
650166
901247
347873
129602
215101
355240
900225
418916
804431
823407
886113
443818
237636
361740
939735
325300
940580
183087
825152
670794
238037
619270
639097
252726
205295
670699
253703
501755
526316
531949
133398
788789
339067
178873
133983
280334
193907
277990
564898
50202
696740
504090
404243
436176
3850
597275
561361
220838
603547
744950
293009
433224
381312
803142
502873
974068
557472
425697
565673
102709
246103
872485
418740
339001
721221
477914
476747
663121
359747
380996
197147
96582
758129
78792
853069
337746
877163
236984
53579
691714
896346
599293
58659
910054
509606
387104
971908
517297
247689
330933
733668
214580
725631
658660
466244
356402
920026
836501
445195
20767
24113
567927
622159
556730
553272
754286
227379
120772
387692
608023
413610
151899
580837
30137
814490
373176
438669
293641
280219
438850
983855
39385
490014
314956
64937
296671
888363
177394
103868
355998
704642
493067
837506
248115
234787
229899
50239
636926
290473
499064
761743
283371
568082
459143
313151
150044
208986
631059
35896
120053
994372
566905
526039
851587
992954
158802
99160
443722
197196
69710
919856
228137
275796
589673
5177
428908
346426
110349
987528
463918
878996
884804
768154
457705
565349
530200
700077
299804
578950
510346
5804
569367
511203
577963
573762
231654
842140
398041
195856
781848
943691
700186
608313
397099
453541
488526
528730
629717
752697
192532
200727
793969
901014
651964
65553
453061
162442
289380
619700
666540
235588
664753
801196
155621
516443
502252
222199
915254
723688
444086
842389
949054
253197
774057
448669
212822
503321
950733
124202
39459
551172
886708
258162
333756
579861
520499
334518
30706
744675
273981
966357
796672
941239
904029
950908
794512
244177
645072
892600
246312
492034
223932
954540
311087
113654
300177
787998
915488
229780
208187
558443
397578
179902
623297
56155
821889
842163
665405
230799
636581
836116
703864
627159
131084
423620
653985
95008
250191
631784
567786
897035
556590
946765
662848
360728
54049
445673
60453
917313
78524
94074
336811
302243
20349
255051
904142
305047
466933
951637
881135
901408
67409
360962
44393
980924
565957
727885
2002
534685
951060
726661
386640
411954
584702
111663
995221
170974
954117
23371
639800
563210
301022
916015
53489
248918
681585
465808
58865
876714
942925
836128
183452
609195
103084
364945
164324
530570
3101
893623
906307
293366
47252
151947
680277
569713
127306
208715
416463
772416
566226
595327
209376
645500
956794
412311
96738
298694
56858
948273
448125
657304
520700
562294
721369
469366
879847
265636
987069
541570
409610
182246
539785
823343
33346
209567
231436
24334
860552
3525
464963
193220
573498
405354
804911
715613
127428
934103
514705
877753
54827
618513
953733
712420
174966
634365
257336
908932
393273
399263
89736
428331
867007
465790
634039
674573
965587
9572
311946
118859
361003
943809
745092
27629
71986
978799
972794
693679
108337
171409
85971
421170
777497
566356
784862
408467
794479
858775
957520
139993
258388
514663
926360
532168
711472
747875
56097
325330
727995
818559
834596
977901
845863
734692
962023
376576
467117
79731
780437
704631
615155
762538
507
306870
204055
310240
636509
362793
47835
483818
201267
741498
952429
210912
547971
163548
500049
362425
483484
491396
991085
918035
630060
169080
112689
510864
297599
702272
789089
195290
259796
729336
530432
550278
255197
622663
667162
80086
196756
448106
156143
35993
249717
483754
445559
838445
816028
134060
682390
755493
632059
564391
703134
198213
976247
2224
67579
674474
934496
829169
783487
609159
280587
452856
899723
292105
407630
547819
471062
190172
973592
494874
321309
849607
417258
196013
765159
663987
596342
454524
196596
912137
614930
44989
208642
98233
252697
684888
649083
682710
84959
244439
675582
871390
176782
698809
435272
886360
364578
469606
785791
694742
954173
629756
806491
227674
553063
229639
882673
662485
126246
6480
992606
980874
17654
556236
481100
59794
429158
82933
660708
952056
684175
610230
422416
53572
482673
387904
269099
634197
659563
198010
748616
231719
99991
795669
861468
8629
574528
644221
213897
540152
231424
994283
192263
961421
940987
982551
917553
647348
646514
566347
162666
457524
908356
608147
24106
753181
389512
304593
697321
984806
732415
497197
808870
149172
190841
326121
496404
19068
859847
891154
794658
351807
166937
756114
660581
73652
727219
574371
182053
116292
599184
780254
641409
703279
102739
799282
290239
465036
664550
969648
690228
800045
599794
649730
763660
303520
955641
381052
67831
95826
594387
220170
520881
865679
922371
421001
180971
287973
882997
145779
356187
942054
526230
82930
287453
904587
305360
176213
861700
185589
486881
451680
8066
167759
240279
402941
36975
205904
617450
273425
98553
928669
41589
132394
260265
457099
634835
375700
492622
373378
907730
852235
942280
888381
552983
778186
83699
221037
795214
370818
876909
835261
131211
539302
304582
152753
690562
333603
715075
225832
143583
690029
589647
988672
702275
621749
864831
462232
367964
610295
480896
786800
514720
577647
108256
879917
92326
694635
903925
586618
301601
233916
220525
946312
84793
81158
97908
194549
856200
209207
210812
208395
524398
384788
468268
760863
947537
201263
87783
250010
162292
939061
746231
14740
143411
705316
497750
832220
47448
493913
101657
42004
492573
38023
703994
266873
594047
39428
180160
344705
164284
702141
331405
148765
175401
668170
462147
62558
89074
495708
982996
499380
771758
420179
326054
174417
446109
661740
118367
24427
656002
711320
363922
212769
663
84648
861253
466997
448114
776611
730846
667255
348914
649530
778922
312963
851685
918163
273418
731361
825018
553729
78011
613002
736989
330581
762496
616266
65845
393358
893294
887233
201142
754347
251604
838851
400675
901985
741701
760863
904676
88489
581571
93181
45887
633264
734089
801440
234742
370994
564661
300748
672253
46433
644112
336257
308247
725183
774075
400421
741516
903563
225657
490111
167753
371991
4691
384543
241108
781752
285612
892636
270954
855896
21025
241782
552886
589350
389148
722458
998896
449772
211574
594371
257872
479808
158150
963645
410798
649364
403979
94660
449464
951593
709873
476556
330959
794528
354244
183386
838334
37233
631406
678735
626967
540788
431150
826885
980652
770141
302424
161106
582823
405573
15042
824298
597127
31971
410514
299553
656183
354073
739618
28109
610701
713579
502925
894793
486044
245962
246425
310743
313718
18703
136193
142685
138561
268419
267357
611728
922484
703195
963568
790830
957039
849281
516302
58917
812277
567757
353896
304529
428615
164178
977974
480867
79837
958293
130047
731229
365379
610585
573256
762361
942543
366422
262743
657321
578107
753799
386274
719738
63779
601122
180505
927762
514716
792099
885965
260184
707118
180034
434683
299698
304688
447555
160313
551401
3455
512108
81148
19242
745818
53968
782724
491430
360349
21002
565284
646872
533080
363334
495537
108454
924364
88185
964487
965921
507521
962352
367091
625127
782407
973766
795968
922088
777159
590256
834465
188805
558276
493362
841656
650708
841204
216308
979265
849728
15669
504047
254302
361806
109742
373570
558655
530170
377347
57761
433069
967808
637492
663661
824820
13046
786835
925854
446827
285270
213920
654172
288353
902810
75138
319597
681382
17600
852644
909257
387251
141997
963818
341706
278391
631790
488207
77695
67198
426777
882525
748448
662144
86802
612167
360347
784644
742377
29030
242445
335919
727393
55630
622540
129325
475148
428301
647713
877819
683346
738496
803347
402958
780624
907089
405662
854307
724124
874512
925635
235364
442151
529005
918329
941428
46844
986576
869633
93591
375141
774165
602711
744193
215468
412071
680772
81914
512191
523128
505233
181098
269805
109402
266070
911431
520845
641405
364336
193943
180285
918534
28240
480100
868744
694280
401392
691580
101089
804961
797409
684514
936460
434291
736577
261781
82332
217278
85128
131386
900823
271127
805441
295144
694133
571975
608789
257232
714503
167619
437058
130439
856053
430787
793195
438066
679008
577920
565898
588557
466086
594767
449985
832472
572611
294229
921613
18590
190932
946918
746587
787619
138295
859583
151733
469673
366543
968603
935253
865631
709732
791029
389274
843111
743527
16028
826904
653698
491027
868076
769354
996763
685870
323886
152930
514221
225903
96590
748481
851921
13049
730933
722691
211111
114373
508547
895025
206497
639839
65898
464346
648487
785543
238378
281659
95978
578488
685604
549851
385865
569925
700830
166388
511321
86046
866770
431435
874261
617266
96947
903649
538466
168047
191933
940930
8380
152996
940663
611194
142083
219848
335496
389031
93276
199636
926579
460266
91461
393163
288497
947127
52921
443354
399530
578636
776444
608729
277199
663167
179524
409201
494487
220655
185348
294296
580755
477276
954902
604344
305648
347923
782787
827631
470921
373058
424242
189359
248935
267882
190508
109060
822998
228658
312712
356534
376164
168471
576440
704772
857337
76289
880622
545617
849166
617841
750956
446043
572364
870039
158503
631013
464769
62657
194327
306231
160321
387629
642910
314812
333207
578175
895058
173321
697895
395662
715561
406781
230945
625688
555648
639555
66148
638230
776200
804724
874349
984491
404685
306586
104186
636021
346532
642704
148223
124294
962161
495557
464452
251245
58962
526175
980697
501997
631532
267835
423351
913039
639376
550291
340981
772499
276425
856057
903971
453122
734788
594240
248647
822623
722140
959609
96818
272956
626178
343259
858045
842472
8006
551804
483237
607622
216836
638588
44480
851065
280301
545537
538715
706235
601521
772060
803763
99725
389702
235146
776716
435529
872600
828823
221488
869907
915469
411421
347975
882478
205043
328107
389200
27882
259017
100417
242042
894203
378087
629367
504993
937318
637003
972156
166248
714964
532672
579004
516911
688585
594540
929499
679601
943790
485047
696991
721533
510922
931860
671338
341519
959247
617581
588388
899979
227345
173103
702775
219349
494033
719599
211956
821263
482488
841847
515283
220016
385887
845682
721623
194494
743563
292015
94736
762408
369526
434197
412154
905986
136840
390948
132035
615261
604389
9891
303850
665986
859104
665964
738179
643211
263757
283792
264919
273823
863347
67816
667816
757064
107680
917369
755217
257971
281943
28099
161484
83459
523237
93734
853134
147345
777106
37554
57101
207364
584946
479434
542433
899786
55579
796147
599560
978160
179568
546558
603076
837988
81628
947920
302367
951044
199515
947083
182479
507106
532530
49115
102772
392279
525119
397023
286909
362945
777643
582385
205035
530714
686843
211476
444846
705078
471750
786425
271787
82777
392001
220846
570975
81522
553270
843108
631133
789880
711123
195483
180915
920224
105503
711596
562475
35576
8327
475378
366381
847331
620247
894550
691266
744113
946564
833974
217715
161946
735590
64818
772752
139480
45827
292435
429452
821598
975173
430999
209285
781432
358030
665501
682722
267136
126178
972009
175318
408250
343811
334037
759425
29197
304858
680149
986613
845791
692689
183653
997269
448523
798717
962065
395290
287682
828921
611488
80879
413691
625742
906334
560188
481304
817422
5
588545
433175
336128
796296
166168
560433
144885
52923
536604
633042
36537
512674
88361
551158
466149
159700
619705
257245
92626
330635
393645
381994
868008
879819
169261
643166
259284
214829
647910
995947
544728
17864
497202
6840
641852
518458
526422
284145
244322
704984
222884
732679
762743
382192
860481
827467
299397
374199
876545
84002
36070
565460
470766
68262
287956
95816
937256
601626
434203
833336
651430
758855
467183
786840
405786
611255
49050
217078
665907
388685
49293
119456
607996
372991
597080
949171
481058
892594
710773
602754
480466
844593
700863
866335
677441
984649
699712
944137
941701
133251
820583
99762
586145
412863
812569
465707
376670
401129
11742
138990
92820
455643
401532
428104
155400
403663
675105
447905
287791
772607
737657
999145
581521
462171
476000
161
981449
280550
900849
643075
107817
429422
588733
23887
30842
769318
200472
683188
822048
950689
846861
362903
438364
815341
102769
38146
202604
979274
798485
876332
403661
388870
135765
946657
575584
683894
406541
723086
59242
162451
243116
220331
543798
415342
711712
164293
447253
69585
901425
71655
820806
692660
465578
255460
640240
421145
657969
740996
341836
238661
962168
573833
473247
73115
35468
869660
332389
901270
432715
218841
45066
372066
539634
697396
341265
95640
250708
633350
957912
192596
874919
919416
725874
264565
973881
101834
438132
494257
102080
378497
10316
134290
349774
797995
695562
775569
862371
34704
330242
166989
885533
295095
404490
626024
959242
767762
456223
495743
816030
906695
265636
746500
426240
977755
581898
987833
15038
430653
995339
131786
560930
63213
679119
88072
48476
140295
287666
602942
649502
926320
112221
313586
817223
432475
59729
53241
911415
416441
190338
45879
749313
473339
547680
8243
223934
935621
349744
639763
621566
160624
930521
70840
862938
923516
480571
19192
297509
908049
924666
500404
195521
63280
263513
137750
71821
787835
377728
561129
630908
967901
720032
273429
546753
257559
360685
361717
870694
336488
261450
940055
390844
376089
312067
932239
950381
598946
205299
910968
5229
377980
28742
943305
79
775108
612121
235535
354100
853961
573566
101388
524062
75314
742235
159916
167074
234255
265586
34784
351228
973562
80123
846554
301053
924265
193389
202019
243359
515092
835931
782428
603577
983357
583611
576655
626957
197025
434371
550385
809727
171641
878509
544502
861985
105517
618905
2577
318889
528662
234384
302151
549892
498222
457574
885679
170883
576023
78138
659848
352372
490500
999512
486327
465420
889096
183549
27867
327999
479865
530938
794062
799986
247232
123377
839355
137288
112448
736316
842455
796313
546017
842286
19838
579905
539512
327729
553706
923092
106453
959054
996178
874415
770280
374796
75421
946730
16784
738671
20097
578473
734786
627809
711229
56914
391762
733743
265199
316761
75489
297706
462482
859382
683684
405230
76440
829496
684044
201535
654624
393715
971671
155919
359957
759701
679155
567324
995170
24343
457674
382070
724245
454991
323759
262238
380431
549346
863651
395146
583205
888406
726275
716230
952087
401093
524178
92084
855851
172461
221663
563060
545317
912421
258259
857950
225892
507178
766617
841260
779292
591256
302890
516853
960619
212276
335796
960916
97114
343846
449318
326375
665907
477380
189466
735603
227322
969929
61600
211173
355145
412004
980451
265203
29899
559341
810683
498017
126869
767154
702350
482528
539036
863856
894307
483281
90199
447773
859909
419495
423858
13026
249296
706410
993515
34278
728347
856727
699277
382790
88834
504165
928391
987105
345742
961186
95977
578575
664067
667772
58746
452593
467527
436956
151544
930339
976298
12973
239213
883342
443798
908923
306282
685915
967636
94966
857059
592322
206264
106453
28838
677056
872875
836311
332793
781351
270355
953892
783696
984527
622241
962706
11944
610346
394486
30661
980291
378358
686387
754158
213312
120331
447388
813940
356182
998548
439527
39407
199469
884314
300071
243152
768089
849276
187152
286495
655475
357819
83302
179101
413078
390322
624775
433544
495539
702946
84049
965437
941778
580203
708401
2231
843174
175255
451273
202165
200331
301073
531389
838778
614430
208371
814939
526446
251577
704061
82916
790242
124361
649249
871483
606577
395086
479994
775657
836738
220847
526429
458635
43561
169720
122632
937497
115821
372529
890744
592723
721572
512860
314135
475402
748923
342922
153425
718472
603602
439642
71367
952221
829700
963215
557917
881863
258692
433677
670062
160957
40355
326576
662623
372888
553134
312905
763409
987550
556403
793975
192496
603757
463140
80605
812840
896641
508245
518725
442680
439714
58208
717265
264798
329965
741992
352793
239730
274620
614202
376998
963919
779061
778127
698058
632876
843756
833774
110426
146952
275830
678830
939786
607044
96907
570137
486627
439882
405462
271853
575139
767659
756637
813884
521073
228423
118344
427379
665083
487333
765968
596855
877806
61027
423429
9835
893457
364231
707259
568270
51519
46707
204754
596354
258879
239991
69409
427047
55617
128001
235327
284582
580536
674799
981229
847434
725646
924613
452259
773896
705544
477306
105590
178079
153976
462701
481698
662554
582297
480949
58234
319987
861834
719446
182569
247506
897834
80463
269540
13363
704908
906319
60334
158629
342679
442632
216711
789742
759869
90269
921714
449100
679382
714485
58210
721110
238104
28913
236352
880129
721781
104698
567707
149055
878098
498867
61229
700994
147935
471694
650566
386079
24663
446842
956312
595725
801622
560570
395998
803404
162450
70545
631401
440994
329335
46042
23560
135424
680035
433588
696211
784324
565563
94553
419732
88792
478120
853968
27667
47991
483698
718521
301309
810704
492599
576582
730928
8259
27847
649225
555814
799048
900191
602727
355643
900655
117633
101612
905756
870721
738476
70905
798670
227846
573821
435928
903832
700896
850146
719408
879567
434325
581879
730195
915260
53674
238015
915381
724395
905066
476288
531384
630419
961094
863803
63138
275805
766742
193926
737776
424851
459582
90952
958212
659110
444588
574033
429049
496091
392765
686739
323351
172756
458047
382913
800098
670903
708817
489411
446669
266621
241575
525459
97356
160857
128554
388087
795015
198594
240764
825627
973994
775903
95897
516490
926425
805518
789849
823049
411905
432338
395345
381520
738250
883927
896218
198246
453480
781410
332393
538712
312017
154009
534621
10837
549897
491116
485272
367913
932121
807775
527876
679636
318430
664822
245623
580295
421501
362172
377777
385274
119220
97007
954050
52332
478156
330507
542345
245624
333994
873777
30423
421777
87685
913524
327153
723226
345394
781697
105204
784100
590748
43944
781267
115525
552527
240779
646140
291153
77043
604066
776090
281336
837525
642472
278323
550908
269921
703973
758576
844749
321772
971929
887293
213634
56046
406530
679239
417718
351117
771722
225378
54013
237332
354193
57357
166594
618050
470802
17805
760831
897983
754740
81653
567319
581802
554863
606151
397075
419981
278553
40437
40887
108530
472781
813952
294720
671567
285302
747330
205885
993052
998717
504711
79495
940805
167949
278357
630495
348411
698367
647756
836194
182694
442279
151464
733547
937397
901306
510884
666757
838677
331482
107001
692619
906111
660864
204677
428063
21676
272965
487942
458563
939940
479501
977797
701271
637044
759057
787407
396783
687998
356743
522398
282384
56170
882351
567319
837704
119739
458236
937453
222759
627452
91486
643875
314589
775577
601448
660590
840178
769609
877859
998648
59164
712489
914158
896449
916096
925221
752272
943776
818632
853903
866332
913896
356957
323409
850239
337638
604673
182975
233706
350086
964748
839942
496918
767829
606401
24322
768440
874592
400333
353771
898627
369020
363803
25006
154901
331615
853206
843546
565055
212524
837820
83761
941492
195212
967772
835743
798157
365687
260716
282887
609142
674835
422025
871352
47545
660595
350987
674686
854565
615744
516100
21909
265626
816053
315734
503161
845172
212100
160686
144217
493778
908694
55777
195177
826626
331184
770913
210071
761546
622257
752603
735893
587669
968055
398193
407253
818809
826210
515471
615059
447137
907760
512812
89099
705756
198728
233887
905228
774593
123666
569371
547749
218876
272451
270473
247611
941754
728950
237889
577404
443373
535670
831908
132334
14716
585368
376856
98785
118795
615621
656097
658947
435170
306966
729305
194066
423484
882456
951948
46508
371438
897774
350322
45570
536178
427670
344905
48555
777488
797124
793679
684309
54696
635306
328025
147734
970590
821849
11923
215520
889442
244033
107413
933715
20442
308948
744733
132141
376367
499017
17071
63709
460017
575165
80646
116597
827304
507956
410613
180413
330296
831612
375007
507299
849584
961522
449871
957392
168047
569054
444341
573783
168691
689978
377406
144583
270591
985488
543695
686560
632169
925569
173725
800738
155581
708129
73963
573824
403409
633408
664417
67892
754471
544772
477702
671084
932664
598258
309019
414370
423715
697995
605331
540745
747826
87123
425010
619235
178052
586669
590400
650863
934941
355361
70698
247040
24135
972224
831798
226793
137058
218335
271265
918933
103439
986623
271447
26931
728309
70157
275279
216334
748974
269636
378752
535994
85970
481456
529091
227690
64798
987726
677638
267871
123776
522128
606058
450171
281665
83964
94203
239476
705807
966196
991113
542628
673318
207504
72807
904060
722459
895079
168191
933913
900229
242413
266320
386863
190856
950390
719686
148194
754559
101081
717493
343411
54853
336304
527985
448215
454496
60667
329548
336740
967307
875364
911917
982180
566623
534813
467401
4812
931485
903013
895425
478855
646746
72682
461016
566763
854856
767113
120847
992013
25437
34993
888608
809327
630881
969253
804371
323608
882841
786272
470719
59069
233547
186834
324897
116059
792814
401865
757650
620006
545584
710379
665448
400987
465187
361247
292524
803634
955397
410508
888435
676143
215530
831865
78043
510296
882888
669460
52067
662337
750879
501070
443304
545731
578499
22627
738616
205003
7239
594615
576021
324558
815560
575196
908744
206746
886291
843760
178974
22344
914420
5860
190340
785742
207068
887767
294138
341809
806574
477664
283959
618199
123558
433899
38298
268090
404646
31546
68040
538041
15839
83213
307494
575049
277656
793181
642484
990152
431774
459906
499780
206258
836681
676532
618134
168108
47206
984302
890322
644670
87494
386542
395554
62302
150178
939993
27753
840423
715881
947644
413347
344489
656616
918574
161178
852953
443797
572817
478338
438185
974456
184695
745842
625459
356151
293729
706559
885582
496380
936290
80055
499715
613509
170402
740471
559642
150792
879422
173994
650061
714688
450381
628190
354014
610392
903102
567492
513604
26099
836893
237252
410241
368470
69364
885179
951439
579507
817102
917138
47160
598867
466263
975292
246341
908766
790239
478155
627150
673162
821309
965424
728561
236510
290320
830541
171742
71970
620769
322617
344334
143141
19364
560207
244819
19050
462621
358771
156683
705008
706400
245987
966318
213597
80304
883381
352199
904006
501513
723059
818816
850782
103098
598735
925845
893944
683817
186628
785067
252474
208635
345932
861049
896992
501259
289464
960420
977130
892439
226415
431529
287524
636538
648581
615796
665296
752467
480311
572109
497585
341061
688065
477810
58486
650200
498396
194559
25410
38654
382743
852810
905620
258799
831889
117771
546456
198517
682257
641528
300553
259012
524546
853231
277057
898177
252238
23053
323166
577827
856853
523548
67283
578359
276554
446504
993032
748797
820906
791858
517167
497712
559450
642430
488933
723427
112989
934471
600128
17799
878639
777299
743867
622857
388544
457825
23547
258328
287440
380926
620029
201412
473763
838775
191071
349698
668706
796328
698439
513612
78094
75059
266292
780901
646241
265933
28767
786682
106499
637874
374861
496932
979749
432504
231092
722315
641726
227713
185991
284452
904992
131659
260640
732122
375414
380706
416778
322123
291037
613621
696168
276137
228827
665669
549700
681601
93184
531129
522168
837848
733912
507983
539443
84401
504137
51053
689769
249708
246928
449365
993369
63177
130258
766135
739644
530633
894241
100833
109895
122037
878286
870738
249373
151480
955174
272684
615893
573927
937610
124295
42531
378658
891439
515554
156389
799698
716142
313780
635276
242449
937352
823201
24357
866154
154170
563784
499651
867829
679033
346425
997451
48293
336779
705988
411868
754589
341570
367916
600985
25468
882261
957243
447508
933690
844188
634479
159896
532714
750568
726930
214547
716447
317564
172519
371550
177835
892140
113088
529771
940867
468753
777069
659210
393342
183782
305166
243863
251708
705731
455178
249220
871779
675763
616856
659903
123909
589620
863354
848255
625885
576714
879370
901936
996216
438080
257453
95545
154033
330684
772772
506150
857877
451838
828609
296695
303589
853749
322742
648900
757433
996094
224201
277899
429057
890106
822436
263384
514343
324554
18184
779728
95377
856810
332386
105433
320002
258343
220662
776105
605920
109246
266424
405674
431248
305619
270073
933191
280509
613258
322878
57430
165112
112070
396525
775714
135865
196668
723873
442260
690308
266995
521692
780989
233127
931226
80092
72194
945376
583301
687110
804132
734939
373382
864959
628970
390488
690404
791642
309806
770027
212027
694699
633474
512157
987055
390714
663741
333040
908430
756692
883237
722240
32450
127291
228218
815237
25135
387709
639005
209717
855663
913826
803419
458566
993959
251582
694682
18129
103558
169255
408735
392658
691674
169153
778874
73036
979790
999669
575375
570762
955332
17792
955841
695552
44939
90600
22524
76751
320317
455177
249375
607527
938104
659149
662405
937927
861495
778362
795887
107104
541068
460260
443663
327319
577724
842820
807795
372713
28471
730657
413389
439338
387442
387371
403867
243558
855331
726567
838007
489000
313816
105795
815549
110040
783861
36555
761108
343423
644616
85172
542235
373863
100874
775702
608178
74270
516789
221559
337058
895065
727677
412162
391338
410804
533292
916823
766439
112727
494365
479548
31455
623477
558100
300209
912554
763310
97273
251488
938877
691412
270831
979443
80596
709323
393685
632704
324027
182410
846041
287456
264954
260798
4532
496157
555867
884109
751430
413769
310105
116535
314766
829931
373735
432729
204421
511893
751769
397772
817304
61137
493811
369834
93441
776377
270605
852849
862849
367142
600223
257599
255036
618305
629423
649405
881200
208949
924180
495833
517011
645893
304998
899627
802633
746425
344708
68729
444031
673268
68289
550870
623719
280737
439339
898405
878864
899980
787770
387707
944417
61005
539154
771810
699953
497694
956597
527098
222150
815694
200520
798011
389033
36238
66752
312597
877922
942185
347945
601912
654486
819793
140627
664687
331641
78228
308825
279655
709041
330094
412303
774030
554505
595447
855431
898583
24654
626685
488704
233242
567754
315244
780780
201495
378010
682986
120477
662491
778670
258368
972619
375803
541917
337394
338692
882173
210659
635567
864497
584535
828152
408355
631040
88783
580365
669482
607155
18497
736038
760672
935045
970879
18062
666900
179508
188306
710652
452443
999664
770143
754433
720704
109790
615141
472042
907865
869513
118371
257720
212853
92774
645207
116985
6513
876034
770528
535234
526122
972618
218245
100684
496908
36918
459534
170217
963849
163284
854928
544033
527334
585389
608903
892525
337967
246677
284059
248079
24907
854996
795653
329164
128170
300140
466059
609735
504602
141639
718375
249596
546041
526847
557830
846741
438149
753737
57516
655084
171215
77567
724596
978654
930191
694920
881013
949704
540752
935462
165057
142817
888012
770971
788551
357364
460370
946361
323672
344120
98787
787333
297606
307981
130461
341575
782313
605334
605071
779441
579195
564013
843499
174249
890531
537351
436633
276021
306191
22310
747688
570882
122618
279477
572639
120145
581645
746627
798386
480127
421473
999199
17168
137263
699491
489484
418841
454230
768977
88033
93997
226
647201
187392
275808
485512
879104
524848
529161
138089
651639
352666
349946
858720
234794
913885
290826
531754
637051
435470
746189
591922
847819
350159
450789
781881
691425
372042
746738
127647
968099
422091
48805
380688
92416
28856
765298
731086
458416
271405
355300
452502
990611
104760
496138
978610
978614
967342
928079
578779
425909
785320
376167
854856
219578
830941
39781
741719
368419
38557
3882
511511
128194
803496
459897
922096
437950
164009
273701
288175
486934
838866
13675
273458
382278
47253
524444
535852
283458
395388
23539
538198
185823
357605
470853
750003
236689
560990
911190
202430
549647
914073
248775
643569
367699
144268
81133
401908
12669
776680
134654
613025
903767
963635
942565
278960
100275
820228
97013
625796
285425
3482
124537
770705
858653
197146
778474
661480
798325
28900
370042
242784
339848
221137
158093
270819
629241
717450
337351
701778
534243
203208
743872
790550
144534
109219
218132
15940
766208
625625
981592
818028
753448
386014
133479
174270
270611
487578
442394
772378
480969
109380
658454
68531
401201
500825
216254
75870
996697
730936
349833
851389
419858
88861
777775
117378
633464
723000
824318
430946
711696
436009
633545
605977
314506
992091
480063
708115
976357
647674
993433
315966
800113
253458
269869
788266
644784
784645
903328
206937
845782
833577
854265
373353
501040
437820
845904
165787
446369
20804
832421
454015
147271
725128
228876
841726
415995
183844
638662
441475
861751
930509
581484
793159
677267
77410
429444
80697
377768
413866
943222
147590
406485
680944
720280
213130
498848
4216
253542
364691
271860
590173
715853
155533
461704
135048
242918
185296
472737
970575
281728
705475
279790
783656
188246
127019
978000
673992
96864
502036
772093
444316
1157
20954
544570
786211
527021
322836
354117
864166
67317
290462
190613
488725
411068
185218
426297
116032
767450
924675
234781
251758
33073
351557
174124
326685
595611
619996
837071
93463
586243
782895
207123
600494
768463
586504
151144
45140
642171
124412
350789
910617
905473
245874
301929
30401
546356
620561
144061
215553
471597
392074
987030
703190
857180
14911
88598
73347
367872
979022
538225
292197
773873
987327
613645
11380
136922
802118
587779
480792
807941
946804
708739
529189
612879
65216
939412
263029
933178
744558
158584
562081
366561
783642
871533
204700
244614
935395
680720
771051
40519
594295
664733
185669
988464
373942
44689
848387
891242
496965
706992
727747
779600
342514
224419
294943
399074
371071
511929
584709
290770
134797
405902
194227
17916
477287
525257
878290
869939
430631
637503
1388
839222
336840
320949
554570
260290
119178
796738
777710
138241
126012
673555
154281
470944
410857
60873
621211
508222
410081
319229
437061
135168
649123
522275
519244
757953
270308
324172
216909
529383
344830
546181
316183
154449
256952
624605
702473
449068
128174
274116
380233
992549
635357
132239
789470
668665
516941
101912
625579
999271
889435
862019
202697
868807
853474
635227
649599
280181
729606
589978
758241
198181
149788
781767
232706
964506
121529
819194
868503
214386
805910
338363
771369
129817
441885
143689
339190
770014
50066
808502
915237
280034
359649
388335
761317
198060
182784
804826
319841
652122
847232
239640
849121
171443
54326
767722
248064
112343
466752
526255
456966
315799
850550
531595
835618
661857
491055
695652
39749
991252
447021
221062
458653
914994
630758
189095
668268
169587
707568
817412
648837
841078
775816
946601
569443
520915
184126
737104
98278
432652
973313
715873
472939
206433
556099
654040
464838
813890
912648
367877
633119
664799
869264
78444
605542
187036
800223
777100
409972
436512
51814
629565
129471
109133
143
744818
615866
53514
835434
899551
749127
249083
324271
817076
807514
603410
653615
280967
607467
374655
820060
408847
48983
588931
145009
886604
447892
351138
150719
782533
510735
241527
851158
746281
332900
855713
555916
693527
894073
422235
897261
657785
919096
819882
418175
579147
696295
704623
14576
601082
739685
981340
93086
260519
888259
753603
783427
136650
9148
256458
790460
699187
520211
695227
9524
118572
872968
394808
553841
468475
587190
98572
602171
582788
948556
22812
32100
425674
92965
931388
605369
161622
82119
693726
984131
331376
482613
380453
319162
185162
709041
13207
163399
379901
884946
124209
881588
106091
568829
212437
398067
948483
350979
686623
158152
569314
750103
570261
839955
657623
634346
931900
722174
131135
852965
501255
511679
603023
788162
142699
728970
473200
656584
675086
171159
866373
249633
263453
286411
377416
933145
93373
277254
728466
697781
680473
160008
299129
392558
914586
495168
763603
520521
365301
346163
207321
717588
406749
775301
295783
371518
248282
145960
636512
669652
417458
328350
879
158804
616579
963244
940776
309424
211762
284573
242252
729248
145022
751023
688364
511396
265390
388767
866596
84565
691817
942604
140681
209127
57508
57930
622557
746366
735605
711366
856319
737193
149319
464209
790624
90111
562278
858507
981615
334932
640058
424813
262807
155928
774673
309426
773406
254733
198933
537251
343278
244644
579997
380286
484977
992755
18462
398722
85333
736980
632514
76762
133999
626268
235473
908579
652091
469814
46860
854940
477762
503708
919961
119593
397780
345521
842775
139844
613621
473982
412179
243969
710612
514888
418132
680379
865398
486474
494609
822368
88882
741333
811523
723671
773653
931712
70741
805961
375333
52557
768247
717459
621443
185945
273681
665094
93290
945407
77973
853081
18132
580875
101677
275820
70587
545814
926420
951033
538940
809219
662784
104409
868184
53844
642877
319153
304917
303338
313429
332151
935554
152535
233515
742820
855383
649377
138856
253304
149370
17494
980364
685477
387550
100103
454374
780761
207750
739874
291551
667755
923432
699952
132592
291105
765740
989607
23732
954204
162707
599405
3544
653409
540981
369770
824238
880708
879267
86088
278369
814963
612843
943562
450115
473884
863417
822918
795970
400508
22874
233024
467450
139525
353372
149605
820452
10027
18834
650017
976235
869068
225460
250333
725791
624698
528035
553304
898882
107686
688521
26849
566656
7786
796319
195758
921277
184690
494472
270812
269446
509576
455899
114948
31145
255292
33342
102134
501856
862252
635053
489877
785256
512309
143002
901519
690032
393974
41839
873975
223149
370686
165231
375360
128906
542738
641914
328536
808061
451292
357807
211102
818293
2354
614187
949890
172079
965250
505648
737592
940264
827288
941282
944153
221357
283020
39274
44374
536398
163787
982269
617753
19121
201600
54199
960826
895106
41118
145697
31962
907272
280077
598738
449888
20051
533550
233457
19790
203857
591565
799192
438783
399873
847714
639188
954303
558143
377860
4681
697543
312573
342571
800755
441491
309650
966816
138311
801634
605100
876867
774007
275658
244002
732152
490965
160565
839012
528688
16975
417083
725780
259407
805144
405342
996653
8319
115944
37916
34593
452049
414233
559989
692098
885963
13554
29113
946966
173394
282689
763468
777549
967925
293345
415994
709966
773587
317340
620529
778285
778795
470953
278047
339513
255550
137622
689769
818803
731427
196033
159812
366489
352487
133440
926836
626463
544158
565792
628447
838399
24651
514635
895821
97192
585511
690243
171903
210514
552338
852683
836265
271153
288787
585508
447564
15559
958221
802932
77108
336404
730241
115588
244555
219177
664826
935520
364505
492955
299289
493729
537561
954450
417917
201287
901305
700609
47054
890240
269613
669680
360039
699910
642032
184372
644638
11812
833496
465793
210865
321112
968340
227670
880270
584980
39493
376598
299966
839071
763063
127223
578032
372377
857275
984915
387934
648603
512290
978396
492446
730364
119512
929453
634951
130097
235994
848187
765054
117516
963541
682154
750812
656037
878493
396284
816061
426774
455686
159076
508968
755167
664227
129593
915862
545002
807641
195590
279841
249002
350
694078
576650
148956
227348
605196
35303
292208
542780
878153
524775
374849
976984
997767
147268
695934
69282
339914
60484
818285
841122
733590
290219
440454
770352
859876
618560
588923
826950
161966
949562
632087
462209
201193
114823
14532
375924
769875
553786
992167
660649
458274
344143
404966
237173
346908
663387
862601
796471
389701
879317
207614
829933
91058
774074
276023
539762
607804
71586
759406
71192
441872
759197
364040
336606
944420
290953
368215
802766
594436
218804
841594
69686
317834
166632
675103
313472
465644
725783
918185
142704
137391
955812
768876
476730
850682
614220
384981
250494
262661
432239
506343
408609
288624
952639
617376
181321
411696
204548
723450
533813
398756
320521
845069
924598
431174
853606
335634
165709
840381
383531
867970
79523
282510
52198
432796
999647
829427
160274
59462
150375
380548
551452
485387
167543
270418
473362
389379
648407
697427
529899
713872
262140
593335
870829
553284
173949
535065
967039
258976
632688
629777
178379
995320
918625
281638
393039
685426
873902
954913
735233
591725
173634
848956
729309
674558
379372
381177
613388
141845
235931
738704
95154
412926
284600
449792
842836
491203
116832
212423
518501
702063
254013
301869
167980
574382
672192
188794
937427
778705
985021
812615
792269
767533
194786
14386
667493
952611
905557
123051
39008
702074
786986
711659
377743
936231
48894
474693
291443
668463
433139
630101
73420
301475
199751
113748
262208
682250
220691
977806
569253
192797
132574
634602
980139
829036
332700
276456
386281
331934
961670
14954
745794
774485
183447
198953
566771
682992
340320
932296
286141
44650
102216
843013
821609
463200
664228
84428
359677
688879
357039
572134
980089
608379
109926
504334
251470
230733
824643
210468
174940
136852
460115
687227
841318
393356
336054
419277
574485
441916
915443
486990
110437
364249
246069
817757
454000
183176
367654
130391
117461
813761
834471
676806
600965
32591
618153
741367
265194
250484
917803
705513
604788
836457
880656
238817
224449
84290
852892
777051
451175
103472
906251
576411
371617
462817
442702
408097
136469
360578
972835
145274
70078
974820
931023
448627
710395
565756
239611
247401
380915
746437
879849
81980
542947
208384
443281
762338
157765
672475
4188
990487
912670
236656
89468
420594
279013
106340
931302
213459
708107
927408
609709
373049
512491
24188
344764
550256
976848
223655
827440
515879
529181
63331
994256
675552
777821
418750
194410
713408
736552
610363
914571
507142
173166
723039
959066
598297
930723
654663
222161
225785
878471
470838
864025
659928
503441
890669
572930
329986
373687
335155
889308
923062
993821
404852
609268
982361
128919
687750
493550
317056
669149
723206
953532
916075
406986
320737
663928
873810
768848
323503
212900
6551
394557
188217
357499
65178
378082
207195
811123
548907
848677
158917
288978
846170
200997
355355
818794
237931
521221
904125
962355
367462
19288
604833
451459
327370
613799
252955
297772
205409
428705
721470
676722
37679
428768
465629
726695
187140
733780
550634
761573
652017
431374
493696
687400
513943
936683
482108
582470
557275
256475
21510
186955
613813
325197
882222
515765
199208
432889
759153
472456
709964
854665
18394
126159
635335
649189
560197
807857
11674
376153
493631
699820
135767
709541
991369
138096
200625
956386
923387
26714
992428
216332
691078
464459
925043
451760
646674
787045
968776
975347
187142
210850
619862
326332
904997
277776
553954
929087
520405
122349
508512
901799
105276
999515
975906
965471
463555
840320
54251
605054
704252
668604
732898
98893
159712
819080
138786
113781
270129
713576
745198
154378
916990
802956
967170
620526
151173
212489
669508
189667
242866
51695
4761
175857
132998
915654
537301
459312
440019
759082
464586
829235
940068
788032
92737
266961
149753
546068
172871
419729
740911
765841
453470
353649
923966
269019
907285
279827
988317
685901
287602
12869
767104
509450
51595
799083
443969
342274
158516
823244
687965
755779
385490
199413
800405
271737
156878
498893
775348
25284
304678
184695
195312
718452
327837
339037
271402
465764
671698
369760
508496
650608
145263
223897
641378
557396
519032
698698
984209
443042
734723
890086
950403
651103
262343
291897
942452
154683
410316
481973
956726
62572
713026
714779
641561
839398
823470
312194
562725
152441
192959
309831
534852
961222
390399
890962
461117
100319
53093
643328
899099
478331
328199
861682
743532
733138
913900
15474
24933
469787
797631
110269
34595
435360
187936
360689
559500
663034
622869
174804
839764
281775
424158
938494
378012
225956
804006
680293
740020
74176
924565
750915
786049
185056
