1078
180133
132256
472015
307568
58093
506626
996276
413153
340534
639484
692715
315233
770732
282964
808754
551075
143784
97448
756522
55756
893439
530038
127275
979086
535076
674359
83458
610710
246650
514726
691016
78620
485370
817246
862240
869079
791102
700257
482828
680531
214504
135797
985644
58650
925425
620072
34517
490191
356562
733173
895306
902875
288840
220607
497690
982270
662152
208186
366421
460743
609151
145257
390892
761503
820356
255617
654692
716479
442205
583597
817207
126722
784043
485611
863111
198676
843379
888979
825215
124042
95177
548792
357257
350604
500891
566439
114277
922477
345047
765325
228845
908955
532794
843765
820386
457522
62839
809070
114801
881131
567296
324618
553160
543921
481523
428867
985360
78868
32356
858489
765894
407062
546691
181335
158649
265635
410538
531091
991202
179742
174022
533075
423067
815383
613471
783725
619454
563801
115781
34567
364955
588127
865625
947550
422613
500710
972917
160098
842393
713437
10297
739389
553724
278265
22899
868660
785393
325541
347306
19046
242468
820695
206151
603058
238453
562494
40417
197494
532884
958103
257827
962674
249333
966943
133788
816458
315248
401507
900003
449386
803257
10611
779493
261316
889463
259445
91277
7285
294658
285397
560846
849221
586174
66394
154960
43789
777999
52244
287604
386291
137079
445169
584838
566545
653395
596912
817662
305204
870255
314605
694707
134720
248193
397082
298013
822385
249545
250510
242757
745980
193027
786615
965131
589524
488453
523564
6740
862728
384955
262557
255054
575753
416509
16364
408225
170314
765130
760148
740595
977344
578660
558407
305496
538249
401607
905494
468181
133289
927815
590794
263311
95343
447429
973072
27925
419446
336077
437392
452551
17863
732368
46558
249057
718620
546105
500937
31784
858815
12973
692818
266031
952401
72676
23543
865094
24999
535327
924652
285824
999567
219525
284779
305888
491376
887070
747554
965599
49935
830507
773131
99741
835118
578975
974874
379618
724751
6974
448847
296015
597782
527249
863979
250853
298444
219971
965759
753905
518208
323612
765599
310355
532936
260503
944758
371818
456805
221793
188340
50527
507780
181681
737506
564554
828129
802494
773525
927620
572870
424418
437889
886474
839026
441801
416293
400458
127380
921301
273060
251918
869686
248338
275956
910082
533495
943185
577775
688803
650993
804259
736903
805574
977273
268531
161623
762498
538308
903041
517460
63804
398694
706551
259554
795149
548662
941161
536195
930898
716558
967790
301738
422799
892463
992405
48110
828352
268289
36870
311514
14718
148407
237495
931297
729419
88145
566535
905454
177914
809979
947451
772506
21118
915731
937938
365687
193037
556808
893190
534985
116400
300382
895906
252052
168234
379277
46843
512145
492226
486153
966604
677050
190831
7581
628146
976068
941664
228081
780352
476653
847653
987690
467392
492971
684285
910576
606535
612100
390332
781259
580084
859387
176665
920934
189509
596456
998098
397814
593557
557217
158332
247156
730870
314196
235307
421446
70631
374199
875129
236092
603250
736342
160439
614005
700261
965771
952878
456418
938474
73676
240528
936162
531205
198558
500480
915917
512298
433000
970875
375565
765305
684834
768545
21030
379799
651948
202468
1557
489578
846523
371596
800342
985392
884654
501156
500416
816573
961151
332292
233740
729679
894805
83068
532915
101455
749493
209114
465589
450855
538457
349913
559541
148602
141529
224614
149249
763012
11526
516944
898416
549648
862230
275659
491557
12560
951481
259872
396848
588252
380874
552949
118291
736266
727649
678964
333345
406182
317253
637787
358786
575502
248511
946272
265620
631149
485321
241791
27052
387026
749925
524513
539322
472684
391435
530154
148042
391844
566970
554976
354407
494359
178416
901043
294490
45423
852917
684973
578768
648797
286161
542455
203481
109876
521309
144709
502733
524901
327799
268575
100041
378771
342415
165005
882199
954962
301534
220639
994412
482369
269943
870102
882954
104193
227573
257394
283270
456017
274004
538969
867556
903048
844060
290081
405470
401966
991608
616250
321284
517302
281061
403707
195197
75036
374726
280135
90731
442711
41044
88732
301228
416636
128754
954232
736509
159471
44830
749736
266426
454150
42692
498350
63297
59067
528493
806926
657012
69262
12052
779317
150876
381813
276505
313863
568363
914241
88655
43395
372634
573135
320048
27221
621745
832295
801968
537465
362661
803060
878382
80391
521627
616672
460103
540575
884171
805836
574981
444913
62784
363625
266805
365673
313211
549302
539414
312118
867895
241558
870061
992182
206536
875597
241654
44032
889693
694551
493237
957133
692388
585514
16451
153932
93300
640034
351328
235494
424588
587242
89663
324837
628499
921375
251274
909828
406027
739169
855357
749382
514479
159462
247378
601177
187365
848298
306063
479700
147231
345988
403368
430367
47700
621908
555345
709042
647511
463897
305637
994550
422417
107615
768364
146631
270176
213973
941004
597595
485194
122301
653391
373820
389023
854076
818829
455793
394923
86353
357558
972155
970837
117858
271230
300155
477720
590386
671141
344689
547099
669104
954850
603999
591278
215081
466603
663372
527075
746588
801956
59172
417799
657646
680674
236732
173692
230580
65562
305652
791732
701934
745386
102709
200076
974804
1476
724442
396483
966983
932467
818348
275157
107050
990219
182981
841784
834186
895985
927893
785778
119480
885188
975683
129877
517176
995943
651819
327576
744850
274605
685126
826964
136773
237087
416231
184856
983195
544236
911138
119465
902808
439534
451335
410841
3724
261397
897740
495106
38856
52466
168137
440352
199981
561442
628956
962568
379616
784597
180012
97289
352409
878202
974027
888926
289883
216905
785269
843468
656190
925804
988981
25374
170536
861707
392871
814203
357210
755187
268184
931425
289126
660066
485705
4096
898239
261681
522323
489525
808105
143582
778468
845217
771279
305973
665255
577574
762931
1627
953090
490046
714431
242103
32633
439095
284795
663357
540400
693391
403224
596504
413837
434855
473449
372596
227900
411751
511857
998885
147340
675375
97815
834295
731446
32949
781878
410067
377342
979008
971409
654538
555699
657984
64548
918785
522832
922823
185429
397561
112709
230632
701193
75002
137615
721963
753108
56988
29764
574122
995720
896562
736363
345995
164910
614483
399239
699802
854867
688774
92085
363649
255865
202825
684779
661159
795759
848958
310496
939235
480187
933363
330250
737756
288371
177549
850883
535935
728555
89360
817029
541403
382472
211085
226452
483484
258291
505448
814395
407202
365097
886916
137070
500861
506096
967566
733390
85703
426980
764835
15884
20958
28272
391135
911781
756029
421784
531907
499851
277175
891506
314434
577188
566095
611829
746280
594667
734838
72425
220007
965173
416546
264318
943744
524110
331847
942009
166347
44226
437812
819209
3362
768183
344781
854392
756784
96439
816353
453629
536145
784204
379431
882606
632166
607812
127450
59602
180089
535508
843438
257812
558471
475353
398317
627412
964782
450809
226291
669080
726580
677096
885634
142176
571185
674503
197699
469079
720411
933095
143770
196389
833836
377067
238692
132961
84210
467594
855504
861092
914291
927988
261527
594169
867258
971276
538201
788208
894018
125332
629974
455890
855102
495335
59077
604398
989123
883999
880404
584914
481235
127830
793405
101270
360519
306378
240450
729490
182040
470042
612869
483247
836298
161197
718214
44891
981877
877938
880121
348822
726385
852417
845187
24618
269405
985888
427345
