5493
767510
831593
540664
547358
317325
774488
499941
401889
716396
836043
383122
140563
314113
228746
298362
701524
77792
898674
9811
231090
920876
204464
586467
289662
626245
327596
804412
288636
130318
558722
608150
626932
220889
402347
688135
196517
976050
667002
288289
30169
431493
952131
346664
560404
402092
278294
781038
205094
302489
552233
156813
509536
232413
385107
200257
132771
190930
821
334176
789332
839339
419059
819638
943851
150614
500064
322497
833963
767563
725880
294726
276844
253493
1350
151886
234004
104825
474982
746560
288420
475431
608229
623196
801518
846012
499844
161617
145509
464209
311644
43260
124492
640228
922523
324415
816529
730690
176364
414905
245875
531085
43317
202727
146013
358063
183290
817751
205975
430364
671839
490308
49362
959357
23626
81811
919137
770430
539111
549481
147207
95925
866117
736999
922091
766957
314013
91587
254888
737295
489523
617796
285057
193772
32598
271961
529778
655722
824577
53847
359009
526024
762468
445902
451443
912335
352508
316742
683771
470871
856606
324827
447310
833331
182996
535282
458418
402298
699102
864855
82805
739699
225754
61173
884057
406364
89150
383153
466477
929559
212161
538019
787383
840242
492185
693553
543373
336593
154784
850186
477954
230458
557776
912252
200446
379901
526829
167539
788071
592190
574850
877967
86651
700640
914435
20064
195712
938576
952593
529857
642514
723243
541533
889614
151579
188749
274788
739779
135586
571255
889880
122098
311930
109660
336287
779232
882906
457096
955828
30461
242317
124654
662316
294207
171648
22348
682899
234586
955769
699965
773237
15326
435559
139355
172664
407212
370324
237966
861798
114070
191990
389046
684425
866323
564965
467505
205999
460571
141800
32905
286733
619493
201192
860349
70016
202939
457158
838506
659886
35766
456584
651350
461323
128988
364846
806234
549944
469266
162915
892713
500997
655167
260495
438785
454103
392320
45129
146156
419301
64193
249258
753331
209052
43198
37757
289312
177315
823831
896146
333615
931129
123977
841010
276305
224378
978959
821228
304220
782656
921236
961678
166546
463781
646995
36976
873611
448551
874061
952746
700930
26213
189414
609189
122426
512518
722077
787023
408523
914169
366246
251816
406413
527254
734886
360185
877791
903651
869578
818789
342165
20275
518085
838232
276540
61802
193252
869916
775946
150427
733839
998794
260967
489042
326558
770973
205394
267693
941333
666914
342002
244453
932798
180172
550010
767594
359905
664100
598391
916909
834979
640669
811577
422903
124345
21893
416923
901622
827207
143768
382641
662937
196761
492399
468046
323344
250812
430293
760111
799670
137146
258490
314440
980235
757937
669761
919464
381594
886863
343476
36747
98425
586861
310231
9276
861103
936836
595418
240805
857584
974608
923112
943349
804355
456511
165020
497004
605124
315670
551379
891718
935046
618657
21852
301953
930448
327189
456524
1613
371656
778820
569839
816528
628974
265467
570904
450259
439807
144827
331930
308172
668218
619091
959183
960840
272766
848278
767509
285109
242706
740606
960025
939401
140095
827229
438603
167187
733336
478588
508401
308828
588186
287570
85016
169849
797614
121122
691364
136496
973643
383922
62025
470917
701816
238947
88018
129952
615919
345522
600095
646812
696605
347402
861804
598830
481286
358467
522699
275312
121414
286651
805172
871241
725938
541775
674355
375099
918877
835447
164927
997705
449847
889020
312875
675075
312847
109910
892854
11311
9657
933094
135357
277334
496778
290700
707151
695016
346176
678118
441505
241549
902911
412198
286168
301961
352694
218831
505732
823690
16352
387596
946861
435217
958951
728429
863045
601979
145506
715774
339900
501803
684863
820550
254003
576214
626108
622745
170952
674475
601103
247898
603344
224989
728550
881873
576867
882766
424649
640421
984976
875801
759771
625590
873329
227132
998591
802457
151066
857441
701078
106801
31211
556167
868647
564518
508229
261586
283032
532229
511705
264171
443865
992372
240796
92309
672928
653648
850647
935374
899534
968165
542490
959518
168497
186441
749072
281855
761443
988565
599726
385384
434191
882305
78086
123576
504851
482203
867064
451580
26753
835556
208711
817053
693184
848711
911433
324009
633936
161079
953080
794940
254699
757540
740071
328138
339590
284889
67662
720204
992503
887477
277766
527621
792752
571972
9808
884400
521513
39353
201871
503752
687132
44106
815318
955187
354922
951848
723228
372300
30427
741658
759500
774796
619267
62837
956089
577236
236607
850938
884143
191449
536159
977484
411876
726316
74206
641356
368334
783717
746828
13011
606670
256235
206220
847435
770058
703267
494265
771690
699416
983539
187108
494860
213333
962354
811257
63917
972630
368942
921216
921536
869302
648728
648831
108078
334223
388944
290876
445166
305604
136073
19231
497917
7674
59609
858934
41659
129510
566880
515475
853026
31553
201234
697552
893475
565017
489890
988787
80478
395713
948684
198380
930110
967273
292991
485051
499888
247560
494054
433390
288382
317749
788626
880584
432972
640341
243206
725502
488237
37039
35742
649499
121955
537436
817244
409027
537201
971546
54736
271636
755295
140991
738340
351528
348362
332874
427265
734647
182053
876821
745058
612378
853392
47335
208371
430762
775123
717542
823077
673863
452535
80553
548049
365492
696897
294635
340038
320032
12364
34972
430705
878784
526850
817938
369000
807639
95094
676062
93907
564183
772385
69113
915767
696353
382136
157084
562336
798057
775078
96046
226155
528437
456427
157208
396141
604676
331536
126069
91012
197771
926598
348709
294328
785370
689179
983297
208396
761502
297304
565992
589479
160447
309433
83960
456538
278826
642505
951513
467150
836393
384090
519667
608907
716141
543390
554175
60583
709166
296934
744827
203401
42921
82356
80887
460569
862920
2750
940173
262534
344352
465474
658542
180851
578196
845568
479126
95935
657942
67993
775713
18991
242126
180802
409784
323002
778643
508581
758372
550961
918422
928276
751043
847370
339742
341738
885655
498760
55341
630912
824635
833608
235330
373961
203570
764329
575480
157387
686680
252057
661708
845114
390970
9273
159292
109043
716161
942764
616586
639506
129417
527937
397151
610800
706256
775930
539021
499324
335177
725305
169005
758197
336080
159686
686503
388289
90105
758719
531216
766189
119233
53853
936686
625026
578470
35166
557270
670272
896914
406933
730870
388986
785202
595530
896239
495757
706982
97039
424474
526206
908497
60256
404268
566895
689679
654070
768692
497534
720326
876008
121409
846843
450070
975870
114976
52099
654442
665044
998786
730749
860656
820328
261309
976945
834341
858304
461481
524736
454025
915578
261035
723908
821234
809714
246350
699269
663549
479241
252877
924436
323359
609624
77613
224712
37913
697458
961031
80210
278794
80526
409251
44991
488734
689945
342464
440843
272164
968919
677233
733084
690174
234226
630369
667746
314034
246689
97655
306952
449757
171446
777812
178967
130566
731140
318521
679208
911120
91754
429446
524228
142474
838849
105630
361242
283169
919070
453094
745755
838069
218564
572331
476150
427976
560681
244515
289003
625235
699555
556875
69646
50995
279727
816752
402203
572416
341022
131082
106480
929214
439133
22722
980971
13741
399263
310293
14304
12923
366633
886544
244983
471002
856121
60923
738401
349675
453652
348626
33973
95257
373547
701166
55723
579203
310313
734147
637299
140625
542300
626626
348467
503848
188669
772575
821852
983288
933278
989805
394727
936818
968367
378277
651250
595479
97388
914757
496177
415468
709799
134549
259922
536970
196205
818884
297393
452690
881688
739569
227253
984445
119217
926407
201221
595217
976767
972160
234859
846255
898928
596938
709123
606537
455907
305286
940191
300082
428432
884845
196027
421902
940373
743501
675223
868584
395870
694450
175095
560610
152303
898912
852339
557767
289745
974971
507835
104381
775575
433737
240107
454166
866187
752080
165895
697221
703098
460890
731731
150253
304665
387287
123154
990613
886931
214177
532761
849016
136816
507290
934670
391354
295459
526449
563522
484020
659312
50244
594153
57392
716792
529952
722034
720112
73698
213411
582919
385449
219304
532226
152803
795469
20155
174951
532618
638022
512276
150771
351146
206590
338393
988577
530124
997467
57511
765002
971895
119048
470402
97669
174625
381551
528919
375014
598675
273731
236649
302823
609944
918329
106400
571365
112545
505046
743723
736833
121592
340771
412237
721959
421919
739390
67147
420971
148229
55307
68913
801679
950436
102855
216892
630241
666362
760893
715303
691393
295009
89553
184085
816833
216333
501049
228183
685477
542498
785740
176219
617865
264368
502258
519026
863458
844556
390715
145660
830748
58700
663117
303986
500643
557214
289205
136016
387198
489669
149214
796573
300053
561
863263
132888
33491
146363
22702
974273
687910
663738
862578
119873
466403
104772
578423
92727
524103
798405
877947
236255
957529
48117
782885
489761
606059
791033
82325
868852
173055
645976
878678
359277
812549
165656
230512
340264
465922
992693
584219
72913
66445
539133
535821
956240
34868
894987
6516
357199
788475
826077
34880
788585
63556
310228
387927
401904
714890
764745
733228
31131
938951
962119
425962
103498
12086
330984
380810
458296
228211
564431
799172
514620
330686
914175
574113
585276
293598
159062
309487
718446
271970
935530
485455
913036
324355
338239
836008
724180
597861
612897
428670
632441
11644
964836
806685
147625
854667
163126
63023
70780
951688
579038
543853
590134
160284
48595
229042
305721
177734
135547
117803
12938
941471
262655
481899
470846
287864
306183
366427
860416
61343
333399
888783
791298
81153
970693
496563
462910
159209
790678
207972
128360
993447
779637
251291
588274
965003
79
638724
156603
283792
110222
654317
593109
397783
839983
812634
769905
169672
419586
240885
211882
190109
847166
306402
651434
819706
420670
660721
532477
48564
379036
687917
49584
129842
892520
818065
444581
311025
480518
385498
650998
330081
413473
300088
802564
910701
89424
234334
928219
896600
271555
786296
923523
261826
24489
729660
306534
292043
717602
811610
558361
850574
103900
693133
556745
993166
395596
87763
598915
177327
386379
491705
36319
985051
373195
74192
673994
817733
904756
810236
875759
470026
266271
787050
611970
427955
413038
818977
442537
931607
406406
160626
958406
495326
167210
81866
373861
91424
806901
849126
483711
45611
195955
536869
430505
910436
899613
194489
820572
93700
909104
674487
860449
463108
818985
910031
529689
33684
383519
14613
792166
922564
471612
692669
862138
692550
342617
961830
77690
538570
136886
378125
508622
369353
942611
729314
386632
884894
58349
585079
360750
316686
916632
898965
788774
935848
819637
544489
874429
835080
107793
660380
888787
500533
297819
221824
510951
121578
530687
728742
229115
269746
893475
592844
675812
458156
375037
935667
980592
880814
791759
882959
291251
386630
340288
138968
37808
967708
872984
478462
756833
789875
340184
374393
246948
822670
296500
104574
42818
81327
392686
369101
755676
97787
283600
301351
371508
643129
987846
57246
294485
319737
530390
973124
991584
542161
32700
963141
422005
157123
638822
186257
476858
680058
63944
121265
744139
592947
842909
130363
664958
440249
379644
638241
712593
771080
902099
349795
141043
275795
75650
455525
324971
444449
50838
441115
758505
679122
7712
445920
925736
58688
595889
403430
556476
857153
359157
269704
880189
871240
101354
4284
825488
79019
454459
568036
33295
676479
780605
510659
705556
236959
141125
371660
869095
640780
223715
684822
275777
483694
529664
829741
779901
267129
938576
247426
303194
950123
332019
31426
819631
121265
422190
458052
674924
247657
176576
784475
821960
772483
211236
369355
864076
566529
908323
525913
318716
876061
426258
812923
761053
285449
632367
678703
82280
922577
668372
593000
424201
950685
167446
336418
311700
860562
12733
920407
624773
382681
381599
736650
733682
520311
962971
689344
251727
217755
75503
965838
948766
316215
459511
235278
564401
823110
489475
454827
598429
313579
79763
673180
7805
392058
595889
507758
844256
680144
147179
913913
65168
707868
419692
251956
635008
627009
18103
971813
16017
416084
353087
323313
630465
379648
999333
105361
313136
213897
279950
4005
557264
319661
826400
320546
490089
3238
196058
569000
191687
735373
715854
43887
728641
974936
309051
839199
31974
270084
407051
42942
603973
109710
593957
222211
907545
969755
617392
905610
90063
704759
806822
660769
339766
664186
349008
852287
734146
776839
530083
122196
745789
737326
313463
33852
827403
307953
546272
481421
360280
3364
628651
25039
794400
24749
692535
996811
693658
144235
434093
335740
190722
823411
160093
680995
966146
810550
948982
759094
832892
577854
598242
989304
691574
251863
633980
516644
673251
383882
282735
660291
232266
406021
815980
727709
644757
877526
674311
208012
201976
126550
596207
409387
881340
729507
649288
711662
90599
701381
158311
907020
187978
166002
675177
907862
900647
662700
339120
290283
620028
618760
190587
255748
873073
216587
873185
193963
166809
93357
70506
502985
463272
41599
680778
919132
219442
383848
714747
653959
180060
337291
853302
157635
795937
857092
367565
506420
865731
409490
913320
362198
70476
526479
694746
291670
382783
693785
808799
633661
498656
264213
836020
592775
272413
58954
727507
880914
842456
15848
206666
628850
814994
387948
599223
435745
163253
918107
667746
785172
640189
759083
377847
490920
707525
475649
345438
524091
56938
109525
105465
159064
321886
596531
166969
155082
527115
842074
164702
92113
884385
925383
577481
270579
141502
838924
673343
117289
624889
248473
679740
843642
916811
949916
442353
418022
822683
742981
589469
908152
827365
854242
384259
875006
226054
548842
345165
436757
511462
790613
43581
636318
893186
484776
409292
89933
961813
219919
900641
610080
775394
696930
308527
793452
660641
484042
580971
662930
901571
128253
780137
776785
499748
190756
425554
673078
736525
8606
514884
716078
186146
719518
68038
789180
778094
540592
952742
649093
328905
639833
298738
542152
74532
246363
203471
205548
266609
46999
578553
73394
241137
865805
389655
512586
176923
685887
517178
929473
969510
142517
355762
915671
325364
135001
416397
67183
757659
80962
419181
2463
492112
599438
241157
175655
310770
285160
50544
324287
369329
222505
452397
258953
340377
581274
41979
29542
93375
708824
322637
521317
852358
818704
367851
624277
758542
176234
809573
710203
984890
590147
800628
203807
314141
643602
593326
559169
690241
197484
733157
881385
595923
900386
327774
459932
904494
544840
911657
969962
504642
607249
913122
1380
938337
604310
405634
301868
811558
23093
567458
627109
460546
413910
24782
144777
293796
45833
399618
742040
685444
752651
776388
62254
552781
315816
270685
717678
40805
453370
648757
489242
536986
48335
803210
836549
852074
949416
889613
893599
467247
871518
682777
938671
303397
164960
507024
623264
903514
561303
59476
341618
156593
970026
692511
686673
173586
847197
943616
447619
68081
541780
382387
526906
575610
972086
764827
673865
296790
913645
783198
12660
209053
185609
497629
885408
726872
171908
37455
997865
336369
212192
891065
558034
36474
77357
93580
927383
366678
510759
316634
411679
517640
157883
217590
829005
162198
127786
677608
735734
692185
46407
181770
630061
2212
223002
430211
849081
339983
517351
777501
752040
567903
912584
765764
705405
967827
395575
607197
341124
572749
148392
266880
511751
813275
313619
229076
5849
881954
353615
895878
660943
406822
326170
765158
816975
154296
869685
206110
353600
801789
505004
846287
62625
409174
420020
810057
576117
471537
604460
820967
888540
876588
312198
4485
498878
593889
470847
13728
530400
694546
923018
430024
507544
39410
704331
731460
575773
568014
944318
237890
434296
54870
846776
81977
310743
776524
930374
367581
739776
420168
712754
768510
201123
356197
809572
615806
536200
165900
532452
739949
131751
967131
85181
611779
234262
909041
871613
241465
76445
4185
164826
378436
248229
624912
213487
490991
80719
50676
999395
741139
936866
787596
311018
58614
516892
273390
592165
334974
128553
696465
453541
788496
449393
271407
155917
344970
892812
45270
432853
213593
432657
769676
35435
986103
922060
499293
472820
290436
35981
619843
271088
645824
629085
507760
881787
513251
732300
18106
174575
900057
454886
987427
476199
726621
49860
850052
868063
650865
135230
805398
402423
211191
242942
833757
494102
814576
91888
875570
356331
122062
962837
963115
401935
893047
807927
642217
588678
448729
606519
57725
298789
252004
34626
990071
245965
69929
867682
10701
690517
53709
530224
606053
624390
164009
730024
918463
996735
567362
360533
168834
297337
375776
560427
983266
275621
367437
443571
238570
90098
112875
631009
378475
939051
671026
764161
384257
257532
861190
296144
91198
537620
875313
292647
249270
447910
149314
357842
951975
263691
956865
734207
372610
214210
233741
333138
298074
929943
169236
610261
432296
250145
438319
535117
128057
258148
902936
934440
898357
312983
324297
865874
803340
800001
402546
76710
362878
876413
39893
693890
110471
12124
879042
74739
547814
817385
791338
392719
911881
388679
565923
350114
272151
390455
278839
38720
750361
34934
592105
906106
791686
407363
80453
56875
827753
347518
349411
993010
369969
422956
244408
873146
157589
932375
543576
629300
345122
123411
865996
748390
714850
74843
109323
147997
207210
537369
831001
561022
190593
75972
253433
929275
463272
463268
374096
600289
558347
370033
290136
845901
154434
570201
667453
85311
823300
3041
785048
895814
73641
812835
399237
572059
427865
612533
627363
144842
428310
562858
408039
823563
657892
934898
649053
71791
706769
492765
762941
462646
228708
92156
837798
856317
288294
256680
990905
212692
62151
599132
296917
663982
704879
246077
95658
369778
924195
890043
217788
511086
289359
902543
726070
925739
40118
812132
540520
194011
157107
288210
883167
417967
769834
940293
277600
121285
824273
33084
11456
746111
285525
37038
13795
908335
70186
35719
138767
259118
316914
766287
312748
74892
615753
298284
215514
151009
745323
180542
943855
777346
965058
860520
260492
106127
788176
67311
76507
264554
748278
342970
266727
498626
538655
749049
449239
242445
960780
80547
45640
538324
586620
234711
130886
496040
994551
790820
459303
441842
293495
42404
694661
537704
983668
471747
549206
875292
536651
682333
651306
634606
931722
375365
397440
113634
684378
574563
247236
937740
388553
254133
696553
812328
40308
132406
167583
243654
115277
482267
238065
958178
720527
494074
130558
474450
215291
964166
398866
496152
424205
967093
627489
530263
358208
976386
634655
821731
819067
33678
107455
758193
233111
6114
52486
639469
48909
823055
687178
250411
994369
581366
669388
853685
863269
856548
469231
835075
966731
520149
781653
627528
420236
150234
840213
588137
751950
812629
55770
57352
924212
717472
342427
523135
82280
134349
433138
506153
812222
974152
704284
690714
217541
55065
823244
749998
456815
630086
885548
351871
519706
947477
300209
866352
579322
135471
826073
583206
447845
495456
547332
193367
201147
340539
37420
453242
491568
51547
966467
936670
951544
209924
385320
468055
680270
660967
529605
167122
465696
563780
186183
943370
607514
748266
152379
221971
558925
451226
638722
874900
277756
375306
503920
717202
59651
681285
162375
695591
371685
542895
245899
381905
868080
956647
69954
440806
731727
553413
793034
397094
292716
65538
732374
204137
472447
680631
494663
920119
93880
623294
377315
462518
116677
427701
586676
106686
855104
315297
802879
697289
278649
181678
60960
759558
256091
98260
680063
259084
398589
237718
621489
719339
352519
530789
90989
842975
114943
267489
364456
631198
947503
868991
431248
424528
477813
358341
446818
16607
730471
720114
957673
660068
446432
686844
302868
289600
152876
889777
68722
940044
946892
228863
658316
608360
875622
724175
188447
974896
156172
150923
615476
864717
499367
247041
627038
679783
767551
21919
861648
681336
337642
140382
775320
523324
173136
873148
41660
981253
176214
66529
632815
86954
556463
960227
261168
766751
560827
112677
323776
230688
506842
844634
928318
402504
227922
710695
705952
34494
523929
354343
868240
726286
951039
406152
69985
315542
302522
641362
163820
866135
396752
374728
989579
813995
366107
815015
671537
536086
72572
473739
266277
334708
969567
593585
252441
898066
215334
420375
769195
518425
962164
520576
375031
64613
107737
864404
563799
197685
804373
44707
795896
464698
332427
167050
80282
380242
49603
87598
794723
362062
870300
200102
81505
467567
712844
435509
355995
449328
161621
672116
439378
588605
340167
477775
156633
817217
672556
845478
22798
776861
770323
297235
223220
933428
545148
386827
886894
13027
860573
969437
619482
990350
751951
912344
9160
64342
260376
787850
323414
951974
2773
922018
22250
589549
180164
433911
359242
252582
298860
373537
184859
79250
573929
956549
78260
412616
941272
329839
477790
793314
626395
399512
600938
167641
827593
506502
749167
463083
835637
432787
644511
328056
325593
491909
901061
597357
473824
558172
971038
200855
896077
150315
934033
505881
995275
564830
573131
669369
92561
82138
699131
410324
727345
651906
715879
720562
305278
254677
668842
341684
25560
929588
734986
502506
982
952769
996602
422209
449166
168612
770473
200345
492931
979111
848644
767797
378988
366081
518095
908492
326365
768176
227995
494524
90197
42623
95781
41694
994467
242599
901899
783028
28405
457746
630188
902079
679358
509498
812698
641902
33539
204272
625086
856624
41987
396665
930377
189610
854913
96147
769747
780485
287215
638485
238482
656350
68920
955316
201399
986145
752490
376546
466664
834160
220735
538384
979478
55036
890055
194261
645500
728375
329331
11047
882675
515808
750720
228933
837939
803133
592189
201783
563306
106471
783995
189677
913202
652351
405265
182469
575091
626175
132233
210856
661653
824555
596011
251860
828319
811365
551907
577524
378225
205280
236689
673642
662042
797613
706734
903791
719959
613169
115990
296018
856361
414712
657590
869276
116818
936930
76434
709397
330923
514491
5555
344799
94821
760169
718508
751871
602842
147390
604168
156860
890639
800429
736146
432352
588937
279066
94913
622235
487048
620682
559549
944455
295076
514170
319634
780167
333187
596235
157232
140744
411829
223834
773468
738153
408428
764014
483447
341175
980251
943755
15913
394257
152105
341859
89322
227691
529682
5292
290477
868269
297563
181645
109673
204219
937136
43186
475269
290000
928091
249406
667423
471683
329827
878880
166521
850860
670271
788735
392448
876512
445365
609423
399418
398487
798548
517957
830348
878895
704586
379879
347750
195530
933475
927036
322124
526546
531743
408035
837121
803740
930286
430080
884498
370794
124234
62545
599228
995723
427825
310303
184251
87965
634878
548239
583792
190579
909347
283096
740781
775825
413509
620687
561057
934356
840884
698397
663195
830255
458246
729299
121404
441167
399759
804436
576254
971168
672126
649200
114715
868009
977815
777362
817243
940115
949512
857039
727165
679751
948011
872606
484417
851892
526743
242407
323216
77488
707811
946420
339401
36982
385336
374340
67945
328462
634450
967614
829590
656842
896659
979587
817992
706348
331396
8988
3477
162341
470249
546195
356439
706104
706559
299741
291003
423229
104404
588212
539817
635266
543107
79683
967819
744588
458059
686907
676925
245691
447820
11267
184655
808395
680477
28044
513913
343095
747596
413506
61788
49848
626099
893598
10993
375531
413683
429272
848912
923344
879248
806394
922847
234862
841705
472656
985493
329621
238098
466364
985898
986491
513808
153126
463325
962120
324144
911440
284705
206125
27780
221127
191589
303023
100539
386485
879359
748802
977436
114836
566836
889552
671775
105021
741990
90905
316392
776670
350427
671604
688224
225802
96230
73651
971954
235819
321268
157284
578847
292306
174068
242804
58239
308719
196580
137519
587605
247644
359989
470050
842637
978323
240666
8418
930388
575489
69746
769189
166868
922866
530704
920845
942731
552619
125347
572421
845191
222294
527047
951684
740480
803544
39783
893487
368530
201919
498316
47131
688533
33111
164039
363888
433755
540444
56695
798505
491269
588425
869752
772727
398978
879055
817896
306309
572965
731617
571927
841495
136034
495084
964811
756108
416102
171108
283948
856386
421584
767482
312274
124824
788879
879657
22122
710286
179801
705904
385535
254025
496004
274842
611627
986292
164869
196665
379545
437952
573444
634097
57845
447115
637336
799344
331315
386142
220964
456379
817145
32785
246605
337700
950250
265481
461719
209304
736848
618914
804571
18004
461413
871079
176103
834360
794430
459646
251442
278900
86869
230881
39290
771359
901297
884039
35900
924326
170996
769377
278735
512865
514689
100096
443998
172225
736200
312339
818624
763494
872047
695694
35382
718797
466654
503975
599040
157607
931239
402106
524316
373572
245073
291277
400732
516078
583040
459629
796067
930515
474562
33463
70523
46234
775992
945139
180246
868310
244639
601498
66592
479832
369530
579896
60797
644062
403422
473324
412004
661226
475033
712013
454679
901614
419008
440487
316222
717027
141908
664675
139935
246009
615632
618756
21693
372329
59666
627150
71178
43046
439907
417409
365577
600369
704421
453315
86725
374796
756184
314907
998119
502470
107593
70361
732472
379445
226839
700884
318836
318146
947107
543820
938375
341278
949011
353581
633703
262163
168899
135605
55181
996725
301514
330092
408337
818679
740
805522
896225
870682
170369
2327
630365
940991
682281
634756
380690
742430
843530
419895
957778
821903
236256
36363
698668
560582
714303
554070
222926
33948
414464
357644
638451
131848
801286
155904
784522
109420
783659
752971
252965
582092
339980
875845
70682
596569
817262
297520
439674
876651
243404
306741
176811
920526
226430
931142
881189
244339
568455
53922
590021
183048
978939
160439
483025
353250
817547
472993
165193
498581
561199
614161
661222
305702
296943
208521
585010
919448
724365
27779
766979
322850
799698
607345
351317
938818
892852
693664
476227
459115
423648
226038
106978
291674
707626
846682
726586
740231
433807
989234
271586
516214
42595
391495
387767
904172
523867
700550
501625
458495
237433
777696
727362
770439
237648
355472
915107
797681
836915
5436
164572
887730
397758
515829
440376
992855
231488
12441
801667
748859
658116
915800
435369
786067
767867
254483
101933
736739
435847
872544
185410
472787
429158
472682
678217
919900
101177
565814
613160
370973
403632
561088
418115
72266
168276
999108
339482
181443
255153
523416
84735
71811
108702
578742
204786
101487
857707
733400
97691
568334
783781
223484
457315
628440
172680
49415
730671
324583
932866
52358
573049
559306
659488
675791
216909
39225
857047
706374
27870
246690
889521
762747
626435
512034
54867
781489
993233
670927
141863
979706
101205
542450
714154
836669
946094
267794
30035
159578
822469
313451
771295
737764
740651
397438
397686
601421
91789
990146
285755
298720
143510
584568
567669
899111
646305
259228
358741
660076
642906
882423
891491
769629
242160
312401
397513
299400
532408
633028
699836
339654
164641
344172
361667
71669
781712
623867
840293
136670
234392
308969
893043
313909
864151
262472
489007
655294
174064
434869
837720
354700
128992
786731
28115
992740
643263
40113
378808
939841
561686
694836
406262
297393
803735
822703
781923
907293
282301
284038
367779
462246
128961
569459
826164
247722
384950
185687
228501
449893
742785
40050
658577
272116
244345
1326
289388
465461
559063
200470
267496
57483
182042
968228
102004
795134
754042
98487
233074
36031
964166
599523
559908
335432
604380
924771
890482
852642
843013
128809
710618
555840
522987
819030
890612
131657
261175
365765
453217
713203
714699
187778
411152
307275
25
802585
808748
133457
147294
697224
212326
147647
748031
132438
100506
960682
407998
529789
640800
108290
881625
785282
93618
115700
377791
492902
770357
954926
154991
83317
133158
495682
743024
211451
679906
142756
377767
371414
706193
100878
952344
278311
817713
899395
119228
19618
673467
88751
363194
796549
101619
56365
792198
452966
273297
271907
744531
778148
59911
486280
420022
483135
337839
464390
658136
608260
397907
994619
949848
489185
842264
138329
777723
444311
148103
574252
53840
83788
42745
537147
754405
584320
956255
209224
746847
548504
944235
22963
633658
906134
665887
622395
701598
399530
412336
367011
525402
763937
869270
828403
330623
95164
108211
936981
113371
144284
24029
651872
214481
563544
738058
291955
73874
968049
234071
822967
26938
496093
280501
743622
839625
443839
384689
560042
699900
139064
63710
547517
749639
582167
920224
84784
590322
178796
834904
283560
335117
994554
581863
550403
641169
524106
440929
481913
381397
228892
303056
776861
22122
92217
10338
529153
269075
419300
646768
83769
407012
999343
801195
411449
912630
562921
133861
482648
372548
339381
686713
338997
984805
676982
25305
346424
711846
115814
361970
646450
960387
4870
654846
317278
578178
212079
855589
589129
95469
526280
779665
88141
451818
859281
9613
670521
777848
813723
650136
590285
780552
754586
627532
968352
394934
254675
701158
116708
179746
415279
932977
614338
783151
147250
249812
957023
180760
926597
717940
399872
834794
470127
8391
690826
941730
66338
822967
134178
942627
350130
593070
939251
904915
266912
184388
380174
105300
565205
77699
676331
349594
114282
457555
807117
10862
704356
785415
592004
971582
124605
229890
102668
894878
843805
523655
580243
412255
35496
827485
215064
461322
649264
481435
742831
152698
944395
266837
39137
558739
47616
851107
520368
461475
274971
494795
251255
498963
741920
40970
904112
51465
316700
568900
529808
45790
275927
836485
986765
44471
857765
852275
497791
795778
590684
979219
222564
152591
275615
414772
888126
105224
581529
438139
227351
213519
416454
365004
302501
337266
676395
498514
14152
779341
140518
636268
509103
265725
559904
651637
888475
284668
653150
236589
472572
671390
166647
433353
637495
10599
642720
438483
458057
866823
374499
178623
419141
328755
831214
257676
209785
748320
830344
203603
192047
129182
982238
113648
796239
606096
22396
576458
742370
84740
802327
86592
979313
227763
932550
300273
692555
690774
206737
552552
770790
812898
279714
924195
247965
424290
938585
428798
358616
118576
311483
287745
111434
141008
717770
655363
736531
366697
938287
250424
613637
544737
988180
590494
136707
656724
521102
457857
329541
132016
423736
934694
613433
179824
645595
853210
537988
375602
162377
196631
452134
904183
401225
861583
998012
109687
700972
605528
168990
355487
86846
440949
764968
725224
632408
774141
628951
487765
85971
275371
446281
522633
391511
713025
507622
748098
661137
541081
741470
434102
165698
281545
659080
153224
201460
889842
289578
540775
806153
850981
412630
876676
452524
10803
996785
280045
592936
831312
313935
524363
907287
634211
769466
441780
572402
894637
181010
333166
167752
903955
229326
970625
158986
173257
346592
869880
987075
84189
320631
556724
233956
199006
658590
352492
1533
786407
192770
840644
805448
410827
868944
427721
573792
223006
786493
446087
85007
820702
733727
100935
97668
848765
396280
357737
114275
162252
361684
27738
718583
712453
871496
37425
338819
341813
346394
189611
668470
330436
1855
220801
185724
896611
208767
722468
614257
718096
994485
621269
502832
948425
241650
260514
633546
763915
387842
896192
921875
947653
635910
875970
776854
974814
421888
178420
736168
313120
847918
762902
353306
746111
627405
340216
861640
259018
294142
195055
869070
820141
364934
709745
770906
94112
989232
418130
256285
265392
936205
141852
100444
7400
83996
476420
276195
747292
105476
848847
463896
211345
331709
611137
644781
673228
949071
870397
378543
866422
425203
197758
696636
594344
903510
490672
465809
232025
335355
406380
866881
267169
170815
564175
416770
414057
792952
17206
697634
310450
336183
203543
907223
185982
935021
717311
586867
413982
621034
828324
554422
286297
761728
665510
919934
732214
843718
768679
337177
107175
77945
258307
312827
274322
407036
121518
444491
511037
792576
775465
165975
674324
397118
323809
228776
337754
887265
713508
622577
315946
953858
761600
373857
628329
942859
685498
804120
84235
288572
811240
127221
338494
418892
591404
21262
438
203815
298829
646969
870934
894422
889331
818119
274104
472317
948799
111121
365593
588349
908741
613546
670372
1658
266919
15412
393369
868215
779599
479950
597722
329500
165832
155371
983122
493146
750905
36670
887618
170533
382272
431825
408618
948640
360807
978677
98512
124759
784646
553556
545648
252901
823093
553314
965760
687606
812587
434162
315358
578471
157816
594469
107352
220810
991131
664573
9304
47173
715841
648975
591018
624601
908827
598807
514795
685633
318810
557670
901521
380721
904202
334198
104273
796797
675656
323678
591345
716507
828961
626720
676394
846401
782665
407520
916409
776680
415157
998128
263106
99827
444245
844422
660321
965544
123889
824719
860687
590044
931359
346716
363118
645934
724511
173498
210482
387689
182547
144737
863147
107469
455773
804226
680178
285608
273751
919299
779760
340061
662186
21831
827398
654470
301259
575782
185756
932534
744664
607100
935754
163351
708747
929757
653532
744434
591256
13990
558597
786894
923177
35311
630756
382831
269940
378652
331307
267839
786805
254419
742962
745163
337421
343944
841943
720548
573559
593715
412111
643814
764259
114147
478542
865941
874097
426860
528271
272866
908235
419708
570368
773518
565663
97868
592205
508006
572152
889778
274824
325292
634808
815378
801330
597142
29492
780469
748457
26671
484908
260978
62573
323356
947109
591496
902224
415098
641253
590926
924730
208290
873802
255361
474710
359950
464264
715709
189597
324053
104893
65607
690685
747026
301811
307015
382437
930915
38001
101907
545840
206669
265342
862374
467051
5629
979571
158895
384325
762473
76412
31814
475154
602517
311403
838009
170428
122290
795832
927493
827270
927393
943705
503328
632126
823893
944122
14003
812095
219862
288090
639781
437664
709857
335938
930259
465725
829484
246434
131035
598304
911112
867081
662552
4811
209824
74368
950248
64676
871198
584644
590120
539901
411437
721759
869249
935295
287577
22562
432988
374836
698258
533569
76529
359022
151567
449099
549437
117078
310158
197188
760978
560276
411962
642080
822024
560984
201190
995743
776849
949124
404982
102720
908266
48566
39006
511331
301038
121845
234625
69246
223173
37751
164411
198011
62457
608204
355194
42541
644905
730219
814855
534446
991382
633943
216291
715222
70682
329070
615692
510490
219257
982670
923231
223934
784976
717668
358423
234808
779882
291027
310003
69091
864370
285181
934006
504412
532418
259632
252744
868925
347098
603568
787514
312244
595628
134301
658535
412735
146387
79489
192758
273670
198948
809976
849723
800788
669725
997948
750397
470964
704955
939340
539154
426788
829735
387833
921319
726456
496720
132557
287580
519054
725524
55128
922444
856490
424855
24152
893162
275310
207735
116164
196294
418295
724182
524917
603311
798742
96726
672242
820467
405225
954147
998614
256066
581206
302441
560736
288881
146595
851879
639127
315930
220725
148955
355352
439968
824228
979485
954686
429264
909303
590344
108652
717795
358209
527378
31481
229024
485911
884221
587321
803998
789676
114406
670820
581735
237964
472443
392102
192313
397361
731018
90114
657766
367621
46708
820771
343643
274357
988544
39105
21053
614446
948748
458540
520367
197943
949534
184185
271472
543851
827800
319302
849442
818129
361866
350507
292965
700378
409890
128318
257122
215158
357758
945411
260900
938323
231074
228463
328544
7987
26053
199255
721493
209768
911238
163962
263630
236655
297148
646055
599685
972071
120106
161612
216034
141740
151826
56541
496288
269525
969568
426077
921745
191750
472455
587596
785528
161714
686249
71150
507604
534704
4400
794355
357244
701433
571258
120264
302245
562684
191473
755065
252225
658910
879032
79233
382466
865105
918273
369712
273980
389840
755643
797111
708777
36340
778281
327699
481862
556150
402062
2324
567002
177666
221124
142857
650390
567028
975405
886090
865304
611377
644992
526370
266442
131685
787845
116310
586343
584788
517852
330582
684254
249375
150134
520064
715279
639126
861543
130251
439154
182324
59732
187414
510679
771899
217287
908173
114311
849069
546081
434677
391114
75172
646575
113942
782722
907790
843797
122882
372725
342921
421734
490373
602728
674647
467094
277675
678438
358014
229959
54184
78752
237183
475007
328616
382958
599536
836411
959284
694452
995768
919005
919613
144735
548007
219136
473417
845455
188592
735020
451319
311823
786756
495333
176816
597951
898379
523358
326508
129491
943297
308811
733150
567604
992364
762516
14014
129348
885557
996901
931697
830399
896554
199010
360406
441853
71055
658936
451631
929939
507101
842255
586346
145176
846043
141963
1031
236304
433106
810233
672057
685492
489656
833314
443090
975565
159381
452939
919100
46815
181385
394103
33933
213911
728822
826163
318917
543600
476315
626428
35188
783849
417921
613966
56313
443867
709773
843211
492964
120505
851702
605444
865085
364649
751377
903398
223710
431033
864392
306692
573243
468863
155882
649980
921090
393618
694364
571785
195165
871711
936300
475045
280661
401960
291910
173017
62160
504735
52671
106274
565947
394651
312527
860097
230211
259317
202972
587744
714748
219202
758449
487260
970725
970668
824141
693939
923715
971311
759384
737675
13609
563821
817009
325469
807257
494191
754722
794684
320325
733049
662581
355974
371566
678345
627552
31782
831022
538732
296795
558659
136272
348284
173266
633160
109085
476985
991670
770321
807858
73795
536622
838447
824844
998705
218860
283544
698598
478098
98138
110190
524409
107070
373938
327082
344866
895255
864557
585893
944034
165601
447187
484739
691391
945019
770289
422460
45127
280506
101417
537480
420724
700321
571939
495014
431595
303870
140642
230474
951839
156003
137009
544545
620051
20800
364155
892034
960572
288602
322682
808114
981444
698474
221448
332948
342379
406420
206225
595627
588232
897218
879146
481485
695406
231325
263098
824871
476073
677416
655446
345127
690792
612153
101163
911178
106036
427348
67092
107074
618014
214885
699084
695043
276664
